198.0 214.0 34.0 81.0
196.0 214.0 34.0 81.0
196.0 216.0 33.0 79.0
194.0 219.0 32.0 77.0
194.0 222.0 31.0 74.0
191.0 227.0 30.0 71.0
190.0 230.0 29.0 69.0
190.0 234.0 29.0 69.0
190.0 234.0 27.0 66.0
191.0 235.0 27.0 66.0
194.0 238.0 26.0 63.0
196.0 236.0 27.0 66.0
197.0 236.0 28.0 67.0
201.0 233.0 29.0 70.0
205.0 231.0 29.0 69.0
208.0 230.0 29.0 70.0
212.0 231.0 29.0 70.0
202.0 224.0 28.0 67.0
208.0 224.0 27.0 65.0
208.0 222.0 28.0 67.0
214.0 223.0 29.0 69.0
213.0 227.0 30.0 71.0
215.0 228.0 31.0 74.0
220.0 228.0 32.0 77.0
222.0 230.0 32.0 76.0
225.0 234.0 32.0 77.0
227.0 237.0 32.0 77.0
230.0 236.0 33.0 80.0
236.0 238.0 32.0 77.0
241.0 236.0 33.0 79.0
245.0 234.0 34.0 82.0
250.0 232.0 36.0 85.0
255.0 229.0 36.0 87.0
258.0 229.0 36.0 85.0
262.0 228.0 35.0 84.0
269.0 227.0 33.0 80.0
272.0 229.0 33.0 80.0
275.0 230.0 33.0 79.0
280.0 233.0 32.0 77.0
284.0 234.0 32.0 76.0
289.0 237.0 31.0 74.0
291.0 238.0 32.0 77.0
293.0 239.0 32.0 76.0
295.0 240.0 32.0 77.0
295.0 239.0 32.0 76.0
295.0 238.0 31.0 74.0
295.0 237.0 31.0 74.0
293.0 235.0 32.0 76.0
294.0 235.0 32.0 77.0
293.0 235.0 32.0 77.0
292.0 232.0 33.0 80.0
290.0 232.0 34.0 82.0
290.0 230.0 36.0 85.0
280.0 231.0 34.0 82.0
287.0 229.0 35.0 84.0
287.0 223.0 33.0 80.0
288.0 223.0 35.0 84.0
285.0 221.0 36.0 87.0
283.0 225.0 36.0 85.0
282.0 228.0 37.0 89.0
281.0 232.0 36.0 85.0
278.0 230.0 37.0 89.0
273.0 233.0 36.0 85.0
267.0 231.0 36.0 87.0
262.0 234.0 35.0 84.0
259.0 237.0 33.0 80.0
254.0 242.0 32.0 77.0
251.0 245.0 31.0 74.0
242.0 250.0 30.0 71.0
238.0 252.0 29.0 69.0
236.0 249.0 30.0 71.0
233.0 241.0 31.0 74.0
224.0 238.0 32.0 77.0
215.0 237.0 32.0 77.0
207.0 235.0 32.0 76.0
202.0 236.0 31.0 74.0
194.0 238.0 31.0 74.0
187.0 240.0 31.0 74.0
181.0 240.0 32.0 77.0
176.0 244.0 32.0 77.0
169.0 238.0 33.0 80.0
163.0 234.0 35.0 84.0
155.0 229.0 35.0 84.0
149.0 225.0 36.0 85.0
146.0 222.0 35.0 84.0
143.0 223.0 33.0 80.0
140.0 221.0 35.0 84.0
136.0 222.0 36.0 87.0
132.0 221.0 38.0 91.0
130.0 225.0 36.0 87.0
126.0 227.0 38.0 91.0
123.0 224.0 38.0 91.0
121.0 221.0 38.0 91.0
116.0 217.0 36.0 87.0
115.0 215.0 35.0 84.0
115.0 213.0 33.0 80.0
116.0 212.0 33.0 80.0
119.0 212.0 35.0 84.0
118.0 215.0 35.0 84.0
119.0 218.0 33.0 80.0
121.0 219.0 33.0 80.0
123.0 217.0 33.0 80.0
122.0 210.0 35.0 84.0
122.0 206.0 36.0 87.0
124.0 202.0 37.0 89.0
125.0 201.0 36.0 85.0
129.0 200.0 35.0 84.0
132.0 200.0 35.0 84.0
136.0 202.0 35.0 84.0
140.0 206.0 33.0 80.0
142.0 203.0 35.0 84.0
146.0 203.0 35.0 84.0
149.0 200.0 36.0 87.0
152.0 194.0 36.0 87.0
156.0 191.0 35.0 84.0
159.0 190.0 33.0 80.0
164.0 191.0 32.0 77.0
169.0 192.0 31.0 74.0
171.0 192.0 32.0 77.0
174.0 193.0 32.0 77.0
178.0 193.0 33.0 79.0
182.0 191.0 33.0 80.0
185.0 190.0 33.0 80.0
186.0 186.0 34.0 82.0
190.0 185.0 33.0 79.0
192.0 181.0 33.0 80.0
195.0 182.0 32.0 77.0
197.0 182.0 32.0 77.0
200.0 182.0 32.0 77.0
203.0 184.0 32.0 77.0
206.0 185.0 32.0 77.0
210.0 186.0 31.0 74.0
212.0 185.0 30.0 73.0
213.0 181.0 32.0 76.0
215.0 178.0 32.0 77.0
216.0 175.0 32.0 77.0
217.0 171.0 32.0 76.0
219.0 172.0 30.0 73.0
220.0 172.0 30.0 73.0
222.0 172.0 31.0 74.0
222.0 173.0 31.0 74.0
222.0 174.0 30.0 73.0
222.0 171.0 32.0 76.0
224.0 170.0 32.0 76.0
226.0 167.0 33.0 79.0
226.0 163.0 34.0 82.0
228.0 161.0 34.0 82.0
230.0 162.0 33.0 79.0
232.0 164.0 32.0 77.0
234.0 164.0 32.0 76.0
237.0 168.0 31.0 74.0
238.0 168.0 32.0 76.0
241.0 169.0 32.0 77.0
242.0 166.0 33.0 80.0
244.0 164.0 35.0 84.0
245.0 160.0 36.0 87.0
248.0 159.0 35.0 84.0
251.0 159.0 33.0 80.0
253.0 162.0 32.0 77.0
254.0 162.0 32.0 77.0
256.0 161.0 33.0 79.0
257.0 162.0 32.0 76.0
259.0 161.0 32.0 77.0
260.0 160.0 32.0 76.0
262.0 158.0 32.0 77.0
264.0 154.0 33.0 80.0
267.0 155.0 32.0 77.0
271.0 156.0 31.0 74.0
273.0 158.0 30.0 71.0
275.0 157.0 31.0 74.0
277.0 159.0 30.0 73.0
280.0 160.0 31.0 74.0
280.0 159.0 32.0 76.0
282.0 159.0 32.0 77.0
283.0 158.0 32.0 76.0
285.0 158.0 31.0 74.0
284.0 157.0 30.0 73.0
285.0 157.0 29.0 70.0
283.0 157.0 30.0 71.0
282.0 156.0 30.0 73.0
282.0 159.0 29.0 70.0
282.0 159.0 29.0 70.0
283.0 157.0 29.0 70.0
283.0 157.0 30.0 71.0
283.0 154.0 30.0 73.0
283.0 153.0 30.0 73.0
283.0 152.0 30.0 73.0
284.0 152.0 31.0 74.0
284.0 154.0 30.0 71.0
287.0 158.0 29.0 69.0
287.0 160.0 28.0 67.0
289.0 165.0 27.0 65.0
288.0 165.0 28.0 67.0
290.0 167.0 27.0 66.0
290.0 167.0 27.0 66.0
289.0 167.0 27.0 66.0
287.0 166.0 29.0 69.0
285.0 166.0 28.0 67.0
286.0 166.0 29.0 69.0
285.0 164.0 28.0 67.0
287.0 165.0 27.0 65.0
287.0 163.0 27.0 66.0
287.0 163.0 29.0 69.0
288.0 162.0 29.0 70.0
287.0 162.0 30.0 73.0
287.0 160.0 32.0 76.0
288.0 161.0 33.0 79.0
288.0 162.0 33.0 80.0
291.0 164.0 33.0 80.0
289.0 163.0 35.0 84.0
289.0 166.0 33.0 80.0
288.0 167.0 33.0 80.0
287.0 170.0 32.0 77.0
286.0 171.0 32.0 77.0
287.0 172.0 31.0 74.0
285.0 171.0 31.0 74.0
283.0 168.0 32.0 76.0
283.0 168.0 32.0 76.0
283.0 167.0 32.0 76.0
282.0 167.0 33.0 79.0
281.0 171.0 32.0 77.0
280.0 173.0 32.0 76.0
280.0 176.0 32.0 77.0
280.0 176.0 33.0 80.0
279.0 176.0 34.0 82.0
278.0 175.0 36.0 85.0
278.0 177.0 35.0 84.0
276.0 180.0 33.0 80.0
274.0 182.0 33.0 79.0
272.0 183.0 32.0 77.0
271.0 183.0 31.0 74.0
266.0 181.0 32.0 76.0
265.0 182.0 30.0 73.0
263.0 181.0 31.0 74.0
259.0 179.0 32.0 76.0
258.0 179.0 33.0 79.0
256.0 179.0 33.0 80.0
253.0 180.0 34.0 82.0
252.0 186.0 33.0 79.0
250.0 190.0 32.0 77.0
249.0 189.0 33.0 80.0
247.0 191.0 33.0 79.0
243.0 190.0 34.0 82.0
241.0 191.0 34.0 82.0
239.0 191.0 33.0 80.0
237.0 192.0 33.0 79.0
233.0 192.0 34.0 82.0
231.0 191.0 34.0 82.0
228.0 190.0 36.0 85.0
226.0 187.0 36.0 87.0
224.0 184.0 37.0 89.0
222.0 183.0 37.0 89.0
220.0 185.0 36.0 85.0
219.0 183.0 37.0 89.0
218.0 187.0 36.0 85.0
217.0 190.0 34.0 82.0
215.0 191.0 36.0 85.0
213.0 191.0 37.0 89.0
209.0 191.0 38.0 91.0
207.0 193.0 36.0 87.0
204.0 193.0 37.0 89.0
201.0 196.0 36.0 85.0
199.0 195.0 36.0 87.0
198.0 195.0 36.0 87.0
196.0 193.0 38.0 91.0
195.0 192.0 38.0 91.0
195.0 192.0 37.0 89.0
193.0 190.0 38.0 91.0
194.0 189.0 37.0 89.0
192.0 187.0 38.0 91.0
193.0 189.0 36.0 87.0
193.0 189.0 36.0 87.0
192.0 188.0 38.0 91.0
192.0 191.0 37.0 89.0
192.0 193.0 37.0 89.0
192.0 194.0 36.0 87.0
192.0 195.0 36.0 87.0
190.0 192.0 38.0 91.0
190.0 189.0 39.0 93.0
189.0 188.0 39.0 93.0
189.0 186.0 39.0 93.0
189.0 185.0 39.0 93.0
188.0 185.0 39.0 93.0
187.0 187.0 39.0 93.0
187.0 190.0 38.0 91.0
187.0 191.0 38.0 91.0
188.0 192.0 37.0 89.0
188.0 191.0 38.0 91.0
188.0 189.0 39.0 94.0
189.0 187.0 40.0 96.0
189.0 184.0 41.0 98.0
188.0 182.0 42.0 100.0
188.0 182.0 42.0 100.0
189.0 185.0 40.0 96.0
189.0 187.0 40.0 96.0
188.0 188.0 41.0 98.0
187.0 189.0 43.0 102.0
186.0 191.0 41.0 98.0
184.0 192.0 42.0 100.0
183.0 194.0 41.0 98.0
181.0 195.0 41.0 98.0
178.0 194.0 43.0 102.0
176.0 196.0 43.0 102.0
172.0 197.0 42.0 100.0
171.0 201.0 40.0 96.0
169.0 202.0 39.0 94.0
165.0 201.0 41.0 98.0
163.0 201.0 41.0 98.0
162.0 204.0 39.0 94.0
160.0 204.0 40.0 96.0
157.0 204.0 40.0 96.0
155.0 208.0 39.0 93.0
152.0 209.0 39.0 93.0
151.0 214.0 37.0 89.0
149.0 216.0 36.0 87.0
147.0 219.0 35.0 84.0
145.0 213.0 36.0 87.0
143.0 212.0 38.0 91.0
140.0 208.0 39.0 94.0
137.0 207.0 41.0 98.0
134.0 206.0 43.0 102.0
133.0 208.0 41.0 98.0
132.0 209.0 41.0 98.0
129.0 207.0 43.0 102.0
129.0 209.0 41.0 98.0
128.0 209.0 41.0 98.0
128.0 209.0 41.0 98.0
128.0 208.0 42.0 100.0
129.0 206.0 43.0 102.0
129.0 207.0 43.0 102.0
129.0 207.0 43.0 102.0
129.0 208.0 42.0 100.0
131.0 211.0 40.0 96.0
132.0 213.0 39.0 94.0
133.0 214.0 39.0 93.0
134.0 213.0 40.0 96.0
135.0 214.0 39.0 94.0
136.0 214.0 40.0 96.0
137.0 214.0 40.0 96.0
138.0 214.0 40.0 96.0
140.0 215.0 40.0 96.0
141.0 215.0 40.0 96.0
142.0 215.0 40.0 96.0
142.0 214.0 41.0 98.0
143.0 216.0 40.0 96.0
143.0 215.0 41.0 98.0
143.0 215.0 41.0 98.0
144.0 217.0 40.0 96.0
143.0 216.0 41.0 98.0
143.0 216.0 41.0 98.0
143.0 217.0 41.0 98.0
142.0 217.0 41.0 98.0
143.0 219.0 40.0 96.0
142.0 220.0 39.0 94.0
141.0 219.0 39.0 94.0
140.0 218.0 40.0 96.0
140.0 219.0 39.0 94.0
139.0 218.0 39.0 94.0
139.0 219.0 38.0 91.0
138.0 216.0 39.0 94.0
138.0 218.0 39.0 93.0
138.0 216.0 39.0 94.0
138.0 218.0 39.0 93.0
139.0 219.0 38.0 91.0
138.0 218.0 39.0 93.0
139.0 217.0 39.0 94.0
139.0 217.0 39.0 94.0
139.0 218.0 39.0 93.0
140.0 219.0 39.0 93.0
140.0 219.0 39.0 93.0
141.0 220.0 39.0 93.0
142.0 221.0 39.0 93.0
143.0 221.0 39.0 93.0
144.0 220.0 39.0 94.0
145.0 221.0 39.0 94.0
146.0 222.0 39.0 93.0
146.0 222.0 39.0 93.0
147.0 221.0 39.0 94.0
148.0 222.0 39.0 94.0
148.0 223.0 39.0 93.0
149.0 223.0 39.0 93.0
149.0 224.0 39.0 93.0
150.0 225.0 39.0 93.0
151.0 225.0 39.0 93.0
151.0 225.0 39.0 94.0
152.0 225.0 39.0 94.0
152.0 225.0 39.0 94.0
152.0 226.0 39.0 94.0
152.0 227.0 39.0 93.0
152.0 227.0 39.0 94.0
153.0 230.0 38.0 91.0
153.0 230.0 38.0 91.0
154.0 231.0 38.0 91.0
153.0 229.0 39.0 94.0
154.0 232.0 38.0 91.0
154.0 230.0 39.0 94.0
154.0 231.0 39.0 93.0
154.0 233.0 38.0 91.0
154.0 234.0 38.0 91.0
154.0 233.0 38.0 91.0
153.0 232.0 38.0 91.0
153.0 230.0 39.0 93.0
153.0 229.0 39.0 93.0
154.0 230.0 38.0 91.0
155.0 229.0 38.0 91.0
155.0 227.0 39.0 93.0
156.0 227.0 38.0 91.0
156.0 227.0 38.0 91.0
157.0 227.0 38.0 91.0
158.0 228.0 38.0 91.0
159.0 226.0 39.0 93.0
159.0 225.0 40.0 96.0
161.0 225.0 39.0 94.0
161.0 223.0 41.0 98.0
161.0 222.0 42.0 100.0
162.0 223.0 41.0 98.0
164.0 225.0 39.0 94.0
164.0 225.0 40.0 96.0
165.0 225.0 39.0 94.0
165.0 225.0 39.0 94.0
166.0 225.0 39.0 94.0
166.0 226.0 39.0 94.0
167.0 226.0 39.0 94.0
167.0 225.0 40.0 96.0
166.0 226.0 40.0 96.0
168.0 226.0 39.0 94.0
169.0 226.0 39.0 94.0
169.0 227.0 39.0 94.0
171.0 227.0 39.0 94.0
172.0 228.0 39.0 93.0
173.0 229.0 39.0 93.0
174.0 229.0 39.0 93.0
176.0 231.0 38.0 91.0
178.0 230.0 38.0 91.0
180.0 231.0 38.0 91.0
182.0 230.0 38.0 91.0
185.0 230.0 38.0 91.0
187.0 231.0 37.0 89.0
189.0 231.0 37.0 89.0
190.0 230.0 38.0 91.0
192.0 230.0 37.0 89.0
194.0 232.0 36.0 85.0
197.0 232.0 35.0 84.0
198.0 232.0 36.0 85.0
199.0 231.0 37.0 89.0
201.0 232.0 36.0 85.0
203.0 230.0 37.0 89.0
204.0 228.0 38.0 91.0
206.0 226.0 39.0 93.0
208.0 226.0 38.0 91.0
210.0 222.0 39.0 94.0
212.0 222.0 39.0 94.0
214.0 223.0 39.0 93.0
216.0 222.0 39.0 94.0
218.0 224.0 39.0 93.0
223.0 228.0 37.0 89.0
225.0 231.0 36.0 87.0
228.0 234.0 35.0 84.0
231.0 236.0 35.0 84.0
236.0 238.0 33.0 80.0
241.0 237.0 34.0 82.0
246.0 237.0 34.0 82.0
253.0 235.0 36.0 85.0
259.0 231.0 37.0 89.0
265.0 231.0 36.0 87.0
271.0 230.0 37.0 89.0
277.0 231.0 37.0 89.0
281.0 230.0 38.0 91.0
287.0 232.0 36.0 87.0
293.0 231.0 36.0 87.0
300.0 229.0 36.0 87.0
306.0 228.0 36.0 87.0
312.0 228.0 36.0 87.0
319.0 229.0 35.0 84.0
325.0 230.0 34.0 82.0
331.0 231.0 36.0 85.0
337.0 229.0 37.0 89.0
342.0 231.0 36.0 87.0
349.0 232.0 35.0 84.0
355.0 233.0 33.0 80.0
364.0 231.0 35.0 84.0
380.0 229.0 35.0 84.0
388.0 227.0 36.0 87.0
392.0 227.0 37.0 89.0
400.0 231.0 36.0 85.0
405.0 233.0 34.0 82.0
414.0 234.0 33.0 80.0
417.0 235.0 33.0 79.0
419.0 235.0 33.0 79.0
423.0 235.0 32.0 77.0
425.0 235.0 31.0 74.0
424.0 231.0 32.0 77.0
423.0 226.0 33.0 80.0
421.0 221.0 34.0 82.0
420.0 219.0 33.0 80.0
417.0 216.0 33.0 79.0
414.0 212.0 33.0 80.0
411.0 211.0 33.0 79.0
407.0 208.0 34.0 82.0
405.0 206.0 34.0 82.0
403.0 205.0 33.0 80.0
399.0 203.0 33.0 80.0
395.0 200.0 33.0 80.0
391.0 197.0 33.0 80.0
387.0 193.0 35.0 84.0
384.0 191.0 35.0 84.0
381.0 192.0 33.0 80.0
378.0 191.0 33.0 80.0
375.0 191.0 33.0 80.0
371.0 191.0 34.0 82.0
370.0 192.0 33.0 80.0
369.0 192.0 33.0 80.0
367.0 192.0 33.0 80.0
365.0 191.0 35.0 84.0
364.0 191.0 33.0 80.0
362.0 191.0 33.0 80.0
362.0 190.0 33.0 80.0
360.0 187.0 35.0 84.0
359.0 185.0 35.0 84.0
358.0 183.0 35.0 84.0
356.0 183.0 33.0 80.0
355.0 183.0 33.0 79.0
353.0 182.0 33.0 79.0
352.0 181.0 33.0 80.0
350.0 180.0 34.0 82.0
350.0 182.0 33.0 79.0
350.0 182.0 33.0 79.0
349.0 185.0 32.0 77.0
348.0 184.0 33.0 79.0
348.0 185.0 32.0 77.0
348.0 184.0 33.0 79.0
347.0 185.0 32.0 77.0
346.0 184.0 32.0 77.0
345.0 184.0 32.0 77.0
344.0 183.0 32.0 77.0
342.0 182.0 32.0 76.0
341.0 182.0 32.0 77.0
340.0 182.0 32.0 77.0
339.0 182.0 32.0 77.0
338.0 183.0 32.0 77.0
337.0 183.0 32.0 77.0
335.0 183.0 32.0 76.0
335.0 184.0 32.0 77.0
334.0 185.0 32.0 76.0
333.0 187.0 32.0 77.0
333.0 189.0 31.0 74.0
332.0 189.0 30.0 73.0
332.0 190.0 29.0 70.0
335.0 194.0 29.0 69.0
333.0 196.0 28.0 67.0
333.0 195.0 29.0 69.0
332.0 196.0 29.0 69.0
329.0 193.0 29.0 70.0
326.0 190.0 30.0 73.0
324.0 186.0 32.0 76.0
323.0 183.0 33.0 79.0
322.0 182.0 32.0 77.0
322.0 183.0 31.0 74.0
319.0 181.0 32.0 76.0
318.0 182.0 32.0 77.0
317.0 181.0 33.0 80.0
317.0 182.0 33.0 80.0
317.0 184.0 33.0 80.0
316.0 184.0 34.0 82.0
316.0 185.0 33.0 80.0
313.0 183.0 34.0 82.0
312.0 185.0 33.0 80.0
309.0 185.0 33.0 80.0
308.0 188.0 32.0 77.0
305.0 185.0 33.0 79.0
302.0 183.0 34.0 82.0
302.0 184.0 35.0 84.0
300.0 183.0 36.0 85.0
299.0 182.0 36.0 85.0
300.0 180.0 35.0 84.0
300.0 179.0 35.0 84.0
299.0 178.0 35.0 84.0
299.0 176.0 35.0 84.0
298.0 177.0 34.0 82.0
299.0 180.0 33.0 79.0
300.0 179.0 33.0 80.0
301.0 180.0 33.0 80.0
301.0 180.0 34.0 82.0
301.0 180.0 34.0 82.0
302.0 182.0 33.0 79.0
302.0 183.0 32.0 77.0
301.0 181.0 33.0 79.0
299.0 179.0 33.0 80.0
297.0 176.0 35.0 84.0
297.0 176.0 33.0 80.0
296.0 172.0 34.0 82.0
297.0 171.0 33.0 80.0
297.0 167.0 35.0 84.0
298.0 167.0 34.0 82.0
299.0 168.0 33.0 80.0
300.0 170.0 32.0 77.0
301.0 171.0 32.0 76.0
301.0 171.0 33.0 79.0
301.0 170.0 34.0 82.0
303.0 173.0 33.0 79.0
304.0 175.0 32.0 77.0
305.0 172.0 33.0 79.0
307.0 169.0 34.0 82.0
309.0 167.0 36.0 85.0
312.0 165.0 34.0 82.0
315.0 164.0 33.0 80.0
318.0 165.0 33.0 79.0
320.0 165.0 32.0 76.0
324.0 167.0 31.0 74.0
326.0 170.0 30.0 71.0
328.0 169.0 31.0 74.0
329.0 168.0 32.0 76.0
331.0 167.0 33.0 79.0
333.0 166.0 32.0 76.0
334.0 164.0 33.0 79.0
336.0 164.0 32.0 76.0
338.0 164.0 32.0 77.0
341.0 164.0 31.0 74.0
340.0 162.0 32.0 76.0
342.0 163.0 31.0 74.0
342.0 162.0 31.0 74.0
339.0 158.0 32.0 77.0
339.0 156.0 31.0 74.0
337.0 153.0 32.0 77.0
335.0 148.0 33.0 80.0
334.0 145.0 33.0 80.0
333.0 144.0 33.0 80.0
333.0 146.0 32.0 77.0
333.0 146.0 32.0 76.0
334.0 147.0 32.0 76.0
334.0 149.0 32.0 76.0
335.0 151.0 32.0 77.0
333.0 152.0 33.0 79.0
332.0 157.0 32.0 77.0
331.0 162.0 32.0 77.0
331.0 164.0 33.0 79.0
332.0 168.0 32.0 77.0
329.0 167.0 33.0 80.0
331.0 167.0 33.0 80.0
334.0 168.0 33.0 80.0
337.0 170.0 32.0 77.0
338.0 170.0 32.0 77.0
340.0 171.0 31.0 74.0
340.0 171.0 30.0 73.0
340.0 169.0 32.0 76.0
342.0 172.0 31.0 74.0
341.0 171.0 32.0 76.0
342.0 175.0 31.0 74.0
341.0 176.0 32.0 77.0
342.0 180.0 31.0 74.0
341.0 181.0 30.0 73.0
343.0 184.0 29.0 70.0
344.0 188.0 28.0 67.0
345.0 190.0 28.0 67.0
347.0 193.0 28.0 67.0
349.0 196.0 27.0 66.0
350.0 201.0 26.0 63.0
351.0 204.0 26.0 63.0
351.0 204.0 27.0 66.0
350.0 208.0 29.0 69.0
350.0 213.0 29.0 69.0
347.0 216.0 29.0 69.0
350.0 218.0 27.0 66.0
351.0 219.0 29.0 69.0
350.0 220.0 30.0 71.0
349.0 219.0 31.0 74.0
350.0 220.0 32.0 76.0
350.0 220.0 33.0 79.0
350.0 219.0 34.0 82.0
351.0 221.0 33.0 80.0
352.0 222.0 33.0 80.0
351.0 224.0 33.0 80.0
350.0 225.0 33.0 79.0
349.0 227.0 32.0 76.0
351.0 225.0 32.0 77.0
352.0 223.0 32.0 76.0
355.0 223.0 30.0 73.0
354.0 224.0 30.0 71.0
355.0 222.0 30.0 71.0
356.0 221.0 30.0 71.0
357.0 220.0 30.0 73.0
358.0 221.0 30.0 71.0
357.0 219.0 31.0 74.0
357.0 221.0 30.0 71.0
358.0 220.0 29.0 70.0
356.0 219.0 30.0 73.0
356.0 218.0 30.0 73.0
354.0 216.0 32.0 76.0
355.0 217.0 31.0 74.0
355.0 217.0 30.0 73.0
355.0 216.0 30.0 73.0
355.0 215.0 30.0 71.0
355.0 214.0 29.0 70.0
354.0 216.0 28.0 67.0
353.0 213.0 29.0 70.0
352.0 214.0 30.0 71.0
351.0 212.0 30.0 73.0
352.0 213.0 29.0 70.0
351.0 212.0 30.0 73.0
351.0 211.0 32.0 76.0
353.0 212.0 31.0 74.0
352.0 212.0 31.0 74.0
350.0 211.0 32.0 77.0
348.0 209.0 33.0 79.0
348.0 209.0 32.0 76.0
348.0 209.0 32.0 76.0
348.0 211.0 30.0 73.0
349.0 212.0 30.0 71.0
351.0 214.0 29.0 69.0
351.0 215.0 29.0 69.0
350.0 217.0 28.0 67.0
352.0 220.0 27.0 65.0
352.0 223.0 26.0 63.0
351.0 223.0 26.0 63.0
350.0 223.0 25.0 61.0
348.0 221.0 26.0 63.0
345.0 216.0 27.0 66.0
343.0 214.0 29.0 69.0
340.0 213.0 28.0 67.0
338.0 211.0 29.0 69.0
336.0 208.0 29.0 70.0
334.0 206.0 29.0 70.0
330.0 203.0 30.0 73.0
328.0 200.0 31.0 74.0
324.0 196.0 32.0 76.0
