400.0 48.0 87.0 319.0
394.0 49.0 87.0 319.0
378.0 51.0 88.0 325.0
347.0 62.0 85.0 312.0
307.0 69.0 85.0 312.0
264.0 71.0 87.0 319.0
227.0 79.0 83.0 306.0
196.0 90.0 85.0 312.0
175.0 103.0 85.0 312.0
169.0 117.0 85.0 312.0
170.0 125.0 86.0 318.0
175.0 129.0 86.0 318.0
185.0 129.0 88.0 325.0
210.0 127.0 88.0 325.0
243.0 116.0 92.0 338.0
279.0 111.0 88.0 325.0
302.0 102.0 90.0 331.0
323.0 96.0 90.0 331.0
350.0 96.0 86.0 318.0
373.0 93.0 86.0 318.0
390.0 90.0 88.0 325.0
398.0 87.0 90.0 331.0
401.0 84.0 92.0 338.0
400.0 81.0 92.0 338.0
394.0 78.0 94.0 345.0
390.0 76.0 94.0 345.0
388.0 74.0 96.0 352.0
386.0 76.0 96.0 352.0
382.0 86.0 94.0 345.0
376.0 93.0 96.0 352.0
372.0 101.0 97.0 359.0
371.0 114.0 94.0 345.0
361.0 112.0 96.0 352.0
357.0 99.0 97.0 359.0
378.0 98.0 96.0 352.0
408.0 98.0 99.0 366.0
438.0 95.0 103.0 381.0
497.0 104.0 99.0 366.0
530.0 97.0 103.0 381.0
523.0 104.0 101.0 373.0
500.0 115.0 99.0 366.0
468.0 115.0 97.0 359.0
437.0 103.0 99.0 366.0
420.0 99.0 97.0 359.0
407.0 105.0 94.0 345.0
395.0 122.0 97.0 359.0
381.0 132.0 97.0 359.0
371.0 132.0 99.0 366.0
372.0 131.0 99.0 366.0
383.0 131.0 97.0 359.0
401.0 126.0 97.0 359.0
442.0 111.0 101.0 373.0
474.0 105.0 103.0 381.0
484.0 114.0 101.0 373.0
481.0 100.0 103.0 381.0
482.0 79.0 99.0 366.0
484.0 54.0 96.0 352.0
451.0 43.0 99.0 366.0
414.0 43.0 96.0 352.0
393.0 41.0 94.0 345.0
381.0 55.0 94.0 345.0
379.0 67.0 94.0 345.0
364.0 71.0 94.0 345.0
349.0 81.0 90.0 331.0
345.0 82.0 92.0 338.0
340.0 81.0 90.0 331.0
307.0 77.0 92.0 338.0
269.0 75.0 88.0 325.0
241.0 64.0 90.0 331.0
253.0 63.0 88.0 325.0
280.0 48.0 86.0 318.0
292.0 42.0 88.0 325.0
282.0 48.0 88.0 325.0
279.0 54.0 88.0 325.0
293.0 61.0 86.0 318.0
294.0 66.0 86.0 318.0
277.0 72.0 86.0 318.0
259.0 78.0 85.0 312.0
259.0 82.0 83.0 306.0
270.0 87.0 81.0 300.0
273.0 87.0 81.0 300.0
273.0 83.0 81.0 300.0
270.0 75.0 81.0 300.0
263.0 65.0 81.0 300.0
244.0 68.0 81.0 300.0
225.0 73.0 81.0 300.0
223.0 68.0 83.0 306.0
219.0 57.0 85.0 312.0
204.0 55.0 85.0 312.0
218.0 71.0 81.0 300.0
252.0 88.0 78.0 288.0
290.0 99.0 78.0 288.0
294.0 109.0 77.0 283.0
271.0 114.0 75.0 277.0
239.0 121.0 77.0 283.0
218.0 125.0 78.0 288.0
212.0 134.0 78.0 288.0
212.0 148.0 77.0 283.0
229.0 154.0 77.0 283.0
271.0 149.0 75.0 277.0
299.0 132.0 77.0 283.0
318.0 122.0 77.0 283.0
334.0 105.0 75.0 277.0
330.0 73.0 78.0 288.0
306.0 60.0 75.0 277.0
263.0 43.0 77.0 283.0
215.0 39.0 75.0 277.0
171.0 41.0 77.0 283.0
164.0 52.0 74.0 272.0
192.0 59.0 75.0 277.0
237.0 68.0 74.0 272.0
259.0 76.0 72.0 266.0
262.0 82.0 74.0 272.0
272.0 83.0 72.0 266.0
278.0 84.0 72.0 266.0
257.0 90.0 74.0 272.0
230.0 95.0 74.0 272.0
237.0 102.0 75.0 277.0
284.0 111.0 72.0 266.0
318.0 110.0 75.0 277.0
313.0 110.0 75.0 277.0
317.0 116.0 72.0 266.0
334.0 113.0 72.0 266.0
331.0 107.0 75.0 277.0
302.0 108.0 74.0 272.0
279.0 111.0 72.0 266.0
306.0 115.0 71.0 261.0
332.0 117.0 74.0 272.0
329.0 122.0 74.0 272.0
310.0 126.0 72.0 266.0
302.0 127.0 72.0 266.0
281.0 129.0 72.0 266.0
248.0 137.0 71.0 261.0
214.0 140.0 74.0 272.0
192.0 143.0 72.0 266.0
175.0 143.0 72.0 266.0
180.0 139.0 74.0 272.0
210.0 134.0 72.0 266.0
246.0 131.0 72.0 266.0
276.0 131.0 71.0 261.0
305.0 126.0 71.0 261.0
332.0 117.0 72.0 266.0
341.0 103.0 74.0 272.0
331.0 96.0 72.0 266.0
299.0 88.0 72.0 266.0
257.0 81.0 71.0 261.0
207.0 73.0 72.0 266.0
173.0 74.0 72.0 266.0
157.0 81.0 72.0 266.0
164.0 89.0 71.0 261.0
183.0 94.0 72.0 266.0
204.0 103.0 72.0 266.0
228.0 108.0 71.0 261.0
255.0 111.0 69.0 256.0
266.0 112.0 71.0 261.0
265.0 112.0 71.0 261.0
259.0 112.0 71.0 261.0
261.0 115.0 69.0 256.0
284.0 115.0 69.0 256.0
324.0 109.0 69.0 256.0
352.0 100.0 71.0 261.0
364.0 93.0 71.0 261.0
372.0 91.0 69.0 256.0
360.0 86.0 71.0 261.0
334.0 83.0 71.0 261.0
300.0 82.0 69.0 256.0
254.0 81.0 69.0 256.0
211.0 83.0 72.0 266.0
208.0 90.0 72.0 266.0
225.0 99.0 71.0 261.0
222.0 107.0 71.0 261.0
219.0 113.0 72.0 266.0
225.0 119.0 71.0 261.0
219.0 121.0 69.0 256.0
193.0 118.0 71.0 261.0
158.0 114.0 72.0 266.0
156.0 114.0 72.0 266.0
174.0 123.0 69.0 256.0
201.0 117.0 72.0 266.0
230.0 113.0 69.0 256.0
244.0 116.0 68.0 251.0
252.0 117.0 69.0 256.0
267.0 116.0 69.0 256.0
274.0 113.0 69.0 256.0
259.0 117.0 67.0 246.0
235.0 121.0 67.0 246.0
226.0 129.0 67.0 246.0
225.0 140.0 68.0 251.0
264.0 149.0 65.0 241.0
303.0 148.0 65.0 241.0
315.0 147.0 65.0 241.0
326.0 136.0 67.0 246.0
341.0 128.0 67.0 246.0
325.0 124.0 65.0 241.0
272.0 112.0 63.0 232.0
221.0 106.0 63.0 232.0
203.0 109.0 64.0 237.0
194.0 124.0 64.0 237.0
206.0 138.0 64.0 237.0
247.0 144.0 65.0 241.0
290.0 144.0 65.0 241.0
309.0 148.0 64.0 237.0
329.0 152.0 63.0 232.0
363.0 155.0 64.0 237.0
373.0 158.0 65.0 241.0
362.0 163.0 63.0 232.0
340.0 162.0 64.0 237.0
312.0 159.0 64.0 237.0
281.0 151.0 65.0 241.0
257.0 145.0 64.0 237.0
255.0 140.0 64.0 237.0
290.0 134.0 62.0 227.0
338.0 122.0 63.0 232.0
374.0 122.0 63.0 232.0
409.0 128.0 63.0 232.0
450.0 132.0 64.0 237.0
484.0 135.0 65.0 241.0
490.0 130.0 68.0 251.0
482.0 125.0 67.0 246.0
460.0 119.0 67.0 246.0
419.0 115.0 64.0 237.0
373.0 116.0 64.0 237.0
322.0 122.0 63.0 232.0
280.0 125.0 64.0 237.0
258.0 128.0 62.0 227.0
239.0 133.0 63.0 232.0
236.0 142.0 65.0 241.0
256.0 148.0 65.0 241.0
288.0 146.0 67.0 246.0
313.0 140.0 68.0 251.0
317.0 139.0 67.0 246.0
294.0 134.0 68.0 251.0
265.0 127.0 68.0 251.0
220.0 124.0 68.0 251.0
162.0 120.0 69.0 256.0
119.0 115.0 72.0 266.0
101.0 112.0 72.0 266.0
99.0 109.0 74.0 272.0
113.0 113.0 71.0 261.0
146.0 114.0 71.0 261.0
177.0 116.0 71.0 261.0
201.0 116.0 71.0 261.0
233.0 111.0 72.0 266.0
264.0 111.0 71.0 261.0
282.0 105.0 72.0 266.0
294.0 105.0 71.0 261.0
297.0 101.0 71.0 261.0
285.0 92.0 72.0 266.0
255.0 89.0 71.0 261.0
223.0 85.0 72.0 266.0
196.0 85.0 72.0 266.0
163.0 88.0 74.0 272.0
149.0 94.0 74.0 272.0
159.0 100.0 75.0 277.0
191.0 111.0 72.0 266.0
228.0 120.0 69.0 256.0
254.0 128.0 71.0 261.0
270.0 133.0 74.0 272.0
275.0 135.0 74.0 272.0
278.0 135.0 72.0 266.0
266.0 133.0 74.0 272.0
238.0 129.0 72.0 266.0
222.0 128.0 74.0 272.0
232.0 131.0 71.0 261.0
264.0 124.0 71.0 261.0
272.0 116.0 72.0 266.0
252.0 117.0 72.0 266.0
234.0 116.0 74.0 272.0
235.0 116.0 72.0 266.0
224.0 117.0 72.0 266.0
182.0 123.0 71.0 261.0
129.0 125.0 74.0 272.0
108.0 126.0 75.0 277.0
98.0 133.0 74.0 272.0
76.0 138.0 77.0 283.0
81.0 138.0 77.0 283.0
106.0 127.0 80.0 294.0
142.0 120.0 77.0 283.0
175.0 118.0 75.0 277.0
190.0 110.0 77.0 283.0
206.0 99.0 77.0 283.0
210.0 86.0 78.0 288.0
196.0 85.0 77.0 283.0
162.0 84.0 77.0 283.0
136.0 85.0 77.0 283.0
139.0 91.0 77.0 283.0
157.0 100.0 75.0 277.0
200.0 101.0 75.0 277.0
242.0 101.0 75.0 277.0
252.0 103.0 78.0 288.0
261.0 112.0 75.0 277.0
286.0 113.0 77.0 283.0
285.0 110.0 78.0 288.0
258.0 115.0 75.0 277.0
268.0 119.0 77.0 283.0
308.0 117.0 78.0 288.0
333.0 111.0 80.0 294.0
338.0 106.0 81.0 300.0
345.0 100.0 80.0 294.0
343.0 89.0 78.0 288.0
297.0 85.0 77.0 283.0
223.0 86.0 77.0 283.0
176.0 92.0 75.0 277.0
156.0 100.0 75.0 277.0
131.0 111.0 78.0 288.0
105.0 122.0 78.0 288.0
97.0 132.0 78.0 288.0
100.0 139.0 78.0 288.0
121.0 145.0 77.0 283.0
163.0 146.0 77.0 283.0
195.0 145.0 74.0 272.0
221.0 139.0 74.0 272.0
248.0 139.0 74.0 272.0
265.0 129.0 77.0 283.0
264.0 117.0 77.0 283.0
248.0 110.0 75.0 277.0
220.0 104.0 77.0 283.0
199.0 106.0 74.0 272.0
192.0 106.0 77.0 283.0
200.0 110.0 77.0 283.0
229.0 116.0 74.0 272.0
260.0 123.0 74.0 272.0
287.0 127.0 74.0 272.0
311.0 131.0 74.0 272.0
318.0 131.0 74.0 272.0
317.0 129.0 74.0 272.0
316.0 120.0 74.0 272.0
312.0 112.0 74.0 272.0
307.0 112.0 72.0 266.0
314.0 111.0 72.0 266.0
350.0 103.0 69.0 256.0
368.0 98.0 71.0 261.0
350.0 99.0 72.0 266.0
341.0 98.0 72.0 266.0
