269.0 75.0 34.0 64.0
267.0 74.0 34.0 64.0
264.0 71.0 34.0 64.0
260.0 71.0 33.0 62.0
254.0 67.0 34.0 65.0
249.0 62.0 35.0 66.0
240.0 62.0 34.0 65.0
252.0 65.0 34.0 64.0
251.0 65.0 34.0 64.0
245.0 59.0 35.0 66.0
259.0 66.0 33.0 63.0
258.0 65.0 32.0 61.0
258.0 63.0 32.0 60.0
257.0 65.0 31.0 59.0
253.0 65.0 32.0 61.0
250.0 64.0 33.0 63.0
244.0 64.0 33.0 63.0
238.0 66.0 32.0 61.0
230.0 64.0 32.0 61.0
229.0 66.0 31.0 59.0
227.0 64.0 32.0 61.0
229.0 67.0 32.0 61.0
231.0 69.0 32.0 61.0
238.0 72.0 33.0 62.0
238.0 71.0 32.0 60.0
239.0 75.0 30.0 57.0
239.0 76.0 29.0 55.0
240.0 75.0 29.0 54.0
243.0 76.0 27.0 52.0
243.0 75.0 29.0 54.0
243.0 72.0 29.0 54.0
237.0 67.0 30.0 56.0
233.0 66.0 30.0 56.0
229.0 63.0 31.0 59.0
225.0 61.0 32.0 61.0
223.0 64.0 31.0 59.0
221.0 68.0 31.0 59.0
223.0 71.0 30.0 56.0
223.0 74.0 29.0 54.0
224.0 74.0 29.0 54.0
224.0 75.0 29.0 55.0
225.0 74.0 30.0 57.0
226.0 76.0 30.0 57.0
226.0 78.0 29.0 55.0
225.0 79.0 30.0 57.0
223.0 80.0 31.0 59.0
221.0 79.0 31.0 59.0
222.0 75.0 32.0 60.0
225.0 76.0 33.0 62.0
227.0 80.0 33.0 62.0
234.0 84.0 32.0 60.0
238.0 88.0 30.0 57.0
238.0 88.0 30.0 56.0
235.0 88.0 30.0 56.0
232.0 88.0 31.0 59.0
226.0 88.0 31.0 59.0
220.0 86.0 32.0 60.0
216.0 85.0 31.0 59.0
208.0 82.0 32.0 61.0
205.0 78.0 32.0 61.0
205.0 72.0 33.0 63.0
206.0 69.0 35.0 66.0
209.0 75.0 34.0 65.0
212.0 75.0 33.0 63.0
219.0 75.0 33.0 63.0
223.0 83.0 32.0 61.0
227.0 84.0 31.0 59.0
226.0 82.0 32.0 60.0
227.0 81.0 33.0 62.0
226.0 83.0 33.0 62.0
224.0 84.0 32.0 61.0
220.0 82.0 33.0 62.0
219.0 83.0 33.0 62.0
218.0 79.0 34.0 65.0
219.0 77.0 35.0 66.0
221.0 77.0 36.0 69.0
226.0 82.0 35.0 66.0
236.0 88.0 33.0 63.0
241.0 91.0 33.0 63.0
243.0 91.0 34.0 65.0
247.0 93.0 33.0 62.0
246.0 93.0 34.0 65.0
246.0 94.0 34.0 65.0
244.0 93.0 34.0 65.0
242.0 92.0 36.0 67.0
236.0 88.0 36.0 69.0
232.0 86.0 36.0 69.0
230.0 84.0 37.0 70.0
228.0 85.0 36.0 67.0
226.0 85.0 36.0 67.0
227.0 83.0 34.0 65.0
230.0 85.0 33.0 63.0
232.0 86.0 33.0 62.0
233.0 86.0 32.0 61.0
236.0 86.0 33.0 62.0
238.0 87.0 34.0 65.0
238.0 85.0 35.0 66.0
241.0 85.0 35.0 66.0
238.0 84.0 36.0 67.0
238.0 79.0 37.0 70.0
240.0 79.0 39.0 73.0
244.0 80.0 39.0 74.0
248.0 82.0 39.0 74.0
250.0 81.0 38.0 72.0
253.0 84.0 36.0 69.0
247.0 83.0 35.0 66.0
239.0 82.0 34.0 65.0
229.0 79.0 36.0 67.0
219.0 78.0 36.0 67.0
212.0 74.0 35.0 66.0
207.0 72.0 33.0 63.0
202.0 68.0 35.0 66.0
200.0 65.0 35.0 66.0
204.0 67.0 34.0 65.0
208.0 67.0 35.0 66.0
210.0 68.0 35.0 66.0
216.0 70.0 35.0 66.0
222.0 72.0 34.0 65.0
233.0 79.0 33.0 62.0
238.0 81.0 32.0 61.0
244.0 83.0 31.0 59.0
249.0 84.0 31.0 59.0
254.0 82.0 31.0 59.0
259.0 84.0 30.0 57.0
263.0 84.0 30.0 57.0
266.0 82.0 31.0 59.0
269.0 79.0 32.0 60.0
275.0 80.0 32.0 61.0
280.0 82.0 32.0 60.0
284.0 85.0 32.0 60.0
291.0 88.0 30.0 57.0
299.0 93.0 29.0 55.0
305.0 96.0 28.0 53.0
308.0 95.0 29.0 55.0
308.0 94.0 30.0 56.0
308.0 95.0 30.0 57.0
308.0 96.0 29.0 55.0
305.0 94.0 30.0 57.0
301.0 91.0 32.0 60.0
297.0 90.0 32.0 61.0
294.0 91.0 31.0 59.0
289.0 90.0 32.0 60.0
287.0 92.0 30.0 57.0
287.0 92.0 29.0 55.0
286.0 92.0 28.0 53.0
285.0 90.0 27.0 51.0
283.0 88.0 26.0 50.0
280.0 86.0 27.0 52.0
277.0 85.0 27.0 52.0
276.0 86.0 27.0 52.0
274.0 86.0 27.0 52.0
275.0 85.0 27.0 52.0
278.0 87.0 26.0 50.0
280.0 86.0 27.0 52.0
282.0 87.0 26.0 50.0
286.0 89.0 26.0 49.0
289.0 88.0 27.0 51.0
295.0 90.0 28.0 53.0
298.0 91.0 27.0 51.0
300.0 92.0 26.0 49.0
302.0 91.0 27.0 51.0
301.0 89.0 27.0 51.0
300.0 90.0 26.0 50.0
300.0 89.0 26.0 50.0
300.0 89.0 25.0 48.0
301.0 89.0 26.0 50.0
301.0 90.0 25.0 48.0
301.0 89.0 25.0 48.0
300.0 90.0 26.0 49.0
302.0 92.0 25.0 47.0
305.0 93.0 24.0 45.0
308.0 96.0 23.0 43.0
308.0 95.0 24.0 45.0
310.0 95.0 23.0 43.0
311.0 94.0 24.0 45.0
311.0 90.0 25.0 47.0
310.0 90.0 26.0 49.0
311.0 89.0 26.0 49.0
313.0 88.0 26.0 49.0
316.0 87.0 25.0 48.0
317.0 87.0 26.0 49.0
318.0 86.0 26.0 49.0
322.0 88.0 25.0 47.0
326.0 89.0 24.0 45.0
331.0 92.0 24.0 45.0
335.0 92.0 23.0 44.0
333.0 92.0 24.0 45.0
333.0 92.0 24.0 45.0
334.0 88.0 23.0 44.0
332.0 90.0 24.0 45.0
333.0 90.0 24.0 46.0
334.0 89.0 25.0 48.0
337.0 89.0 25.0 48.0
335.0 88.0 26.0 50.0
336.0 88.0 26.0 49.0
337.0 88.0 26.0 49.0
341.0 89.0 25.0 48.0
345.0 89.0 24.0 46.0
352.0 94.0 25.0 48.0
354.0 95.0 26.0 50.0
357.0 97.0 25.0 48.0
358.0 99.0 26.0 50.0
358.0 99.0 25.0 48.0
355.0 101.0 26.0 49.0
352.0 101.0 25.0 48.0
348.0 101.0 25.0 48.0
346.0 102.0 25.0 47.0
340.0 100.0 25.0 48.0
333.0 100.0 26.0 50.0
331.0 101.0 25.0 48.0
331.0 103.0 24.0 46.0
332.0 103.0 25.0 48.0
332.0 105.0 24.0 46.0
333.0 106.0 23.0 44.0
332.0 107.0 24.0 45.0
333.0 103.0 23.0 44.0
333.0 106.0 23.0 44.0
334.0 106.0 23.0 44.0
334.0 105.0 24.0 46.0
338.0 105.0 25.0 48.0
340.0 106.0 25.0 47.0
341.0 106.0 24.0 46.0
342.0 106.0 24.0 46.0
344.0 107.0 24.0 46.0
348.0 109.0 23.0 44.0
351.0 111.0 23.0 43.0
353.0 112.0 22.0 42.0
353.0 112.0 22.0 43.0
354.0 111.0 22.0 43.0
354.0 109.0 22.0 42.0
353.0 110.0 22.0 42.0
352.0 110.0 22.0 43.0
350.0 110.0 23.0 43.0
350.0 110.0 22.0 43.0
349.0 110.0 22.0 43.0
350.0 110.0 21.0 41.0
350.0 110.0 21.0 41.0
353.0 112.0 21.0 39.0
356.0 112.0 20.0 38.0
361.0 115.0 19.0 36.0
363.0 115.0 19.0 36.0
364.0 115.0 19.0 36.0
365.0 114.0 20.0 38.0
368.0 114.0 19.0 36.0
369.0 115.0 18.0 35.0
372.0 116.0 19.0 36.0
375.0 115.0 19.0 37.0
374.0 114.0 20.0 39.0
372.0 114.0 20.0 39.0
370.0 114.0 19.0 37.0
368.0 113.0 20.0 39.0
368.0 113.0 20.0 38.0
371.0 113.0 19.0 37.0
371.0 114.0 20.0 39.0
371.0 114.0 20.0 39.0
370.0 114.0 20.0 39.0
371.0 111.0 19.0 37.0
369.0 112.0 19.0 36.0
366.0 112.0 18.0 34.0
364.0 112.0 19.0 36.0
360.0 111.0 18.0 35.0
360.0 109.0 19.0 36.0
357.0 108.0 19.0 37.0
353.0 107.0 20.0 39.0
350.0 106.0 20.0 39.0
349.0 106.0 21.0 40.0
348.0 105.0 22.0 42.0
349.0 106.0 22.0 42.0
349.0 107.0 21.0 40.0
348.0 107.0 22.0 42.0
349.0 108.0 23.0 43.0
350.0 109.0 23.0 44.0
347.0 108.0 22.0 43.0
349.0 110.0 23.0 44.0
351.0 112.0 23.0 43.0
354.0 112.0 23.0 43.0
357.0 113.0 23.0 43.0
359.0 113.0 22.0 43.0
360.0 114.0 21.0 41.0
360.0 114.0 21.0 41.0
360.0 116.0 21.0 39.0
359.0 116.0 21.0 39.0
360.0 115.0 21.0 41.0
361.0 115.0 21.0 40.0
363.0 115.0 21.0 41.0
363.0 114.0 22.0 43.0
364.0 114.0 21.0 41.0
366.0 114.0 22.0 42.0
370.0 116.0 21.0 40.0
376.0 118.0 20.0 39.0
383.0 117.0 19.0 37.0
387.0 114.0 20.0 38.0
395.0 114.0 20.0 39.0
