336.0 165.0 26.0 61.0
338.0 165.0 25.0 59.0
337.0 164.0 25.0 59.0
337.0 165.0 24.0 57.0
339.0 166.0 23.0 55.0
334.0 169.0 22.0 53.0
342.0 168.0 21.0 51.0
342.0 169.0 20.0 49.0
338.0 167.0 21.0 51.0
334.0 167.0 22.0 53.0
332.0 168.0 23.0 55.0
331.0 167.0 24.0 57.0
331.0 166.0 23.0 55.0
329.0 166.0 23.0 54.0
329.0 167.0 23.0 55.0
329.0 166.0 24.0 57.0
333.0 166.0 23.0 55.0
334.0 164.0 22.0 53.0
335.0 165.0 22.0 53.0
335.0 163.0 23.0 55.0
333.0 162.0 24.0 57.0
330.0 164.0 25.0 59.0
330.0 163.0 24.0 58.0
331.0 162.0 24.0 56.0
330.0 160.0 24.0 57.0
329.0 159.0 24.0 58.0
330.0 159.0 25.0 60.0
331.0 157.0 27.0 63.0
333.0 154.0 25.0 60.0
334.0 154.0 24.0 58.0
334.0 155.0 24.0 57.0
333.0 155.0 25.0 59.0
330.0 154.0 26.0 62.0
333.0 153.0 25.0 60.0
333.0 154.0 24.0 58.0
333.0 153.0 25.0 60.0
332.0 153.0 26.0 62.0
335.0 154.0 26.0 62.0
336.0 153.0 26.0 62.0
338.0 152.0 25.0 59.0
338.0 152.0 24.0 57.0
338.0 153.0 24.0 57.0
335.0 153.0 25.0 59.0
333.0 153.0 26.0 62.0
335.0 153.0 25.0 60.0
334.0 152.0 25.0 60.0
332.0 152.0 26.0 62.0
332.0 152.0 27.0 63.0
334.0 152.0 28.0 66.0
336.0 153.0 27.0 63.0
338.0 152.0 25.0 60.0
338.0 151.0 25.0 60.0
335.0 153.0 27.0 63.0
335.0 154.0 27.0 63.0
338.0 155.0 25.0 60.0
338.0 153.0 27.0 63.0
337.0 152.0 28.0 66.0
337.0 152.0 28.0 66.0
338.0 152.0 28.0 66.0
340.0 150.0 28.0 66.0
339.0 149.0 28.0 66.0
338.0 150.0 27.0 63.0
336.0 150.0 27.0 63.0
332.0 151.0 28.0 66.0
330.0 151.0 28.0 66.0
329.0 148.0 29.0 68.0
327.0 149.0 28.0 67.0
325.0 150.0 28.0 66.0
324.0 151.0 28.0 66.0
325.0 151.0 28.0 66.0
328.0 152.0 27.0 63.0
328.0 152.0 26.0 62.0
327.0 151.0 26.0 62.0
325.0 151.0 27.0 63.0
323.0 152.0 28.0 66.0
324.0 150.0 28.0 67.0
325.0 151.0 27.0 64.0
323.0 151.0 28.0 66.0
322.0 150.0 29.0 68.0
325.0 150.0 29.0 68.0
327.0 151.0 28.0 66.0
327.0 150.0 28.0 66.0
327.0 150.0 27.0 64.0
324.0 150.0 28.0 67.0
324.0 150.0 29.0 70.0
322.0 153.0 28.0 67.0
324.0 151.0 28.0 67.0
325.0 149.0 29.0 70.0
325.0 150.0 29.0 70.0
325.0 150.0 31.0 72.0
329.0 152.0 29.0 70.0
333.0 150.0 29.0 70.0
333.0 149.0 30.0 71.0
334.0 150.0 29.0 68.0
334.0 150.0 29.0 68.0
332.0 151.0 30.0 71.0
335.0 152.0 29.0 70.0
336.0 149.0 30.0 71.0
336.0 150.0 29.0 68.0
337.0 150.0 29.0 70.0
337.0 150.0 31.0 72.0
340.0 149.0 30.0 71.0
341.0 148.0 30.0 71.0
341.0 148.0 30.0 71.0
341.0 145.0 31.0 74.0
339.0 150.0 31.0 72.0
341.0 151.0 29.0 70.0
343.0 151.0 29.0 70.0
343.0 148.0 31.0 72.0
342.0 149.0 32.0 75.0
345.0 150.0 32.0 75.0
351.0 149.0 32.0 77.0
354.0 149.0 32.0 75.0
358.0 148.0 32.0 77.0
359.0 149.0 31.0 74.0
360.0 150.0 32.0 75.0
359.0 152.0 33.0 78.0
363.0 153.0 32.0 77.0
365.0 151.0 32.0 77.0
364.0 148.0 34.0 80.0
364.0 150.0 33.0 78.0
364.0 150.0 34.0 80.0
370.0 152.0 32.0 77.0
372.0 151.0 32.0 77.0
369.0 148.0 34.0 80.0
369.0 149.0 34.0 80.0
366.0 152.0 35.0 83.0
368.0 153.0 34.0 80.0
370.0 155.0 32.0 77.0
372.0 154.0 32.0 77.0
371.0 154.0 33.0 78.0
372.0 155.0 34.0 82.0
373.0 154.0 36.0 85.0
381.0 154.0 34.0 82.0
384.0 155.0 33.0 78.0
383.0 154.0 34.0 82.0
383.0 155.0 35.0 83.0
382.0 158.0 34.0 82.0
385.0 161.0 33.0 78.0
388.0 158.0 34.0 82.0
389.0 159.0 34.0 80.0
389.0 160.0 34.0 80.0
391.0 161.0 35.0 83.0
394.0 163.0 34.0 80.0
400.0 163.0 33.0 78.0
404.0 165.0 32.0 77.0
404.0 164.0 34.0 80.0
404.0 163.0 34.0 82.0
405.0 168.0 33.0 78.0
410.0 166.0 33.0 78.0
411.0 166.0 32.0 77.0
410.0 163.0 34.0 80.0
411.0 165.0 32.0 77.0
412.0 163.0 34.0 80.0
415.0 164.0 32.0 77.0
416.0 163.0 32.0 77.0
416.0 160.0 33.0 78.0
415.0 160.0 33.0 78.0
414.0 163.0 32.0 77.0
411.0 164.0 34.0 80.0
414.0 165.0 32.0 77.0
415.0 164.0 32.0 77.0
415.0 164.0 32.0 77.0
416.0 166.0 32.0 77.0
418.0 165.0 34.0 80.0
424.0 164.0 34.0 80.0
430.0 165.0 33.0 78.0
435.0 165.0 33.0 78.0
442.0 167.0 32.0 75.0
444.0 168.0 33.0 78.0
447.0 168.0 33.0 78.0
451.0 167.0 32.0 75.0
456.0 165.0 31.0 74.0
457.0 165.0 32.0 75.0
458.0 165.0 32.0 75.0
461.0 164.0 32.0 75.0
467.0 161.0 32.0 75.0
469.0 157.0 32.0 77.0
470.0 157.0 31.0 74.0
468.0 157.0 32.0 75.0
467.0 159.0 31.0 74.0
467.0 159.0 32.0 75.0
470.0 159.0 31.0 72.0
470.0 159.0 30.0 71.0
470.0 160.0 31.0 74.0
471.0 164.0 31.0 72.0
473.0 164.0 31.0 74.0
474.0 163.0 32.0 75.0
476.0 163.0 31.0 74.0
476.0 165.0 31.0 72.0
472.0 166.0 30.0 71.0
467.0 169.0 31.0 74.0
466.0 169.0 31.0 72.0
466.0 169.0 29.0 70.0
463.0 168.0 29.0 70.0
458.0 170.0 29.0 68.0
456.0 170.0 30.0 71.0
457.0 170.0 30.0 71.0
459.0 168.0 29.0 68.0
460.0 167.0 28.0 67.0
459.0 165.0 29.0 68.0
459.0 166.0 29.0 68.0
459.0 166.0 29.0 70.0
459.0 165.0 29.0 70.0
459.0 164.0 28.0 67.0
459.0 163.0 28.0 66.0
458.0 162.0 28.0 66.0
457.0 161.0 28.0 66.0
456.0 161.0 28.0 66.0
456.0 159.0 28.0 67.0
457.0 157.0 27.0 64.0
456.0 159.0 26.0 62.0
453.0 160.0 27.0 63.0
453.0 163.0 25.0 60.0
450.0 164.0 27.0 63.0
453.0 161.0 25.0 60.0
455.0 159.0 24.0 58.0
455.0 158.0 25.0 60.0
454.0 160.0 25.0 59.0
453.0 160.0 25.0 60.0
456.0 160.0 25.0 60.0
458.0 158.0 24.0 58.0
458.0 159.0 24.0 56.0
459.0 160.0 23.0 54.0
457.0 162.0 24.0 56.0
456.0 162.0 24.0 57.0
459.0 158.0 25.0 59.0
459.0 152.0 26.0 62.0
461.0 152.0 25.0 60.0
460.0 154.0 24.0 58.0
460.0 153.0 25.0 60.0
460.0 155.0 25.0 59.0
462.0 157.0 24.0 57.0
467.0 152.0 24.0 58.0
472.0 151.0 24.0 56.0
475.0 152.0 23.0 54.0
477.0 152.0 24.0 56.0
482.0 152.0 24.0 56.0
490.0 148.0 24.0 58.0
506.0 140.0 25.0 60.0
510.0 137.0 27.0 63.0
514.0 138.0 25.0 60.0
519.0 139.0 24.0 58.0
526.0 141.0 24.0 56.0
534.0 139.0 23.0 54.0
537.0 138.0 22.0 52.0
542.0 136.0 21.0 50.0
542.0 136.0 21.0 51.0
541.0 136.0 22.0 53.0
542.0 134.0 23.0 55.0
545.0 130.0 24.0 56.0
546.0 127.0 23.0 55.0
542.0 125.0 24.0 57.0
539.0 125.0 24.0 56.0
536.0 127.0 24.0 58.0
532.0 129.0 25.0 59.0
530.0 129.0 25.0 59.0
529.0 127.0 25.0 59.0
526.0 124.0 26.0 62.0
522.0 123.0 27.0 64.0
520.0 124.0 27.0 64.0
517.0 123.0 28.0 67.0
520.0 120.0 27.0 64.0
517.0 118.0 27.0 63.0
516.0 119.0 25.0 60.0
514.0 120.0 24.0 58.0
509.0 122.0 24.0 56.0
508.0 122.0 23.0 55.0
507.0 123.0 22.0 53.0
506.0 120.0 22.0 52.0
503.0 116.0 21.0 50.0
499.0 114.0 22.0 52.0
497.0 112.0 23.0 54.0
498.0 110.0 23.0 54.0
497.0 106.0 23.0 55.0
495.0 102.0 24.0 57.0
494.0 100.0 24.0 58.0
493.0 99.0 24.0 56.0
492.0 101.0 23.0 55.0
492.0 101.0 24.0 57.0
493.0 100.0 24.0 57.0
494.0 101.0 23.0 55.0
494.0 96.0 24.0 57.0
494.0 95.0 24.0 57.0
494.0 95.0 24.0 58.0
497.0 95.0 24.0 56.0
497.0 94.0 24.0 57.0
502.0 92.0 23.0 55.0
504.0 90.0 23.0 55.0
504.0 90.0 22.0 53.0
503.0 89.0 23.0 54.0
501.0 90.0 24.0 56.0
500.0 91.0 24.0 58.0
498.0 92.0 24.0 56.0
499.0 93.0 23.0 54.0
498.0 95.0 22.0 53.0
496.0 94.0 23.0 55.0
494.0 95.0 23.0 55.0
494.0 95.0 23.0 54.0
491.0 95.0 22.0 52.0
489.0 92.0 23.0 54.0
485.0 92.0 22.0 53.0
480.0 91.0 23.0 54.0
475.0 93.0 23.0 54.0
470.0 93.0 24.0 56.0
466.0 97.0 23.0 55.0
462.0 101.0 22.0 53.0
458.0 101.0 22.0 52.0
451.0 100.0 23.0 54.0
449.0 101.0 23.0 55.0
449.0 101.0 23.0 54.0
448.0 102.0 22.0 52.0
446.0 101.0 23.0 54.0
444.0 101.0 22.0 52.0
445.0 100.0 21.0 50.0
443.0 102.0 20.0 48.0
440.0 102.0 21.0 50.0
439.0 102.0 22.0 52.0
438.0 103.0 22.0 52.0
439.0 105.0 21.0 51.0
439.0 107.0 20.0 49.0
439.0 106.0 20.0 49.0
438.0 106.0 20.0 49.0
438.0 106.0 20.0 49.0
438.0 106.0 20.0 49.0
436.0 104.0 20.0 48.0
434.0 103.0 20.0 49.0
433.0 103.0 20.0 49.0
432.0 101.0 21.0 51.0
429.0 102.0 21.0 50.0
428.0 104.0 20.0 49.0
424.0 101.0 21.0 50.0
422.0 100.0 22.0 52.0
421.0 99.0 22.0 53.0
419.0 100.0 21.0 51.0
418.0 102.0 20.0 49.0
417.0 102.0 20.0 49.0
414.0 99.0 21.0 50.0
411.0 98.0 21.0 51.0
409.0 100.0 20.0 49.0
405.0 100.0 21.0 51.0
404.0 102.0 20.0 49.0
401.0 101.0 20.0 49.0
398.0 98.0 21.0 51.0
394.0 98.0 21.0 51.0
389.0 101.0 20.0 49.0
386.0 99.0 21.0 51.0
381.0 97.0 21.0 50.0
381.0 97.0 21.0 50.0
381.0 97.0 21.0 50.0
