51.0 47.0 25.0 62.0
47.0 41.0 24.0 60.0
35.0 38.0 24.0 61.0
32.0 42.0 24.0 60.0
39.0 39.0 24.0 59.0
32.0 40.0 24.0 61.0
32.0 39.0 26.0 64.0
37.0 42.0 24.0 61.0
42.0 40.0 24.0 61.0
41.0 35.0 24.0 61.0
44.0 32.0 24.0 60.0
46.0 34.0 24.0 59.0
61.0 37.0 24.0 60.0
66.0 33.0 24.0 60.0
65.0 33.0 24.0 61.0
85.0 31.0 26.0 64.0
99.0 32.0 26.0 65.0
90.0 26.0 26.0 64.0
83.0 27.0 24.0 61.0
89.0 25.0 24.0 61.0
86.0 25.0 24.0 61.0
83.0 29.0 24.0 61.0
86.0 35.0 24.0 61.0
93.0 41.0 24.0 61.0
78.0 43.0 25.0 63.0
76.0 41.0 24.0 60.0
82.0 30.0 24.0 61.0
79.0 24.0 24.0 59.0
72.0 16.0 24.0 60.0
63.0 16.0 24.0 61.0
65.0 19.0 24.0 61.0
76.0 24.0 24.0 61.0
83.0 24.0 26.0 64.0
89.0 25.0 26.0 65.0
106.0 21.0 26.0 65.0
120.0 26.0 25.0 63.0
114.0 23.0 24.0 60.0
115.0 22.0 24.0 61.0
133.0 27.0 24.0 61.0
142.0 30.0 24.0 61.0
149.0 31.0 26.0 64.0
152.0 31.0 26.0 64.0
154.0 34.0 24.0 61.0
151.0 30.0 24.0 60.0
155.0 27.0 25.0 63.0
153.0 31.0 26.0 65.0
125.0 33.0 27.0 68.0
104.0 31.0 28.0 69.0
103.0 30.0 27.0 68.0
103.0 33.0 26.0 65.0
108.0 24.0 26.0 64.0
109.0 13.0 26.0 64.0
109.0 12.0 27.0 67.0
118.0 19.0 27.0 68.0
122.0 21.0 26.0 65.0
122.0 29.0 27.0 67.0
111.0 30.0 26.0 65.0
112.0 33.0 26.0 65.0
103.0 27.0 27.0 68.0
103.0 21.0 27.0 68.0
126.0 18.0 28.0 69.0
138.0 18.0 27.0 68.0
129.0 21.0 28.0 71.0
132.0 30.0 27.0 68.0
130.0 35.0 27.0 68.0
130.0 39.0 26.0 65.0
135.0 46.0 25.0 63.0
144.0 57.0 26.0 65.0
141.0 60.0 27.0 67.0
124.0 58.0 27.0 68.0
127.0 46.0 28.0 71.0
123.0 47.0 27.0 68.0
112.0 54.0 26.0 65.0
102.0 42.0 27.0 67.0
98.0 49.0 26.0 64.0
109.0 55.0 27.0 67.0
119.0 67.0 27.0 67.0
126.0 70.0 28.0 69.0
136.0 65.0 28.0 71.0
150.0 71.0 28.0 69.0
136.0 62.0 28.0 69.0
145.0 57.0 28.0 69.0
161.0 55.0 27.0 68.0
167.0 51.0 28.0 69.0
173.0 52.0 28.0 69.0
185.0 55.0 27.0 67.0
182.0 58.0 28.0 69.0
179.0 55.0 29.0 72.0
180.0 57.0 28.0 71.0
177.0 51.0 29.0 74.0
135.0 56.0 29.0 74.0
124.0 42.0 29.0 72.0
135.0 41.0 28.0 69.0
139.0 40.0 27.0 68.0
141.0 34.0 28.0 71.0
137.0 29.0 29.0 74.0
144.0 40.0 29.0 74.0
148.0 47.0 28.0 71.0
153.0 51.0 27.0 68.0
147.0 45.0 28.0 71.0
146.0 37.0 29.0 74.0
152.0 37.0 29.0 72.0
147.0 28.0 30.0 75.0
141.0 16.0 31.0 77.0
176.0 21.0 29.0 74.0
186.0 28.0 28.0 71.0
186.0 26.0 29.0 74.0
190.0 29.0 31.0 77.0
198.0 35.0 29.0 74.0
181.0 33.0 28.0 71.0
181.0 39.0 29.0 74.0
180.0 41.0 29.0 74.0
176.0 46.0 31.0 77.0
147.0 46.0 30.0 75.0
143.0 41.0 30.0 75.0
133.0 50.0 30.0 75.0
134.0 48.0 30.0 75.0
131.0 47.0 30.0 75.0
129.0 53.0 31.0 77.0
136.0 50.0 29.0 74.0
154.0 50.0 31.0 77.0
161.0 52.0 29.0 74.0
158.0 45.0 31.0 77.0
153.0 43.0 31.0 78.0
157.0 26.0 32.0 81.0
153.0 24.0 32.0 80.0
180.0 23.0 32.0 80.0
187.0 24.0 31.0 78.0
190.0 32.0 31.0 78.0
183.0 35.0 31.0 78.0
182.0 36.0 30.0 75.0
178.0 37.0 29.0 74.0
180.0 39.0 31.0 77.0
168.0 36.0 29.0 74.0
151.0 36.0 29.0 74.0
144.0 32.0 31.0 77.0
156.0 18.0 30.0 75.0
148.0 21.0 29.0 74.0
154.0 21.0 29.0 72.0
152.0 30.0 30.0 75.0
