176.0 75.0 47.0 102.0
175.0 77.0 47.0 102.0
172.0 80.0 47.0 102.0
172.0 83.0 45.0 98.0
170.0 84.0 47.0 102.0
170.0 85.0 47.0 104.0
166.0 88.0 46.0 100.0
164.0 88.0 46.0 100.0
161.0 88.0 44.0 96.0
158.0 85.0 44.0 96.0
152.0 80.0 46.0 99.0
150.0 79.0 46.0 99.0
148.0 79.0 46.0 99.0
145.0 78.0 46.0 101.0
142.0 72.0 47.0 104.0
141.0 72.0 46.0 99.0
140.0 66.0 47.0 104.0
138.0 62.0 48.0 106.0
136.0 60.0 46.0 101.0
135.0 60.0 46.0 99.0
135.0 60.0 45.0 98.0
134.0 61.0 46.0 99.0
134.0 67.0 46.0 99.0
134.0 72.0 46.0 99.0
134.0 76.0 46.0 99.0
135.0 79.0 45.0 98.0
135.0 78.0 46.0 101.0
136.0 76.0 46.0 99.0
136.0 72.0 44.0 96.0
136.0 64.0 43.0 94.0
134.0 55.0 42.0 92.0
134.0 54.0 40.0 88.0
133.0 52.0 40.0 88.0
132.0 51.0 40.0 87.0
132.0 59.0 39.0 85.0
133.0 61.0 39.0 85.0
133.0 62.0 39.0 85.0
133.0 65.0 38.0 83.0
134.0 66.0 38.0 83.0
134.0 66.0 40.0 87.0
134.0 67.0 41.0 90.0
134.0 70.0 42.0 92.0
135.0 77.0 44.0 96.0
135.0 78.0 46.0 99.0
135.0 76.0 47.0 104.0
133.0 73.0 49.0 108.0
133.0 73.0 48.0 106.0
132.0 69.0 49.0 108.0
132.0 66.0 49.0 108.0
131.0 67.0 48.0 106.0
130.0 69.0 47.0 104.0
129.0 70.0 47.0 104.0
127.0 72.0 48.0 106.0
124.0 71.0 50.0 110.0
124.0 69.0 52.0 114.0
125.0 70.0 50.0 110.0
126.0 67.0 52.0 114.0
128.0 65.0 52.0 114.0
132.0 64.0 50.0 110.0
133.0 63.0 51.0 112.0
134.0 62.0 53.0 117.0
134.0 61.0 55.0 119.0
139.0 54.0 56.0 121.0
140.0 46.0 58.0 126.0
144.0 46.0 56.0 121.0
146.0 41.0 58.0 126.0
153.0 39.0 57.0 124.0
154.0 38.0 58.0 126.0
155.0 37.0 60.0 131.0
158.0 38.0 58.0 126.0
162.0 39.0 57.0 124.0
164.0 39.0 57.0 124.0
165.0 37.0 59.0 129.0
167.0 37.0 59.0 129.0
170.0 40.0 57.0 124.0
171.0 42.0 57.0 124.0
172.0 45.0 58.0 126.0
175.0 53.0 56.0 121.0
176.0 59.0 56.0 121.0
177.0 60.0 56.0 121.0
175.0 58.0 58.0 126.0
176.0 58.0 58.0 126.0
178.0 46.0 58.0 126.0
179.0 48.0 56.0 121.0
179.0 47.0 56.0 121.0
180.0 49.0 53.0 117.0
177.0 47.0 55.0 119.0
175.0 45.0 57.0 124.0
174.0 44.0 57.0 124.0
172.0 44.0 56.0 121.0
168.0 39.0 57.0 124.0
167.0 40.0 56.0 121.0
167.0 43.0 53.0 117.0
168.0 45.0 51.0 112.0
166.0 41.0 53.0 117.0
166.0 41.0 53.0 117.0
164.0 40.0 56.0 121.0
165.0 43.0 55.0 119.0
165.0 48.0 55.0 119.0
166.0 52.0 53.0 117.0
167.0 58.0 51.0 112.0
168.0 62.0 49.0 108.0
165.0 62.0 51.0 112.0
163.0 60.0 53.0 117.0
161.0 60.0 51.0 112.0
158.0 57.0 51.0 112.0
151.0 46.0 53.0 117.0
149.0 44.0 51.0 112.0
147.0 42.0 50.0 110.0
144.0 37.0 52.0 114.0
140.0 35.0 52.0 114.0
138.0 35.0 53.0 117.0
136.0 35.0 56.0 121.0
135.0 35.0 57.0 124.0
135.0 46.0 56.0 121.0
135.0 53.0 56.0 121.0
136.0 57.0 57.0 124.0
136.0 57.0 58.0 126.0
136.0 50.0 58.0 126.0
137.0 45.0 56.0 121.0
136.0 37.0 56.0 121.0
135.0 28.0 57.0 124.0
133.0 24.0 55.0 119.0
131.0 22.0 55.0 119.0
130.0 21.0 55.0 119.0
131.0 26.0 52.0 114.0
131.0 33.0 51.0 112.0
131.0 35.0 51.0 112.0
130.0 35.0 53.0 117.0
130.0 39.0 52.0 114.0
129.0 46.0 53.0 117.0
130.0 53.0 51.0 112.0
130.0 54.0 53.0 117.0
130.0 57.0 55.0 119.0
131.0 59.0 57.0 124.0
132.0 57.0 59.0 129.0
132.0 52.0 62.0 134.0
134.0 51.0 63.0 137.0
137.0 49.0 63.0 137.0
139.0 48.0 62.0 134.0
141.0 47.0 64.0 140.0
143.0 50.0 63.0 137.0
146.0 55.0 60.0 131.0
146.0 56.0 62.0 134.0
149.0 60.0 60.0 131.0
149.0 59.0 62.0 134.0
151.0 57.0 62.0 134.0
152.0 53.0 64.0 140.0
154.0 50.0 65.0 142.0
156.0 48.0 65.0 142.0
157.0 46.0 64.0 140.0
157.0 44.0 67.0 145.0
156.0 40.0 69.0 151.0
157.0 39.0 69.0 151.0
160.0 31.0 72.0 157.0
163.0 30.0 69.0 151.0
165.0 28.0 69.0 151.0
168.0 26.0 68.0 148.0
171.0 22.0 68.0 148.0
173.0 22.0 68.0 148.0
173.0 21.0 69.0 151.0
172.0 19.0 72.0 157.0
173.0 16.0 74.0 160.0
175.0 19.0 71.0 154.0
175.0 19.0 72.0 157.0
178.0 22.0 69.0 151.0
178.0 24.0 71.0 154.0
181.0 31.0 68.0 148.0
183.0 39.0 67.0 145.0
180.0 38.0 69.0 151.0
181.0 42.0 67.0 145.0
181.0 41.0 67.0 145.0
179.0 37.0 67.0 145.0
178.0 32.0 67.0 145.0
177.0 32.0 65.0 142.0
176.0 33.0 65.0 142.0
174.0 33.0 67.0 145.0
173.0 33.0 67.0 145.0
172.0 32.0 65.0 142.0
169.0 30.0 65.0 142.0
169.0 32.0 63.0 137.0
168.0 32.0 63.0 137.0
169.0 34.0 60.0 131.0
169.0 33.0 60.0 131.0
169.0 31.0 63.0 137.0
169.0 32.0 62.0 134.0
173.0 37.0 59.0 129.0
172.0 38.0 60.0 131.0
172.0 41.0 60.0 131.0
173.0 44.0 60.0 131.0
176.0 51.0 59.0 129.0
176.0 55.0 59.0 129.0
175.0 57.0 59.0 129.0
172.0 56.0 58.0 126.0
166.0 49.0 59.0 129.0
163.0 46.0 59.0 129.0
160.0 42.0 59.0 129.0
154.0 36.0 60.0 131.0
146.0 29.0 62.0 134.0
146.0 31.0 59.0 129.0
143.0 30.0 60.0 131.0
141.0 31.0 60.0 131.0
138.0 39.0 58.0 126.0
138.0 44.0 59.0 129.0
137.0 49.0 58.0 126.0
137.0 54.0 59.0 129.0
139.0 55.0 62.0 134.0
142.0 52.0 59.0 129.0
143.0 43.0 59.0 129.0
141.0 34.0 60.0 131.0
142.0 25.0 59.0 129.0
140.0 23.0 58.0 126.0
140.0 22.0 57.0 124.0
138.0 22.0 57.0 124.0
138.0 29.0 55.0 119.0
137.0 31.0 56.0 121.0
137.0 35.0 55.0 119.0
137.0 38.0 55.0 119.0
135.0 43.0 56.0 121.0
134.0 47.0 56.0 121.0
134.0 52.0 55.0 119.0
133.0 55.0 56.0 121.0
133.0 62.0 55.0 119.0
132.0 63.0 55.0 119.0
132.0 62.0 57.0 124.0
