150.0 53.0 40.0 148.0
148.0 54.0 40.0 148.0
146.0 56.0 40.0 148.0
146.0 59.0 39.0 145.0
144.0 60.0 39.0 145.0
140.0 60.0 40.0 148.0
139.0 65.0 39.0 145.0
138.0 70.0 37.0 139.0
136.0 69.0 39.0 145.0
135.0 74.0 37.0 139.0
134.0 75.0 36.0 136.0
133.0 76.0 36.0 136.0
132.0 76.0 36.0 136.0
131.0 76.0 36.0 136.0
130.0 75.0 36.0 136.0
130.0 74.0 36.0 136.0
129.0 72.0 36.0 136.0
129.0 70.0 36.0 136.0
128.0 67.0 38.0 142.0
127.0 65.0 39.0 145.0
127.0 65.0 39.0 145.0
126.0 65.0 39.0 145.0
125.0 66.0 38.0 142.0
126.0 69.0 36.0 136.0
126.0 70.0 36.0 136.0
126.0 71.0 36.0 136.0
127.0 72.0 36.0 136.0
128.0 74.0 36.0 136.0
129.0 75.0 36.0 136.0
130.0 75.0 36.0 136.0
131.0 75.0 36.0 136.0
132.0 75.0 36.0 136.0
133.0 74.0 36.0 136.0
134.0 72.0 36.0 136.0
135.0 67.0 38.0 142.0
137.0 64.0 39.0 145.0
138.0 58.0 40.0 150.0
141.0 57.0 39.0 147.0
142.0 55.0 40.0 150.0
143.0 55.0 40.0 150.0
145.0 56.0 40.0 150.0
146.0 58.0 40.0 150.0
149.0 63.0 39.0 145.0
151.0 66.0 38.0 142.0
154.0 70.0 36.0 136.0
156.0 72.0 36.0 134.0
157.0 72.0 36.0 134.0
159.0 72.0 36.0 136.0
162.0 73.0 36.0 136.0
164.0 74.0 36.0 136.0
166.0 76.0 36.0 134.0
169.0 78.0 35.0 131.0
170.0 78.0 35.0 131.0
172.0 77.0 35.0 131.0
173.0 77.0 35.0 131.0
173.0 75.0 34.0 128.0
173.0 72.0 36.0 134.0
174.0 70.0 36.0 134.0
175.0 70.0 35.0 131.0
175.0 70.0 34.0 128.0
176.0 69.0 35.0 131.0
175.0 70.0 34.0 128.0
176.0 71.0 34.0 128.0
176.0 72.0 34.0 128.0
176.0 73.0 35.0 131.0
175.0 71.0 36.0 136.0
175.0 72.0 36.0 136.0
174.0 73.0 36.0 136.0
174.0 74.0 36.0 136.0
173.0 73.0 36.0 136.0
174.0 74.0 35.0 131.0
172.0 71.0 36.0 134.0
170.0 69.0 36.0 134.0
168.0 65.0 36.0 136.0
165.0 60.0 38.0 142.0
163.0 58.0 38.0 142.0
161.0 56.0 39.0 145.0
160.0 56.0 39.0 145.0
158.0 56.0 39.0 145.0
156.0 55.0 39.0 147.0
155.0 58.0 39.0 145.0
152.0 59.0 39.0 147.0
150.0 60.0 39.0 147.0
148.0 63.0 39.0 145.0
145.0 63.0 39.0 147.0
144.0 68.0 38.0 142.0
143.0 73.0 37.0 139.0
141.0 74.0 37.0 139.0
139.0 75.0 36.0 136.0
138.0 78.0 36.0 134.0
137.0 78.0 36.0 134.0
137.0 80.0 35.0 131.0
135.0 77.0 36.0 134.0
135.0 75.0 37.0 139.0
134.0 73.0 37.0 139.0
133.0 71.0 36.0 136.0
132.0 69.0 36.0 136.0
131.0 68.0 36.0 136.0
130.0 67.0 37.0 139.0
130.0 67.0 37.0 139.0
129.0 67.0 37.0 139.0
129.0 68.0 36.0 136.0
129.0 69.0 36.0 136.0
130.0 70.0 36.0 134.0
130.0 70.0 36.0 136.0
131.0 71.0 36.0 136.0
132.0 71.0 36.0 136.0
133.0 72.0 36.0 136.0
134.0 72.0 36.0 136.0
135.0 71.0 37.0 139.0
136.0 69.0 36.0 136.0
137.0 67.0 36.0 136.0
141.0 68.0 35.0 131.0
140.0 63.0 36.0 136.0
141.0 61.0 38.0 142.0
144.0 63.0 37.0 139.0
144.0 61.0 39.0 145.0
145.0 64.0 38.0 142.0
146.0 70.0 36.0 136.0
149.0 78.0 35.0 131.0
149.0 82.0 34.0 126.0
151.0 87.0 32.0 121.0
151.0 89.0 32.0 121.0
152.0 92.0 32.0 119.0
155.0 91.0 32.0 119.0
156.0 91.0 32.0 121.0
157.0 92.0 32.0 119.0
158.0 94.0 32.0 119.0
160.0 94.0 32.0 119.0
162.0 93.0 32.0 119.0
164.0 92.0 32.0 119.0
165.0 89.0 32.0 121.0
166.0 83.0 34.0 126.0
167.0 79.0 34.0 128.0
168.0 77.0 34.0 128.0
170.0 74.0 35.0 131.0
170.0 71.0 35.0 131.0
169.0 66.0 36.0 136.0
169.0 64.0 36.0 136.0
169.0 63.0 36.0 136.0
169.0 59.0 38.0 142.0
168.0 58.0 38.0 142.0
168.0 57.0 38.0 142.0
168.0 59.0 37.0 139.0
167.0 57.0 38.0 142.0
166.0 57.0 38.0 142.0
166.0 57.0 38.0 142.0
166.0 56.0 39.0 145.0
165.0 57.0 38.0 142.0
165.0 57.0 38.0 142.0
