294.0 135.0 44.0 171.0
295.0 135.0 44.0 171.0
296.0 135.0 44.0 171.0
297.0 135.0 44.0 171.0
298.0 135.0 44.0 171.0
299.0 135.0 44.0 171.0
300.0 137.0 43.0 167.0
301.0 137.0 43.0 167.0
301.0 137.0 43.0 167.0
300.0 138.0 43.0 167.0
299.0 137.0 43.0 167.0
297.0 138.0 42.0 164.0
295.0 138.0 42.0 164.0
294.0 137.0 43.0 167.0
291.0 138.0 42.0 164.0
290.0 140.0 41.0 161.0
287.0 138.0 42.0 164.0
286.0 140.0 41.0 161.0
285.0 141.0 41.0 161.0
283.0 141.0 41.0 161.0
280.0 139.0 42.0 164.0
280.0 144.0 40.0 157.0
279.0 144.0 40.0 157.0
279.0 145.0 40.0 157.0
278.0 146.0 40.0 157.0
278.0 146.0 40.0 157.0
278.0 145.0 41.0 161.0
277.0 148.0 40.0 157.0
277.0 149.0 39.0 154.0
276.0 147.0 41.0 161.0
275.0 152.0 39.0 154.0
274.0 153.0 39.0 154.0
273.0 154.0 39.0 154.0
273.0 155.0 39.0 154.0
272.0 156.0 39.0 154.0
271.0 157.0 39.0 151.0
269.0 158.0 38.0 148.0
268.0 158.0 38.0 148.0
267.0 158.0 38.0 148.0
266.0 160.0 37.0 145.0
265.0 161.0 36.0 143.0
264.0 161.0 37.0 145.0
262.0 160.0 38.0 148.0
262.0 160.0 38.0 148.0
262.0 160.0 38.0 148.0
264.0 163.0 36.0 143.0
265.0 162.0 37.0 145.0
266.0 161.0 37.0 145.0
267.0 160.0 37.0 145.0
266.0 160.0 36.0 143.0
267.0 159.0 37.0 145.0
266.0 158.0 37.0 145.0
265.0 158.0 36.0 143.0
264.0 157.0 37.0 145.0
263.0 156.0 36.0 143.0
262.0 156.0 36.0 143.0
262.0 155.0 37.0 145.0
260.0 152.0 38.0 148.0
261.0 151.0 38.0 148.0
261.0 153.0 37.0 145.0
260.0 150.0 38.0 148.0
259.0 148.0 39.0 151.0
258.0 147.0 39.0 151.0
258.0 146.0 38.0 148.0
257.0 145.0 38.0 148.0
257.0 143.0 38.0 148.0
258.0 142.0 38.0 148.0
258.0 143.0 37.0 145.0
259.0 142.0 37.0 145.0
261.0 141.0 37.0 145.0
261.0 141.0 37.0 145.0
261.0 141.0 37.0 145.0
263.0 141.0 36.0 143.0
264.0 141.0 37.0 145.0
264.0 141.0 37.0 145.0
265.0 141.0 37.0 145.0
264.0 142.0 36.0 143.0
263.0 141.0 36.0 143.0
262.0 142.0 36.0 143.0
263.0 141.0 36.0 143.0
262.0 142.0 37.0 145.0
262.0 144.0 36.0 140.0
261.0 143.0 36.0 143.0
261.0 141.0 38.0 148.0
262.0 144.0 36.0 143.0
262.0 144.0 36.0 143.0
263.0 144.0 36.0 143.0
263.0 144.0 36.0 143.0
264.0 143.0 36.0 143.0
265.0 143.0 36.0 143.0
265.0 142.0 36.0 143.0
266.0 142.0 36.0 143.0
267.0 141.0 37.0 145.0
268.0 138.0 39.0 151.0
268.0 139.0 39.0 151.0
269.0 142.0 37.0 145.0
270.0 141.0 37.0 145.0
270.0 141.0 37.0 145.0
271.0 142.0 36.0 143.0
272.0 142.0 36.0 143.0
272.0 143.0 36.0 143.0
275.0 143.0 36.0 143.0
278.0 143.0 37.0 145.0
280.0 145.0 36.0 143.0
284.0 146.0 36.0 143.0
290.0 148.0 36.0 140.0
277.0 144.0 36.0 140.0
285.0 147.0 35.0 137.0
286.0 181.0 34.0 134.0
293.0 183.0 34.0 132.0
297.0 184.0 34.0 132.0
307.0 188.0 32.0 127.0
331.0 190.0 31.0 122.0
338.0 195.0 30.0 117.0
349.0 197.0 29.0 115.0
355.0 195.0 30.0 117.0
361.0 191.0 31.0 122.0
368.0 188.0 32.0 127.0
376.0 190.0 31.0 122.0
384.0 190.0 31.0 122.0
391.0 190.0 31.0 122.0
398.0 194.0 30.0 117.0
406.0 196.0 29.0 112.0
411.0 193.0 30.0 117.0
415.0 188.0 31.0 122.0
422.0 191.0 30.0 117.0
427.0 188.0 31.0 122.0
432.0 187.0 32.0 124.0
438.0 187.0 32.0 127.0
441.0 188.0 32.0 124.0
445.0 187.0 32.0 124.0
449.0 185.0 32.0 127.0
455.0 183.0 34.0 132.0
460.0 186.0 32.0 127.0
463.0 186.0 32.0 127.0
467.0 184.0 33.0 129.0
469.0 182.0 34.0 134.0
475.0 183.0 34.0 132.0
479.0 184.0 33.0 129.0
486.0 185.0 33.0 129.0
490.0 187.0 32.0 124.0
493.0 186.0 32.0 124.0
497.0 186.0 32.0 124.0
502.0 186.0 31.0 122.0
507.0 185.0 32.0 124.0
512.0 183.0 32.0 124.0
517.0 183.0 32.0 124.0
524.0 187.0 30.0 119.0
529.0 184.0 32.0 124.0
536.0 185.0 31.0 122.0
541.0 183.0 32.0 127.0
547.0 186.0 31.0 122.0
551.0 186.0 32.0 124.0
557.0 187.0 31.0 122.0
562.0 188.0 31.0 122.0
567.0 188.0 32.0 124.0
571.0 189.0 31.0 122.0
574.0 192.0 30.0 119.0
576.0 190.0 32.0 124.0
581.0 193.0 30.0 119.0
583.0 194.0 30.0 119.0
587.0 195.0 30.0 119.0
591.0 195.0 30.0 119.0
593.0 193.0 32.0 124.0
599.0 197.0 30.0 119.0
603.0 198.0 30.0 117.0
606.0 199.0 30.0 117.0
611.0 200.0 29.0 115.0
615.0 203.0 28.0 110.0
621.0 204.0 27.0 108.0
625.0 204.0 27.0 108.0
629.0 201.0 28.0 110.0
631.0 198.0 29.0 115.0
633.0 199.0 29.0 115.0
637.0 198.0 29.0 115.0
640.0 196.0 30.0 119.0
642.0 194.0 31.0 122.0
644.0 193.0 31.0 122.0
645.0 195.0 30.0 117.0
647.0 196.0 29.0 115.0
643.0 215.0 28.0 110.0
645.0 204.0 29.0 115.0
647.0 202.0 30.0 119.0
645.0 210.0 29.0 115.0
608.0 245.0 28.0 110.0
609.0 249.0 27.0 106.0
620.0 244.0 26.0 104.0
639.0 241.0 27.0 106.0
643.0 242.0 26.0 104.0
640.0 243.0 26.0 102.0
629.0 251.0 25.0 98.0
627.0 254.0 25.0 98.0
626.0 254.0 26.0 102.0
628.0 251.0 27.0 106.0
636.0 255.0 26.0 102.0
635.0 253.0 26.0 104.0
634.0 221.0 27.0 108.0
634.0 220.0 28.0 110.0
636.0 244.0 29.0 115.0
637.0 245.0 28.0 110.0
637.0 247.0 27.0 106.0
636.0 229.0 26.0 102.0
637.0 212.0 25.0 100.0
617.0 227.0 26.0 104.0
582.0 220.0 25.0 100.0
583.0 221.0 24.0 96.0
588.0 222.0 23.0 92.0
588.0 217.0 24.0 94.0
598.0 212.0 25.0 98.0
600.0 207.0 25.0 100.0
606.0 203.0 25.0 100.0
609.0 198.0 26.0 102.0
609.0 185.0 27.0 106.0
610.0 177.0 28.0 110.0
613.0 172.0 29.0 115.0
615.0 169.0 29.0 112.0
617.0 163.0 29.0 115.0
619.0 162.0 29.0 112.0
623.0 161.0 28.0 110.0
627.0 158.0 29.0 112.0
629.0 156.0 29.0 112.0
630.0 153.0 29.0 112.0
630.0 152.0 28.0 110.0
633.0 152.0 27.0 106.0
633.0 147.0 28.0 110.0
636.0 142.0 29.0 115.0
636.0 140.0 29.0 115.0
639.0 138.0 29.0 115.0
642.0 138.0 30.0 119.0
646.0 134.0 30.0 119.0
642.0 152.0 29.0 115.0
639.0 153.0 29.0 115.0
636.0 153.0 29.0 112.0
637.0 148.0 29.0 112.0
636.0 143.0 30.0 117.0
636.0 142.0 31.0 122.0
635.0 148.0 30.0 119.0
634.0 143.0 32.0 124.0
633.0 139.0 32.0 127.0
634.0 138.0 32.0 127.0
632.0 137.0 32.0 127.0
631.0 142.0 32.0 127.0
630.0 138.0 34.0 132.0
627.0 140.0 33.0 129.0
622.0 140.0 32.0 127.0
618.0 138.0 34.0 132.0
624.0 140.0 34.0 134.0
623.0 143.0 33.0 129.0
629.0 139.0 34.0 132.0
630.0 136.0 35.0 137.0
629.0 132.0 36.0 143.0
624.0 130.0 37.0 145.0
622.0 133.0 36.0 140.0
622.0 137.0 35.0 137.0
621.0 134.0 36.0 143.0
621.0 133.0 36.0 143.0
620.0 134.0 36.0 143.0
620.0 135.0 36.0 143.0
621.0 136.0 36.0 140.0
620.0 135.0 36.0 140.0
619.0 133.0 36.0 143.0
618.0 133.0 36.0 143.0
617.0 134.0 36.0 143.0
615.0 133.0 36.0 143.0
615.0 137.0 35.0 137.0
614.0 134.0 36.0 143.0
614.0 133.0 36.0 143.0
612.0 134.0 36.0 143.0
611.0 134.0 36.0 143.0
610.0 133.0 37.0 145.0
621.0 135.0 36.0 140.0
621.0 133.0 36.0 143.0
623.0 133.0 37.0 145.0
621.0 130.0 38.0 148.0
616.0 129.0 38.0 148.0
614.0 132.0 36.0 143.0
614.0 135.0 35.0 137.0
614.0 132.0 36.0 140.0
609.0 131.0 36.0 143.0
610.0 130.0 37.0 145.0
610.0 127.0 39.0 151.0
613.0 130.0 37.0 145.0
609.0 131.0 37.0 145.0
618.0 134.0 36.0 140.0
618.0 136.0 35.0 137.0
618.0 133.0 36.0 140.0
619.0 133.0 36.0 140.0
620.0 131.0 36.0 143.0
618.0 129.0 38.0 148.0
614.0 132.0 36.0 143.0
607.0 127.0 38.0 148.0
605.0 127.0 37.0 145.0
597.0 129.0 36.0 143.0
594.0 129.0 37.0 145.0
585.0 127.0 38.0 148.0
580.0 122.0 39.0 154.0
571.0 121.0 40.0 157.0
565.0 121.0 40.0 157.0
559.0 124.0 39.0 151.0
552.0 125.0 38.0 148.0
545.0 125.0 38.0 148.0
537.0 126.0 37.0 145.0
531.0 126.0 37.0 145.0
524.0 126.0 37.0 145.0
517.0 126.0 36.0 143.0
511.0 125.0 36.0 143.0
506.0 125.0 36.0 143.0
501.0 125.0 36.0 143.0
495.0 124.0 36.0 143.0
491.0 121.0 38.0 148.0
402.0 171.0 39.0 154.0
399.0 169.0 41.0 161.0
399.0 166.0 43.0 167.0
396.0 161.0 44.0 174.0
395.0 157.0 46.0 181.0
396.0 155.0 47.0 185.0
396.0 152.0 48.0 188.0
397.0 154.0 47.0 185.0
399.0 155.0 46.0 181.0
398.0 153.0 47.0 185.0
399.0 153.0 47.0 185.0
399.0 155.0 46.0 181.0
397.0 154.0 47.0 185.0
398.0 154.0 47.0 185.0
398.0 154.0 47.0 185.0
397.0 155.0 46.0 181.0
396.0 151.0 47.0 185.0
397.0 153.0 46.0 181.0
397.0 152.0 46.0 181.0
397.0 153.0 45.0 177.0
397.0 150.0 47.0 185.0
399.0 151.0 46.0 181.0
400.0 149.0 47.0 185.0
401.0 152.0 45.0 177.0
402.0 151.0 45.0 177.0
403.0 151.0 45.0 177.0
404.0 147.0 47.0 185.0
405.0 149.0 46.0 181.0
407.0 149.0 46.0 181.0
408.0 148.0 46.0 181.0
409.0 146.0 47.0 185.0
409.0 143.0 48.0 188.0
412.0 145.0 47.0 185.0
412.0 145.0 47.0 185.0
411.0 142.0 48.0 188.0
412.0 144.0 47.0 185.0
410.0 141.0 48.0 188.0
410.0 145.0 46.0 181.0
407.0 143.0 47.0 185.0
407.0 144.0 46.0 181.0
403.0 139.0 48.0 188.0
401.0 140.0 47.0 185.0
398.0 137.0 48.0 188.0
396.0 139.0 47.0 185.0
392.0 138.0 47.0 185.0
390.0 134.0 49.0 192.0
386.0 134.0 49.0 192.0
384.0 135.0 48.0 188.0
381.0 132.0 49.0 192.0
380.0 135.0 47.0 185.0
378.0 137.0 46.0 181.0
375.0 136.0 46.0 181.0
372.0 131.0 48.0 188.0
371.0 133.0 47.0 185.0
369.0 130.0 48.0 188.0
368.0 131.0 47.0 185.0
366.0 127.0 48.0 188.0
366.0 126.0 48.0 188.0
366.0 125.0 48.0 188.0
366.0 123.0 48.0 188.0
365.0 124.0 47.0 185.0
364.0 121.0 48.0 188.0
365.0 122.0 47.0 185.0
364.0 124.0 46.0 181.0
363.0 124.0 46.0 181.0
361.0 123.0 46.0 181.0
361.0 121.0 47.0 185.0
358.0 119.0 48.0 188.0
359.0 121.0 47.0 185.0
357.0 121.0 47.0 185.0
356.0 121.0 47.0 185.0
355.0 121.0 47.0 185.0
353.0 121.0 47.0 185.0
352.0 125.0 45.0 177.0
350.0 125.0 45.0 177.0
350.0 124.0 46.0 181.0
349.0 122.0 47.0 185.0
346.0 122.0 48.0 188.0
347.0 124.0 47.0 185.0
344.0 123.0 48.0 188.0
344.0 127.0 46.0 181.0
342.0 124.0 48.0 188.0
341.0 126.0 47.0 185.0
340.0 126.0 47.0 185.0
336.0 123.0 48.0 188.0
335.0 126.0 46.0 181.0
333.0 125.0 46.0 181.0
329.0 124.0 46.0 181.0
326.0 123.0 46.0 181.0
323.0 125.0 45.0 177.0
319.0 125.0 46.0 181.0
317.0 126.0 46.0 181.0
314.0 128.0 46.0 181.0
312.0 130.0 46.0 181.0
310.0 132.0 45.0 177.0
308.0 132.0 45.0 177.0
305.0 131.0 46.0 181.0
304.0 131.0 46.0 181.0
301.0 131.0 46.0 181.0
298.0 131.0 46.0 181.0
296.0 132.0 46.0 181.0
295.0 133.0 45.0 177.0
295.0 133.0 45.0 177.0
296.0 132.0 45.0 177.0
294.0 133.0 45.0 177.0
291.0 135.0 44.0 174.0
289.0 133.0 46.0 181.0
287.0 137.0 44.0 174.0
286.0 134.0 46.0 181.0
287.0 135.0 46.0 181.0
285.0 135.0 46.0 181.0
286.0 137.0 45.0 177.0
286.0 136.0 46.0 181.0
283.0 138.0 45.0 177.0
284.0 138.0 45.0 177.0
282.0 137.0 46.0 181.0
280.0 139.0 45.0 177.0
279.0 140.0 45.0 177.0
276.0 140.0 46.0 181.0
273.0 142.0 46.0 181.0
272.0 144.0 45.0 177.0
269.0 144.0 46.0 181.0
267.0 144.0 46.0 181.0
266.0 144.0 46.0 181.0
265.0 146.0 45.0 177.0
264.0 147.0 45.0 177.0
263.0 147.0 45.0 177.0
262.0 146.0 46.0 181.0
263.0 148.0 45.0 177.0
263.0 149.0 45.0 177.0
266.0 153.0 43.0 170.0
265.0 151.0 45.0 177.0
267.0 154.0 44.0 174.0
267.0 153.0 45.0 177.0
269.0 155.0 44.0 174.0
271.0 156.0 44.0 174.0
273.0 154.0 45.0 177.0
277.0 156.0 43.0 170.0
279.0 156.0 43.0 167.0
281.0 155.0 43.0 167.0
284.0 152.0 43.0 170.0
285.0 148.0 45.0 177.0
284.0 148.0 45.0 177.0
285.0 147.0 45.0 177.0
286.0 150.0 43.0 170.0
286.0 146.0 45.0 177.0
285.0 141.0 47.0 185.0
283.0 140.0 48.0 188.0
282.0 141.0 48.0 188.0
281.0 142.0 49.0 192.0
280.0 146.0 47.0 185.0
277.0 143.0 49.0 192.0
275.0 143.0 49.0 192.0
272.0 140.0 50.0 196.0
270.0 139.0 49.0 192.0
269.0 139.0 48.0 188.0
267.0 136.0 49.0 192.0
265.0 137.0 48.0 188.0
263.0 133.0 50.0 196.0
262.0 133.0 50.0 196.0
261.0 133.0 50.0 196.0
261.0 137.0 48.0 188.0
260.0 139.0 48.0 188.0
261.0 138.0 49.0 192.0
260.0 138.0 50.0 196.0
261.0 143.0 48.0 188.0
263.0 149.0 46.0 181.0
265.0 153.0 45.0 177.0
265.0 153.0 46.0 181.0
267.0 156.0 45.0 177.0
268.0 153.0 47.0 185.0
268.0 152.0 48.0 188.0
267.0 152.0 48.0 188.0
266.0 151.0 48.0 188.0
265.0 150.0 48.0 188.0
263.0 146.0 50.0 196.0
262.0 147.0 48.0 188.0
261.0 144.0 49.0 192.0
258.0 141.0 50.0 196.0
257.0 143.0 48.0 188.0
254.0 137.0 50.0 196.0
253.0 133.0 51.0 200.0
252.0 134.0 49.0 192.0
250.0 133.0 49.0 192.0
248.0 131.0 49.0 192.0
248.0 134.0 47.0 185.0
246.0 131.0 48.0 188.0
246.0 129.0 49.0 192.0
246.0 130.0 48.0 188.0
246.0 127.0 49.0 192.0
246.0 126.0 49.0 192.0
247.0 126.0 49.0 192.0
248.0 128.0 48.0 188.0
249.0 128.0 48.0 188.0
250.0 127.0 48.0 188.0
250.0 126.0 48.0 188.0
251.0 121.0 50.0 196.0
253.0 124.0 48.0 188.0
254.0 120.0 49.0 192.0
255.0 117.0 49.0 192.0
256.0 114.0 49.0 192.0
257.0 115.0 47.0 185.0
258.0 115.0 46.0 181.0
258.0 110.0 48.0 188.0
258.0 106.0 49.0 192.0
259.0 106.0 48.0 188.0
261.0 107.0 47.0 185.0
260.0 102.0 49.0 192.0
262.0 105.0 47.0 185.0
261.0 101.0 49.0 192.0
261.0 102.0 48.0 188.0
260.0 102.0 48.0 188.0
260.0 101.0 48.0 188.0
259.0 98.0 49.0 192.0
259.0 100.0 48.0 188.0
260.0 101.0 47.0 185.0
259.0 101.0 47.0 185.0
258.0 101.0 47.0 185.0
258.0 101.0 47.0 185.0
256.0 101.0 47.0 185.0
255.0 100.0 47.0 185.0
255.0 99.0 47.0 185.0
254.0 95.0 47.0 185.0
254.0 95.0 45.0 177.0
253.0 91.0 46.0 181.0
254.0 89.0 45.0 177.0
253.0 89.0 44.0 174.0
251.0 85.0 46.0 181.0
250.0 84.0 46.0 181.0
249.0 84.0 45.0 177.0
248.0 79.0 47.0 185.0
245.0 74.0 49.0 192.0
244.0 74.0 48.0 188.0
241.0 73.0 48.0 188.0
240.0 72.0 48.0 188.0
239.0 71.0 48.0 188.0
239.0 73.0 47.0 185.0
238.0 71.0 48.0 188.0
238.0 73.0 47.0 185.0
238.0 72.0 47.0 185.0
238.0 72.0 46.0 181.0
237.0 69.0 47.0 185.0
237.0 66.0 47.0 185.0
236.0 65.0 46.0 181.0
236.0 61.0 47.0 185.0
236.0 59.0 46.0 181.0
236.0 57.0 46.0 181.0
237.0 53.0 46.0 181.0
238.0 53.0 44.0 174.0
239.0 53.0 43.0 170.0
237.0 50.0 44.0 174.0
236.0 49.0 44.0 174.0
236.0 47.0 44.0 174.0
235.0 46.0 44.0 174.0
235.0 45.0 44.0 174.0
233.0 43.0 45.0 177.0
231.0 43.0 45.0 177.0
230.0 42.0 46.0 181.0
229.0 43.0 45.0 177.0
228.0 44.0 45.0 177.0
226.0 43.0 46.0 181.0
225.0 41.0 46.0 181.0
226.0 39.0 45.0 177.0
224.0 38.0 44.0 174.0
224.0 35.0 44.0 174.0
224.0 37.0 43.0 167.0
223.0 36.0 43.0 167.0
224.0 33.0 43.0 170.0
222.0 29.0 45.0 177.0
222.0 29.0 44.0 174.0
223.0 26.0 44.0 174.0
223.0 27.0 43.0 170.0
222.0 24.0 44.0 174.0
222.0 21.0 45.0 177.0
222.0 21.0 45.0 177.0
221.0 20.0 46.0 181.0
222.0 20.0 46.0 181.0
222.0 20.0 46.0 181.0
223.0 22.0 45.0 177.0
223.0 22.0 45.0 177.0
224.0 21.0 46.0 181.0
226.0 24.0 44.0 174.0
227.0 25.0 44.0 174.0
226.0 24.0 45.0 177.0
227.0 26.0 44.0 174.0
227.0 26.0 44.0 174.0
225.0 22.0 46.0 181.0
225.0 21.0 46.0 181.0
224.0 17.0 47.0 185.0
223.0 16.0 47.0 185.0
223.0 17.0 46.0 181.0
224.0 16.0 46.0 181.0
225.0 17.0 45.0 177.0
226.0 17.0 45.0 177.0
227.0 18.0 45.0 177.0
227.0 19.0 45.0 177.0
227.0 19.0 46.0 181.0
229.0 24.0 44.0 174.0
229.0 25.0 44.0 174.0
231.0 30.0 43.0 170.0
231.0 32.0 43.0 170.0
231.0 34.0 44.0 174.0
232.0 41.0 43.0 170.0
233.0 42.0 44.0 174.0
233.0 44.0 44.0 174.0
234.0 46.0 45.0 177.0
236.0 51.0 43.0 170.0
236.0 53.0 42.0 164.0
239.0 55.0 41.0 161.0
240.0 52.0 42.0 164.0
243.0 55.0 41.0 161.0
245.0 55.0 41.0 161.0
245.0 51.0 43.0 167.0
247.0 51.0 43.0 167.0
249.0 50.0 43.0 167.0
251.0 48.0 43.0 170.0
251.0 45.0 44.0 174.0
255.0 47.0 43.0 170.0
256.0 48.0 43.0 170.0
257.0 47.0 44.0 174.0
258.0 47.0 45.0 177.0
261.0 50.0 44.0 174.0
262.0 49.0 45.0 177.0
263.0 50.0 45.0 177.0
265.0 54.0 43.0 170.0
266.0 53.0 43.0 170.0
264.0 52.0 43.0 170.0
264.0 53.0 43.0 167.0
264.0 51.0 43.0 167.0
264.0 49.0 43.0 167.0
263.0 47.0 43.0 167.0
263.0 45.0 42.0 164.0
265.0 42.0 42.0 164.0
267.0 39.0 42.0 164.0
270.0 35.0 43.0 170.0
272.0 35.0 43.0 167.0
274.0 31.0 43.0 170.0
276.0 30.0 43.0 170.0
277.0 32.0 42.0 164.0
279.0 30.0 43.0 167.0
280.0 31.0 42.0 164.0
281.0 31.0 42.0 164.0
283.0 32.0 42.0 164.0
285.0 33.0 42.0 164.0
287.0 34.0 42.0 164.0
290.0 34.0 42.0 164.0
293.0 35.0 42.0 164.0
297.0 40.0 40.0 157.0
299.0 38.0 41.0 161.0
301.0 39.0 40.0 157.0
303.0 37.0 41.0 161.0
305.0 36.0 41.0 161.0
303.0 34.0 43.0 167.0
303.0 32.0 43.0 170.0
304.0 34.0 43.0 167.0
305.0 34.0 43.0 167.0
306.0 33.0 43.0 170.0
305.0 32.0 44.0 174.0
308.0 36.0 43.0 167.0
310.0 39.0 41.0 161.0
312.0 41.0 40.0 157.0
311.0 38.0 42.0 164.0
312.0 38.0 42.0 164.0
313.0 38.0 42.0 164.0
317.0 41.0 40.0 157.0
321.0 42.0 39.0 151.0
322.0 42.0 38.0 148.0
326.0 42.0 37.0 145.0
325.0 38.0 39.0 151.0
326.0 38.0 39.0 151.0
327.0 38.0 38.0 148.0
328.0 39.0 37.0 145.0
328.0 39.0 37.0 145.0
327.0 37.0 39.0 151.0
328.0 40.0 37.0 145.0
326.0 38.0 39.0 151.0
326.0 40.0 38.0 148.0
325.0 40.0 39.0 151.0
326.0 43.0 38.0 148.0
328.0 48.0 37.0 145.0
328.0 51.0 37.0 145.0
329.0 55.0 36.0 140.0
332.0 60.0 35.0 137.0
334.0 62.0 34.0 132.0
337.0 59.0 35.0 137.0
341.0 60.0 34.0 132.0
345.0 60.0 32.0 127.0
348.0 59.0 32.0 127.0
349.0 54.0 34.0 132.0
351.0 52.0 34.0 132.0
353.0 50.0 34.0 134.0
353.0 46.0 36.0 140.0
354.0 44.0 37.0 145.0
354.0 40.0 39.0 151.0
354.0 39.0 39.0 154.0
353.0 38.0 40.0 157.0
354.0 41.0 39.0 151.0
354.0 41.0 39.0 151.0
353.0 43.0 38.0 148.0
354.0 48.0 36.0 143.0
354.0 51.0 36.0 140.0
356.0 55.0 34.0 134.0
356.0 53.0 36.0 140.0
358.0 53.0 34.0 134.0
361.0 53.0 33.0 129.0
362.0 50.0 33.0 129.0
363.0 46.0 34.0 132.0
363.0 42.0 35.0 137.0
364.0 39.0 34.0 134.0
363.0 35.0 36.0 140.0
363.0 32.0 36.0 143.0
364.0 27.0 38.0 148.0
365.0 27.0 37.0 145.0
366.0 25.0 37.0 145.0
367.0 24.0 37.0 145.0
367.0 23.0 37.0 145.0
367.0 22.0 37.0 145.0
366.0 20.0 38.0 148.0
367.0 22.0 37.0 145.0
367.0 20.0 38.0 148.0
367.0 20.0 39.0 151.0
367.0 20.0 39.0 151.0
367.0 21.0 39.0 151.0
368.0 23.0 37.0 145.0
367.0 24.0 37.0 145.0
366.0 22.0 38.0 148.0
366.0 23.0 38.0 148.0
366.0 24.0 38.0 148.0
367.0 26.0 37.0 145.0
367.0 27.0 36.0 143.0
367.0 28.0 37.0 145.0
367.0 30.0 37.0 145.0
367.0 30.0 37.0 145.0
366.0 29.0 38.0 148.0
367.0 32.0 37.0 145.0
367.0 31.0 38.0 148.0
367.0 34.0 37.0 145.0
368.0 34.0 37.0 145.0
368.0 34.0 37.0 145.0
368.0 33.0 37.0 145.0
368.0 34.0 37.0 145.0
368.0 34.0 37.0 145.0
368.0 35.0 36.0 143.0
368.0 35.0 36.0 143.0
368.0 35.0 36.0 143.0
368.0 36.0 36.0 143.0
369.0 37.0 36.0 140.0
368.0 37.0 36.0 140.0
368.0 38.0 36.0 140.0
367.0 37.0 36.0 143.0
369.0 40.0 35.0 137.0
367.0 38.0 36.0 140.0
367.0 38.0 36.0 140.0
367.0 38.0 36.0 140.0
369.0 41.0 35.0 137.0
370.0 41.0 35.0 137.0
369.0 42.0 35.0 137.0
369.0 42.0 35.0 137.0
368.0 42.0 35.0 137.0
367.0 42.0 35.0 137.0
366.0 42.0 35.0 137.0
365.0 41.0 35.0 137.0
364.0 41.0 35.0 137.0
363.0 41.0 35.0 137.0
361.0 42.0 34.0 134.0
360.0 41.0 35.0 137.0
359.0 41.0 35.0 137.0
358.0 41.0 35.0 137.0
356.0 41.0 34.0 134.0
356.0 44.0 33.0 129.0
354.0 43.0 34.0 132.0
353.0 40.0 35.0 137.0
351.0 41.0 34.0 132.0
350.0 39.0 34.0 134.0
348.0 39.0 34.0 132.0
347.0 37.0 34.0 134.0
345.0 37.0 34.0 132.0
344.0 38.0 33.0 129.0
343.0 36.0 34.0 132.0
341.0 35.0 34.0 132.0
340.0 37.0 32.0 127.0
339.0 36.0 33.0 129.0
337.0 36.0 32.0 127.0
336.0 36.0 32.0 127.0
334.0 35.0 33.0 129.0
332.0 35.0 33.0 129.0
331.0 35.0 33.0 129.0
330.0 37.0 32.0 124.0
329.0 37.0 32.0 124.0
328.0 37.0 32.0 124.0
326.0 38.0 32.0 124.0
325.0 36.0 32.0 127.0
323.0 37.0 32.0 124.0
321.0 36.0 32.0 127.0
320.0 36.0 32.0 127.0
318.0 37.0 32.0 124.0
316.0 36.0 32.0 127.0
315.0 34.0 33.0 129.0
312.0 35.0 33.0 129.0
311.0 35.0 33.0 129.0
310.0 38.0 32.0 124.0
308.0 37.0 32.0 127.0
307.0 38.0 32.0 127.0
304.0 37.0 33.0 129.0
304.0 39.0 32.0 127.0
303.0 40.0 32.0 127.0
301.0 40.0 33.0 129.0
300.0 40.0 33.0 129.0
299.0 44.0 32.0 124.0
297.0 43.0 33.0 129.0
296.0 46.0 32.0 124.0
295.0 47.0 31.0 122.0
294.0 48.0 32.0 124.0
293.0 48.0 32.0 124.0
292.0 48.0 32.0 127.0
291.0 50.0 32.0 124.0
290.0 50.0 32.0 124.0
289.0 51.0 32.0 124.0
289.0 49.0 33.0 129.0
288.0 50.0 33.0 129.0
288.0 51.0 32.0 127.0
289.0 53.0 31.0 122.0
288.0 55.0 32.0 124.0
289.0 58.0 30.0 119.0
289.0 60.0 30.0 117.0
288.0 61.0 30.0 117.0
290.0 62.0 30.0 117.0
291.0 62.0 29.0 115.0
289.0 61.0 30.0 117.0
289.0 60.0 30.0 117.0
290.0 60.0 29.0 115.0
290.0 60.0 29.0 112.0
289.0 58.0 30.0 117.0
289.0 57.0 30.0 119.0
289.0 54.0 31.0 122.0
289.0 54.0 31.0 122.0
289.0 54.0 31.0 122.0
289.0 52.0 32.0 124.0
290.0 53.0 31.0 122.0
291.0 53.0 31.0 122.0
292.0 53.0 31.0 122.0
293.0 54.0 31.0 122.0
295.0 53.0 32.0 124.0
297.0 54.0 31.0 122.0
299.0 54.0 31.0 122.0
301.0 54.0 32.0 124.0
303.0 55.0 32.0 124.0
306.0 56.0 30.0 119.0
307.0 53.0 31.0 122.0
309.0 55.0 30.0 119.0
310.0 55.0 30.0 117.0
312.0 55.0 30.0 117.0
313.0 55.0 30.0 117.0
317.0 56.0 29.0 115.0
317.0 55.0 30.0 119.0
319.0 56.0 30.0 119.0
321.0 56.0 30.0 117.0
323.0 55.0 30.0 119.0
324.0 54.0 31.0 122.0
326.0 53.0 32.0 124.0
328.0 53.0 32.0 124.0
330.0 53.0 32.0 124.0
333.0 56.0 30.0 119.0
334.0 56.0 30.0 119.0
336.0 56.0 30.0 119.0
337.0 57.0 30.0 117.0
337.0 57.0 30.0 117.0
339.0 56.0 30.0 119.0
340.0 57.0 30.0 119.0
342.0 59.0 29.0 115.0
342.0 60.0 29.0 115.0
342.0 59.0 30.0 117.0
343.0 61.0 29.0 115.0
344.0 62.0 29.0 112.0
344.0 61.0 29.0 112.0
344.0 61.0 29.0 112.0
345.0 61.0 29.0 112.0
346.0 61.0 29.0 112.0
347.0 63.0 28.0 110.0
348.0 62.0 29.0 112.0
350.0 63.0 28.0 110.0
351.0 62.0 28.0 110.0
354.0 64.0 27.0 108.0
356.0 66.0 26.0 104.0
357.0 63.0 27.0 108.0
359.0 63.0 27.0 108.0
360.0 63.0 27.0 108.0
363.0 64.0 27.0 106.0
365.0 64.0 27.0 106.0
368.0 65.0 27.0 106.0
371.0 65.0 27.0 106.0
373.0 66.0 27.0 106.0
377.0 66.0 26.0 104.0
378.0 66.0 27.0 106.0
381.0 65.0 27.0 106.0
384.0 64.0 27.0 108.0
386.0 65.0 27.0 108.0
389.0 67.0 26.0 104.0
391.0 68.0 26.0 104.0
393.0 67.0 27.0 106.0
396.0 68.0 26.0 104.0
397.0 68.0 26.0 104.0
399.0 65.0 27.0 108.0
400.0 64.0 27.0 108.0
401.0 64.0 27.0 108.0
402.0 63.0 27.0 108.0
402.0 64.0 27.0 108.0
402.0 65.0 27.0 108.0
402.0 65.0 28.0 110.0
402.0 67.0 27.0 106.0
402.0 68.0 26.0 104.0
401.0 68.0 27.0 106.0
400.0 70.0 26.0 104.0
399.0 70.0 26.0 104.0
398.0 71.0 26.0 104.0
397.0 71.0 26.0 104.0
396.0 72.0 26.0 104.0
395.0 72.0 26.0 104.0
394.0 72.0 27.0 106.0
394.0 75.0 26.0 104.0
394.0 76.0 26.0 104.0
394.0 78.0 27.0 106.0
394.0 79.0 27.0 106.0
394.0 81.0 27.0 106.0
395.0 85.0 26.0 104.0
394.0 85.0 27.0 106.0
394.0 87.0 27.0 106.0
394.0 89.0 27.0 106.0
394.0 90.0 27.0 106.0
393.0 91.0 27.0 106.0
392.0 92.0 27.0 106.0
392.0 93.0 27.0 106.0
390.0 92.0 28.0 110.0
391.0 94.0 27.0 108.0
391.0 96.0 27.0 108.0
391.0 97.0 27.0 108.0
390.0 98.0 27.0 108.0
390.0 100.0 27.0 106.0
390.0 101.0 27.0 106.0
390.0 101.0 27.0 108.0
389.0 102.0 27.0 106.0
390.0 103.0 27.0 108.0
391.0 103.0 27.0 108.0
392.0 104.0 27.0 108.0
393.0 105.0 27.0 108.0
394.0 106.0 27.0 108.0
396.0 109.0 26.0 104.0
395.0 108.0 27.0 108.0
396.0 109.0 27.0 106.0
395.0 110.0 27.0 108.0
395.0 112.0 27.0 106.0
393.0 110.0 28.0 110.0
393.0 112.0 27.0 108.0
393.0 112.0 27.0 108.0
392.0 114.0 27.0 106.0
391.0 117.0 26.0 104.0
390.0 118.0 26.0 104.0
388.0 120.0 27.0 106.0
388.0 121.0 27.0 108.0
387.0 123.0 27.0 108.0
386.0 126.0 27.0 106.0
386.0 130.0 26.0 104.0
385.0 132.0 27.0 106.0
385.0 135.0 27.0 106.0
386.0 139.0 26.0 104.0
386.0 141.0 26.0 104.0
386.0 143.0 26.0 102.0
385.0 142.0 27.0 106.0
383.0 141.0 28.0 110.0
383.0 143.0 27.0 106.0
382.0 144.0 26.0 104.0
381.0 144.0 26.0 102.0
380.0 143.0 26.0 102.0
379.0 143.0 26.0 102.0
377.0 143.0 26.0 104.0
377.0 144.0 26.0 102.0
377.0 142.0 27.0 106.0
375.0 142.0 27.0 106.0
375.0 142.0 27.0 106.0
373.0 141.0 27.0 106.0
372.0 141.0 26.0 104.0
369.0 139.0 27.0 106.0
367.0 138.0 27.0 108.0
368.0 134.0 27.0 108.0
366.0 131.0 28.0 110.0
365.0 129.0 29.0 112.0
366.0 129.0 28.0 110.0
364.0 129.0 29.0 112.0
366.0 128.0 29.0 112.0
365.0 128.0 29.0 115.0
364.0 128.0 30.0 117.0
366.0 127.0 30.0 119.0
367.0 128.0 30.0 119.0
368.0 128.0 31.0 122.0
369.0 128.0 31.0 122.0
369.0 129.0 31.0 122.0
371.0 130.0 31.0 122.0
371.0 131.0 32.0 124.0
373.0 132.0 32.0 127.0
373.0 134.0 32.0 127.0
374.0 133.0 33.0 129.0
376.0 136.0 32.0 127.0
376.0 136.0 33.0 129.0
377.0 138.0 32.0 127.0
378.0 136.0 33.0 129.0
379.0 135.0 33.0 129.0
380.0 136.0 33.0 129.0
381.0 136.0 33.0 129.0
381.0 136.0 34.0 132.0
382.0 135.0 34.0 132.0
383.0 133.0 34.0 134.0
386.0 131.0 35.0 137.0
387.0 131.0 35.0 137.0
390.0 129.0 36.0 140.0
393.0 131.0 36.0 140.0
396.0 130.0 36.0 143.0
400.0 129.0 36.0 143.0
401.0 129.0 36.0 143.0
405.0 128.0 37.0 145.0
407.0 127.0 37.0 145.0
408.0 126.0 37.0 145.0
409.0 122.0 39.0 151.0
411.0 122.0 38.0 148.0
412.0 121.0 39.0 154.0
413.0 123.0 39.0 151.0
412.0 123.0 40.0 157.0
411.0 122.0 41.0 161.0
409.0 122.0 41.0 161.0
406.0 119.0 42.0 164.0
405.0 118.0 42.0 164.0
405.0 117.0 43.0 167.0
404.0 115.0 43.0 170.0
404.0 115.0 43.0 170.0
403.0 112.0 44.0 174.0
403.0 114.0 43.0 170.0
403.0 112.0 44.0 174.0
403.0 111.0 45.0 177.0
402.0 111.0 45.0 177.0
403.0 109.0 46.0 181.0
403.0 106.0 47.0 185.0
406.0 104.0 47.0 185.0
409.0 105.0 46.0 181.0
411.0 105.0 47.0 185.0
413.0 107.0 47.0 185.0
415.0 108.0 47.0 185.0
417.0 108.0 48.0 188.0
418.0 107.0 48.0 188.0
420.0 108.0 47.0 185.0
419.0 104.0 48.0 188.0
419.0 103.0 48.0 188.0
420.0 102.0 48.0 188.0
418.0 103.0 48.0 188.0
419.0 104.0 48.0 188.0
419.0 107.0 47.0 185.0
418.0 109.0 47.0 185.0
420.0 110.0 47.0 185.0
422.0 112.0 47.0 185.0
426.0 115.0 47.0 185.0
427.0 115.0 48.0 188.0
431.0 119.0 47.0 185.0
434.0 120.0 46.0 181.0
435.0 121.0 46.0 181.0
436.0 121.0 46.0 181.0
438.0 121.0 45.0 177.0
438.0 119.0 47.0 185.0
438.0 120.0 46.0 181.0
439.0 118.0 46.0 181.0
440.0 115.0 46.0 181.0
441.0 112.0 45.0 177.0
440.0 111.0 45.0 177.0
440.0 105.0 47.0 185.0
437.0 105.0 47.0 185.0
436.0 107.0 46.0 181.0
438.0 109.0 45.0 177.0
439.0 113.0 44.0 174.0
439.0 113.0 45.0 177.0
435.0 114.0 46.0 181.0
434.0 114.0 47.0 185.0
436.0 118.0 46.0 181.0
437.0 123.0 45.0 177.0
435.0 124.0 46.0 181.0
434.0 123.0 47.0 185.0
434.0 124.0 47.0 185.0
434.0 124.0 47.0 185.0
433.0 128.0 46.0 181.0
434.0 127.0 47.0 185.0
434.0 129.0 46.0 181.0
435.0 129.0 47.0 185.0
436.0 130.0 46.0 181.0
438.0 131.0 45.0 177.0
438.0 131.0 46.0 181.0
440.0 129.0 47.0 185.0
442.0 130.0 46.0 181.0
442.0 126.0 48.0 188.0
444.0 126.0 48.0 188.0
445.0 126.0 48.0 188.0
445.0 125.0 49.0 192.0
447.0 126.0 48.0 188.0
447.0 127.0 48.0 188.0
448.0 128.0 48.0 188.0
449.0 126.0 49.0 192.0
449.0 129.0 48.0 188.0
450.0 127.0 49.0 192.0
449.0 129.0 48.0 188.0
448.0 129.0 48.0 188.0
448.0 130.0 48.0 188.0
447.0 131.0 48.0 188.0
447.0 130.0 48.0 188.0
448.0 134.0 46.0 181.0
445.0 130.0 48.0 188.0
443.0 131.0 48.0 188.0
441.0 132.0 48.0 188.0
440.0 130.0 48.0 188.0
438.0 131.0 48.0 188.0
436.0 130.0 48.0 188.0
436.0 132.0 46.0 181.0
434.0 130.0 47.0 185.0
433.0 131.0 46.0 181.0
430.0 126.0 48.0 188.0
429.0 128.0 46.0 181.0
426.0 125.0 46.0 181.0
424.0 123.0 46.0 181.0
420.0 121.0 46.0 181.0
418.0 118.0 46.0 181.0
417.0 116.0 46.0 181.0
416.0 113.0 46.0 181.0
416.0 109.0 47.0 185.0
416.0 106.0 47.0 185.0
416.0 102.0 48.0 188.0
419.0 101.0 47.0 185.0
421.0 100.0 46.0 181.0
423.0 98.0 46.0 181.0
424.0 94.0 47.0 185.0
425.0 94.0 46.0 181.0
427.0 95.0 45.0 177.0
429.0 95.0 44.0 174.0
428.0 91.0 46.0 181.0
430.0 93.0 44.0 174.0
428.0 89.0 46.0 181.0
428.0 90.0 45.0 177.0
428.0 89.0 45.0 177.0
428.0 88.0 45.0 177.0
427.0 87.0 45.0 177.0
428.0 87.0 44.0 174.0
427.0 86.0 45.0 177.0
427.0 86.0 45.0 177.0
428.0 86.0 44.0 174.0
427.0 84.0 45.0 177.0
429.0 84.0 44.0 174.0
429.0 81.0 45.0 177.0
431.0 83.0 44.0 174.0
432.0 81.0 45.0 177.0
432.0 82.0 45.0 177.0
433.0 82.0 45.0 177.0
434.0 81.0 45.0 177.0
434.0 81.0 45.0 177.0
435.0 81.0 45.0 177.0
434.0 82.0 46.0 181.0
434.0 84.0 45.0 177.0
435.0 85.0 45.0 177.0
434.0 85.0 46.0 181.0
435.0 88.0 45.0 177.0
436.0 89.0 45.0 177.0
434.0 90.0 46.0 181.0
436.0 92.0 45.0 177.0
436.0 92.0 45.0 177.0
436.0 92.0 46.0 181.0
437.0 94.0 45.0 177.0
437.0 95.0 46.0 181.0
437.0 98.0 45.0 177.0
438.0 101.0 45.0 177.0
439.0 105.0 44.0 174.0
437.0 105.0 46.0 181.0
438.0 109.0 45.0 177.0
437.0 110.0 46.0 181.0
437.0 113.0 45.0 177.0
436.0 114.0 46.0 181.0
435.0 120.0 44.0 174.0
434.0 120.0 45.0 177.0
433.0 123.0 45.0 177.0
433.0 124.0 45.0 177.0
431.0 127.0 45.0 177.0
431.0 130.0 45.0 177.0
431.0 133.0 45.0 177.0
430.0 135.0 45.0 177.0
430.0 135.0 45.0 177.0
430.0 135.0 45.0 177.0
430.0 136.0 45.0 177.0
431.0 136.0 45.0 177.0
431.0 137.0 45.0 177.0
432.0 137.0 45.0 177.0
431.0 137.0 45.0 177.0
432.0 138.0 44.0 174.0
433.0 137.0 44.0 174.0
432.0 137.0 45.0 177.0
434.0 137.0 44.0 174.0
433.0 137.0 45.0 177.0
434.0 137.0 44.0 174.0
434.0 135.0 45.0 177.0
433.0 136.0 45.0 177.0
433.0 137.0 45.0 177.0
434.0 137.0 45.0 177.0
433.0 138.0 45.0 177.0
435.0 138.0 44.0 174.0
435.0 137.0 44.0 174.0
435.0 137.0 44.0 174.0
435.0 134.0 46.0 181.0
434.0 134.0 46.0 181.0
436.0 136.0 44.0 174.0
436.0 135.0 44.0 174.0
435.0 134.0 45.0 177.0
435.0 134.0 45.0 177.0
435.0 134.0 45.0 177.0
435.0 134.0 45.0 177.0
435.0 132.0 46.0 181.0
436.0 134.0 44.0 174.0
435.0 133.0 45.0 177.0
434.0 134.0 45.0 177.0
434.0 134.0 45.0 177.0
433.0 134.0 45.0 177.0
432.0 135.0 44.0 174.0
431.0 135.0 44.0 174.0
430.0 134.0 44.0 174.0
429.0 132.0 45.0 177.0
428.0 134.0 44.0 174.0
428.0 132.0 45.0 177.0
427.0 134.0 44.0 174.0
427.0 134.0 44.0 174.0
427.0 132.0 45.0 177.0
426.0 134.0 44.0 174.0
427.0 133.0 44.0 174.0
428.0 135.0 43.0 170.0
427.0 135.0 43.0 170.0
427.0 134.0 43.0 170.0
426.0 135.0 43.0 170.0
426.0 135.0 43.0 170.0
426.0 136.0 43.0 170.0
425.0 137.0 43.0 170.0
426.0 137.0 43.0 170.0
426.0 137.0 43.0 170.0
427.0 138.0 43.0 170.0
428.0 138.0 43.0 170.0
428.0 138.0 43.0 170.0
428.0 138.0 43.0 170.0
429.0 138.0 43.0 170.0
427.0 137.0 44.0 174.0
428.0 137.0 44.0 174.0
429.0 139.0 43.0 170.0
428.0 139.0 43.0 170.0
429.0 138.0 43.0 170.0
428.0 138.0 43.0 170.0
428.0 138.0 43.0 170.0
428.0 138.0 43.0 170.0
426.0 138.0 44.0 174.0
426.0 138.0 44.0 174.0
425.0 139.0 44.0 174.0
425.0 141.0 43.0 170.0
424.0 138.0 44.0 174.0
423.0 140.0 44.0 174.0
424.0 140.0 43.0 170.0
422.0 139.0 44.0 174.0
421.0 141.0 43.0 170.0
420.0 140.0 43.0 170.0
418.0 138.0 44.0 174.0
418.0 138.0 44.0 174.0
418.0 138.0 44.0 174.0
417.0 137.0 45.0 177.0
417.0 136.0 45.0 177.0
417.0 135.0 45.0 177.0
417.0 136.0 44.0 174.0
416.0 136.0 44.0 174.0
415.0 135.0 44.0 174.0
415.0 133.0 44.0 174.0
414.0 131.0 45.0 177.0
413.0 130.0 45.0 177.0
412.0 127.0 47.0 185.0
411.0 125.0 47.0 185.0
411.0 123.0 47.0 185.0
410.0 122.0 47.0 185.0
410.0 123.0 46.0 181.0
409.0 119.0 47.0 185.0
407.0 117.0 48.0 188.0
408.0 118.0 47.0 185.0
408.0 118.0 47.0 185.0
407.0 114.0 49.0 192.0
407.0 118.0 47.0 185.0
407.0 117.0 47.0 185.0
406.0 116.0 47.0 185.0
405.0 116.0 47.0 185.0
404.0 117.0 46.0 181.0
401.0 117.0 46.0 181.0
400.0 116.0 46.0 181.0
396.0 114.0 47.0 185.0
393.0 115.0 47.0 185.0
390.0 117.0 46.0 181.0
388.0 119.0 45.0 177.0
386.0 121.0 44.0 174.0
382.0 119.0 46.0 181.0
380.0 119.0 46.0 181.0
377.0 119.0 46.0 181.0
374.0 115.0 48.0 188.0
374.0 115.0 47.0 185.0
373.0 115.0 46.0 181.0
372.0 113.0 47.0 185.0
371.0 113.0 47.0 185.0
371.0 116.0 46.0 181.0
372.0 117.0 46.0 181.0
373.0 119.0 46.0 181.0
376.0 120.0 46.0 181.0
378.0 123.0 46.0 181.0
381.0 123.0 47.0 185.0
382.0 122.0 49.0 192.0
386.0 127.0 47.0 185.0
388.0 130.0 46.0 181.0
388.0 130.0 47.0 185.0
390.0 131.0 47.0 185.0
390.0 134.0 47.0 185.0
390.0 137.0 46.0 181.0
390.0 139.0 46.0 181.0
391.0 142.0 45.0 177.0
390.0 141.0 46.0 181.0
390.0 143.0 46.0 181.0
390.0 146.0 46.0 181.0
389.0 144.0 48.0 188.0
390.0 147.0 47.0 185.0
391.0 149.0 46.0 181.0
392.0 148.0 48.0 188.0
395.0 150.0 47.0 185.0
399.0 154.0 46.0 181.0
401.0 154.0 47.0 185.0
403.0 158.0 46.0 181.0
404.0 159.0 47.0 185.0
404.0 160.0 49.0 192.0
405.0 163.0 49.0 192.0
408.0 169.0 47.0 185.0
409.0 176.0 46.0 181.0
410.0 177.0 47.0 185.0
408.0 177.0 48.0 188.0
409.0 178.0 47.0 185.0
409.0 176.0 47.0 185.0
409.0 177.0 46.0 181.0
408.0 171.0 48.0 188.0
409.0 174.0 46.0 181.0
409.0 175.0 46.0 181.0
409.0 174.0 46.0 181.0
409.0 175.0 46.0 181.0
409.0 176.0 46.0 181.0
408.0 175.0 46.0 181.0
407.0 176.0 45.0 177.0
405.0 175.0 46.0 181.0
404.0 177.0 45.0 177.0
402.0 175.0 46.0 181.0
399.0 175.0 46.0 181.0
396.0 175.0 46.0 181.0
393.0 172.0 47.0 185.0
390.0 172.0 46.0 181.0
389.0 168.0 47.0 185.0
387.0 168.0 46.0 181.0
386.0 165.0 46.0 181.0
385.0 162.0 46.0 181.0
386.0 161.0 44.0 174.0
388.0 159.0 43.0 170.0
385.0 155.0 44.0 174.0
386.0 154.0 43.0 170.0
385.0 151.0 43.0 170.0
385.0 147.0 43.0 170.0
385.0 145.0 43.0 170.0
384.0 144.0 43.0 167.0
386.0 143.0 41.0 161.0
385.0 140.0 41.0 161.0
385.0 138.0 41.0 161.0
386.0 137.0 41.0 161.0
386.0 136.0 41.0 161.0
387.0 136.0 41.0 161.0
389.0 138.0 39.0 154.0
391.0 141.0 38.0 148.0
394.0 142.0 37.0 145.0
394.0 143.0 36.0 140.0
398.0 144.0 35.0 137.0
399.0 146.0 34.0 132.0
397.0 145.0 35.0 137.0
372.0 136.0 34.0 132.0
376.0 137.0 32.0 127.0
381.0 134.0 31.0 122.0
384.0 132.0 32.0 124.0
388.0 128.0 33.0 129.0
390.0 126.0 34.0 134.0
390.0 123.0 36.0 140.0
391.0 122.0 37.0 145.0
389.0 121.0 39.0 151.0
389.0 122.0 39.0 154.0
386.0 125.0 40.0 157.0
385.0 127.0 40.0 157.0
386.0 130.0 39.0 151.0
383.0 127.0 40.0 157.0
383.0 125.0 40.0 157.0
382.0 126.0 39.0 151.0
381.0 127.0 38.0 148.0
380.0 126.0 38.0 148.0
378.0 124.0 39.0 154.0
378.0 126.0 39.0 151.0
377.0 127.0 39.0 151.0
375.0 125.0 40.0 157.0
373.0 125.0 40.0 157.0
372.0 124.0 41.0 161.0
370.0 124.0 43.0 167.0
370.0 125.0 42.0 164.0
369.0 126.0 43.0 170.0
369.0 130.0 42.0 164.0
370.0 131.0 43.0 167.0
368.0 134.0 43.0 167.0
369.0 133.0 43.0 170.0
368.0 135.0 43.0 170.0
368.0 137.0 43.0 170.0
368.0 138.0 43.0 170.0
367.0 139.0 43.0 170.0
366.0 140.0 44.0 174.0
365.0 143.0 44.0 174.0
365.0 147.0 43.0 170.0
364.0 146.0 44.0 174.0
364.0 149.0 43.0 170.0
363.0 149.0 44.0 174.0
364.0 152.0 43.0 170.0
364.0 152.0 43.0 170.0
363.0 153.0 43.0 170.0
363.0 153.0 43.0 170.0
361.0 154.0 43.0 170.0
361.0 155.0 43.0 170.0
360.0 156.0 43.0 170.0
359.0 156.0 44.0 174.0
358.0 156.0 44.0 174.0
358.0 160.0 43.0 167.0
356.0 156.0 44.0 174.0
355.0 157.0 43.0 170.0
354.0 159.0 42.0 164.0
353.0 158.0 43.0 170.0
352.0 161.0 43.0 167.0
351.0 162.0 43.0 167.0
350.0 163.0 43.0 167.0
349.0 164.0 43.0 167.0
347.0 166.0 43.0 167.0
345.0 166.0 43.0 167.0
343.0 167.0 43.0 167.0
341.0 167.0 43.0 167.0
340.0 168.0 43.0 167.0
340.0 171.0 41.0 161.0
338.0 169.0 42.0 164.0
336.0 172.0 42.0 164.0
337.0 175.0 41.0 161.0
332.0 174.0 42.0 164.0
333.0 177.0 41.0 161.0
330.0 175.0 42.0 164.0
328.0 176.0 42.0 164.0
326.0 176.0 42.0 164.0
324.0 176.0 42.0 164.0
323.0 179.0 41.0 161.0
319.0 178.0 42.0 164.0
317.0 182.0 41.0 161.0
313.0 180.0 42.0 164.0
311.0 180.0 42.0 164.0
308.0 180.0 42.0 164.0
306.0 179.0 42.0 164.0
303.0 180.0 43.0 167.0
302.0 178.0 43.0 170.0
298.0 180.0 42.0 164.0
295.0 181.0 42.0 164.0
293.0 180.0 42.0 164.0
290.0 181.0 42.0 164.0
290.0 182.0 41.0 161.0
285.0 181.0 42.0 164.0
285.0 183.0 41.0 161.0
283.0 183.0 41.0 161.0
280.0 184.0 41.0 161.0
278.0 185.0 41.0 161.0
275.0 185.0 41.0 161.0
274.0 186.0 41.0 161.0
270.0 188.0 40.0 157.0
268.0 189.0 40.0 157.0
267.0 190.0 39.0 154.0
263.0 190.0 40.0 157.0
262.0 191.0 39.0 154.0
259.0 193.0 39.0 154.0
257.0 194.0 39.0 151.0
255.0 193.0 39.0 154.0
252.0 194.0 39.0 154.0
251.0 194.0 39.0 154.0
248.0 194.0 39.0 154.0
245.0 195.0 39.0 154.0
243.0 195.0 39.0 154.0
241.0 197.0 39.0 151.0
