167.0 69.0 24.0 127.0
168.0 69.0 24.0 127.0
169.0 69.0 24.0 127.0
170.0 69.0 24.0 127.0
171.0 69.0 24.0 127.0
172.0 70.0 24.0 127.0
172.0 69.0 24.0 129.0
173.0 69.0 24.0 129.0
174.0 70.0 24.0 129.0
175.0 70.0 24.0 127.0
175.0 70.0 24.0 129.0
176.0 70.0 24.0 129.0
177.0 70.0 24.0 129.0
178.0 71.0 24.0 129.0
179.0 72.0 24.0 127.0
179.0 73.0 24.0 129.0
179.0 75.0 24.0 129.0
180.0 75.0 24.0 132.0
176.0 78.0 24.0 129.0
174.0 80.0 24.0 129.0
175.0 82.0 23.0 124.0
176.0 85.0 22.0 119.0
179.0 86.0 22.0 117.0
181.0 87.0 21.0 115.0
182.0 87.0 21.0 115.0
183.0 87.0 21.0 115.0
184.0 87.0 21.0 115.0
185.0 88.0 21.0 112.0
185.0 85.0 21.0 115.0
185.0 86.0 20.0 110.0
185.0 84.0 20.0 110.0
186.0 80.0 20.0 106.0
188.0 81.0 19.0 104.0
188.0 83.0 18.0 100.0
187.0 83.0 18.0 98.0
188.0 84.0 18.0 98.0
187.0 86.0 18.0 98.0
188.0 86.0 18.0 100.0
189.0 86.0 19.0 102.0
189.0 84.0 19.0 104.0
190.0 85.0 19.0 102.0
190.0 86.0 19.0 102.0
191.0 86.0 19.0 102.0
189.0 84.0 20.0 106.0
190.0 84.0 20.0 106.0
192.0 86.0 19.0 102.0
192.0 85.0 19.0 104.0
193.0 85.0 19.0 102.0
193.0 86.0 18.0 100.0
194.0 86.0 19.0 102.0
195.0 86.0 18.0 100.0
195.0 84.0 19.0 104.0
196.0 85.0 19.0 102.0
196.0 85.0 19.0 102.0
197.0 83.0 19.0 104.0
197.0 84.0 18.0 100.0
198.0 83.0 19.0 102.0
197.0 83.0 19.0 102.0
197.0 83.0 19.0 102.0
197.0 84.0 19.0 102.0
196.0 84.0 19.0 104.0
195.0 85.0 19.0 104.0
193.0 86.0 20.0 106.0
193.0 87.0 20.0 110.0
192.0 88.0 20.0 110.0
193.0 89.0 20.0 110.0
192.0 88.0 21.0 115.0
191.0 90.0 20.0 110.0
190.0 89.0 20.0 110.0
190.0 89.0 21.0 112.0
189.0 89.0 20.0 110.0
188.0 89.0 20.0 110.0
188.0 89.0 21.0 112.0
186.0 88.0 21.0 112.0
185.0 88.0 21.0 112.0
184.0 86.0 21.0 115.0
184.0 88.0 20.0 110.0
184.0 86.0 21.0 115.0
184.0 87.0 20.0 110.0
185.0 88.0 20.0 108.0
185.0 87.0 20.0 106.0
185.0 85.0 20.0 106.0
185.0 88.0 19.0 104.0
186.0 90.0 19.0 104.0
187.0 94.0 19.0 102.0
187.0 91.0 20.0 106.0
187.0 88.0 20.0 108.0
188.0 88.0 19.0 104.0
190.0 88.0 19.0 102.0
190.0 84.0 19.0 104.0
190.0 74.0 20.0 106.0
191.0 74.0 20.0 106.0
193.0 76.0 19.0 102.0
195.0 87.0 19.0 102.0
194.0 75.0 20.0 106.0
195.0 73.0 20.0 110.0
196.0 71.0 21.0 115.0
197.0 71.0 21.0 115.0
197.0 74.0 21.0 112.0
197.0 73.0 22.0 117.0
196.0 71.0 22.0 119.0
197.0 72.0 22.0 117.0
197.0 71.0 22.0 119.0
196.0 67.0 23.0 124.0
195.0 71.0 22.0 119.0
195.0 82.0 22.0 117.0
194.0 75.0 21.0 115.0
195.0 79.0 21.0 112.0
195.0 84.0 21.0 112.0
194.0 86.0 20.0 108.0
194.0 84.0 20.0 108.0
193.0 83.0 20.0 106.0
194.0 83.0 19.0 104.0
193.0 81.0 20.0 108.0
193.0 81.0 20.0 108.0
193.0 78.0 21.0 112.0
192.0 74.0 22.0 117.0
192.0 71.0 23.0 122.0
192.0 69.0 23.0 124.0
192.0 69.0 23.0 124.0
192.0 69.0 23.0 124.0
192.0 69.0 23.0 124.0
192.0 70.0 23.0 124.0
192.0 73.0 22.0 119.0
192.0 70.0 23.0 124.0
192.0 73.0 22.0 119.0
192.0 74.0 22.0 117.0
192.0 75.0 22.0 117.0
192.0 75.0 22.0 117.0
192.0 75.0 22.0 117.0
192.0 74.0 22.0 119.0
192.0 74.0 22.0 119.0
193.0 77.0 21.0 115.0
192.0 75.0 22.0 119.0
192.0 71.0 23.0 124.0
192.0 75.0 22.0 119.0
193.0 76.0 22.0 119.0
194.0 78.0 22.0 117.0
195.0 73.0 23.0 122.0
195.0 75.0 22.0 119.0
197.0 76.0 22.0 117.0
200.0 77.0 21.0 115.0
201.0 83.0 20.0 110.0
203.0 85.0 20.0 106.0
205.0 84.0 20.0 108.0
207.0 76.0 21.0 112.0
207.0 73.0 22.0 117.0
207.0 72.0 22.0 119.0
207.0 71.0 22.0 119.0
207.0 71.0 22.0 119.0
206.0 71.0 23.0 122.0
207.0 73.0 22.0 117.0
207.0 71.0 23.0 122.0
207.0 73.0 22.0 117.0
207.0 71.0 22.0 119.0
207.0 71.0 23.0 122.0
207.0 71.0 23.0 124.0
209.0 74.0 22.0 119.0
211.0 72.0 23.0 122.0
212.0 72.0 23.0 124.0
213.0 71.0 23.0 124.0
213.0 71.0 23.0 124.0
214.0 71.0 23.0 122.0
214.0 73.0 22.0 119.0
214.0 77.0 21.0 115.0
212.0 84.0 20.0 110.0
211.0 86.0 20.0 106.0
210.0 84.0 20.0 108.0
210.0 78.0 21.0 112.0
209.0 82.0 20.0 108.0
210.0 85.0 19.0 104.0
211.0 91.0 18.0 100.0
212.0 86.0 18.0 100.0
216.0 87.0 18.0 96.0
218.0 86.0 18.0 100.0
221.0 87.0 19.0 104.0
222.0 86.0 20.0 108.0
223.0 85.0 21.0 112.0
223.0 83.0 22.0 117.0
224.0 83.0 21.0 115.0
223.0 81.0 22.0 119.0
223.0 81.0 22.0 119.0
224.0 80.0 22.0 119.0
225.0 79.0 22.0 119.0
225.0 78.0 22.0 119.0
226.0 78.0 22.0 119.0
226.0 78.0 22.0 119.0
226.0 78.0 22.0 119.0
227.0 78.0 23.0 122.0
227.0 78.0 23.0 124.0
226.0 84.0 22.0 119.0
227.0 88.0 22.0 117.0
228.0 93.0 21.0 112.0
227.0 93.0 21.0 115.0
226.0 95.0 20.0 110.0
225.0 96.0 20.0 106.0
226.0 93.0 20.0 110.0
227.0 92.0 21.0 112.0
227.0 92.0 20.0 110.0
226.0 88.0 21.0 115.0
224.0 85.0 22.0 119.0
224.0 80.0 23.0 124.0
222.0 79.0 23.0 124.0
221.0 78.0 23.0 124.0
220.0 80.0 22.0 119.0
219.0 81.0 22.0 117.0
218.0 81.0 21.0 115.0
217.0 81.0 21.0 115.0
215.0 80.0 21.0 115.0
213.0 80.0 21.0 115.0
212.0 81.0 21.0 112.0
210.0 82.0 20.0 110.0
209.0 83.0 20.0 108.0
207.0 84.0 20.0 108.0
206.0 83.0 20.0 108.0
205.0 84.0 20.0 108.0
204.0 84.0 20.0 108.0
203.0 82.0 20.0 110.0
203.0 84.0 20.0 108.0
202.0 83.0 20.0 110.0
201.0 81.0 21.0 115.0
200.0 83.0 20.0 110.0
200.0 83.0 20.0 110.0
199.0 84.0 20.0 106.0
199.0 84.0 20.0 108.0
197.0 84.0 20.0 106.0
197.0 84.0 20.0 108.0
197.0 83.0 20.0 108.0
196.0 83.0 20.0 106.0
196.0 83.0 20.0 108.0
195.0 84.0 20.0 108.0
195.0 84.0 20.0 106.0
195.0 82.0 20.0 110.0
195.0 83.0 20.0 108.0
195.0 81.0 20.0 110.0
196.0 81.0 21.0 112.0
197.0 82.0 20.0 108.0
197.0 81.0 20.0 110.0
198.0 81.0 20.0 110.0
199.0 79.0 21.0 115.0
199.0 77.0 22.0 119.0
202.0 79.0 22.0 117.0
204.0 80.0 21.0 115.0
204.0 78.0 22.0 119.0
206.0 79.0 21.0 115.0
206.0 82.0 20.0 110.0
206.0 79.0 21.0 115.0
204.0 76.0 22.0 119.0
205.0 76.0 22.0 119.0
206.0 75.0 22.0 119.0
206.0 75.0 22.0 119.0
209.0 77.0 21.0 115.0
209.0 75.0 22.0 119.0
210.0 74.0 22.0 119.0
212.0 76.0 21.0 115.0
212.0 76.0 21.0 115.0
213.0 77.0 21.0 115.0
213.0 80.0 20.0 110.0
213.0 80.0 20.0 110.0
213.0 82.0 20.0 106.0
214.0 82.0 19.0 104.0
213.0 80.0 20.0 108.0
213.0 80.0 20.0 108.0
212.0 80.0 20.0 106.0
212.0 78.0 20.0 110.0
212.0 76.0 21.0 115.0
212.0 78.0 20.0 110.0
212.0 78.0 20.0 110.0
212.0 80.0 20.0 108.0
212.0 77.0 21.0 112.0
212.0 78.0 21.0 112.0
211.0 77.0 21.0 115.0
210.0 77.0 21.0 115.0
210.0 79.0 21.0 112.0
208.0 76.0 22.0 117.0
207.0 74.0 22.0 119.0
207.0 75.0 22.0 117.0
208.0 77.0 21.0 112.0
208.0 77.0 21.0 115.0
208.0 77.0 21.0 115.0
209.0 78.0 21.0 112.0
209.0 78.0 21.0 112.0
209.0 80.0 20.0 108.0
210.0 78.0 21.0 112.0
210.0 78.0 21.0 112.0
209.0 78.0 21.0 112.0
209.0 78.0 21.0 112.0
209.0 78.0 21.0 112.0
207.0 76.0 22.0 117.0
207.0 76.0 22.0 117.0
207.0 75.0 22.0 117.0
209.0 78.0 21.0 112.0
210.0 80.0 20.0 108.0
210.0 78.0 21.0 112.0
211.0 80.0 20.0 108.0
212.0 82.0 19.0 104.0
213.0 82.0 19.0 104.0
214.0 85.0 18.0 100.0
215.0 84.0 19.0 102.0
216.0 85.0 18.0 100.0
217.0 85.0 18.0 100.0
217.0 83.0 19.0 104.0
218.0 84.0 19.0 102.0
216.0 82.0 20.0 106.0
216.0 82.0 20.0 106.0
216.0 81.0 20.0 106.0
217.0 80.0 20.0 108.0
217.0 78.0 21.0 112.0
217.0 81.0 20.0 108.0
217.0 81.0 20.0 106.0
217.0 80.0 20.0 110.0
218.0 81.0 20.0 106.0
220.0 83.0 19.0 102.0
218.0 81.0 20.0 106.0
218.0 79.0 20.0 110.0
219.0 77.0 21.0 115.0
219.0 76.0 22.0 119.0
222.0 79.0 22.0 117.0
226.0 80.0 21.0 112.0
228.0 82.0 20.0 108.0
229.0 84.0 19.0 104.0
228.0 82.0 20.0 106.0
229.0 80.0 20.0 108.0
230.0 77.0 21.0 112.0
230.0 75.0 21.0 115.0
231.0 75.0 21.0 115.0
233.0 77.0 20.0 110.0
235.0 78.0 20.0 108.0
232.0 77.0 21.0 112.0
230.0 75.0 21.0 115.0
229.0 75.0 21.0 115.0
229.0 77.0 20.0 110.0
229.0 77.0 21.0 112.0
229.0 76.0 22.0 117.0
229.0 76.0 21.0 115.0
229.0 78.0 20.0 110.0
243.0 80.0 20.0 106.0
246.0 83.0 19.0 102.0
245.0 87.0 18.0 98.0
247.0 90.0 17.0 94.0
248.0 93.0 17.0 90.0
250.0 96.0 16.0 87.0
251.0 94.0 17.0 90.0
253.0 95.0 17.0 94.0
250.0 95.0 18.0 98.0
251.0 99.0 18.0 96.0
248.0 100.0 18.0 96.0
244.0 97.0 18.0 100.0
243.0 99.0 18.0 96.0
244.0 99.0 18.0 96.0
245.0 102.0 17.0 92.0
245.0 101.0 17.0 94.0
246.0 103.0 17.0 92.0
248.0 105.0 17.0 90.0
250.0 103.0 17.0 94.0
252.0 106.0 17.0 90.0
252.0 103.0 17.0 94.0
250.0 102.0 18.0 96.0
249.0 102.0 18.0 96.0
246.0 104.0 17.0 92.0
255.0 97.0 17.0 94.0
252.0 93.0 18.0 98.0
250.0 92.0 18.0 98.0
248.0 90.0 18.0 98.0
245.0 88.0 18.0 98.0
243.0 86.0 18.0 100.0
240.0 84.0 19.0 102.0
236.0 85.0 18.0 98.0
233.0 84.0 18.0 98.0
231.0 85.0 18.0 96.0
228.0 84.0 18.0 98.0
226.0 85.0 18.0 98.0
224.0 84.0 18.0 100.0
221.0 81.0 19.0 104.0
218.0 80.0 20.0 106.0
217.0 80.0 20.0 108.0
216.0 81.0 19.0 104.0
213.0 80.0 20.0 106.0
211.0 80.0 20.0 106.0
210.0 80.0 20.0 108.0
209.0 78.0 21.0 112.0
208.0 81.0 20.0 108.0
206.0 82.0 20.0 106.0
207.0 84.0 19.0 102.0
205.0 86.0 18.0 100.0
202.0 87.0 18.0 98.0
199.0 86.0 19.0 102.0
196.0 88.0 18.0 98.0
194.0 87.0 19.0 102.0
191.0 84.0 20.0 106.0
191.0 83.0 20.0 108.0
190.0 81.0 21.0 112.0
187.0 82.0 20.0 110.0
188.0 83.0 20.0 108.0
185.0 82.0 20.0 110.0
182.0 85.0 20.0 106.0
183.0 90.0 19.0 102.0
183.0 93.0 18.0 100.0
182.0 88.0 19.0 104.0
180.0 85.0 20.0 108.0
176.0 87.0 20.0 106.0
176.0 88.0 19.0 104.0
176.0 89.0 19.0 102.0
175.0 87.0 19.0 104.0
173.0 85.0 20.0 106.0
174.0 86.0 19.0 104.0
174.0 86.0 19.0 104.0
175.0 86.0 19.0 104.0
175.0 85.0 20.0 106.0
177.0 85.0 20.0 106.0
178.0 84.0 20.0 108.0
179.0 83.0 20.0 110.0
181.0 85.0 20.0 108.0
182.0 86.0 20.0 106.0
183.0 83.0 20.0 110.0
184.0 85.0 20.0 106.0
185.0 84.0 20.0 108.0
186.0 84.0 20.0 106.0
188.0 86.0 19.0 104.0
189.0 85.0 19.0 104.0
188.0 84.0 20.0 108.0
189.0 85.0 19.0 104.0
189.0 83.0 20.0 108.0
189.0 84.0 20.0 108.0
189.0 83.0 20.0 108.0
189.0 83.0 20.0 106.0
190.0 81.0 20.0 110.0
190.0 81.0 20.0 110.0
191.0 82.0 20.0 106.0
191.0 82.0 20.0 106.0
191.0 81.0 20.0 108.0
190.0 81.0 20.0 106.0
190.0 81.0 20.0 106.0
191.0 81.0 20.0 106.0
192.0 80.0 20.0 108.0
193.0 81.0 19.0 104.0
193.0 80.0 20.0 106.0
194.0 78.0 20.0 110.0
194.0 78.0 20.0 110.0
194.0 78.0 20.0 110.0
194.0 80.0 20.0 106.0
194.0 80.0 20.0 106.0
194.0 80.0 20.0 106.0
195.0 79.0 20.0 108.0
196.0 81.0 19.0 104.0
196.0 81.0 19.0 104.0
196.0 81.0 19.0 104.0
195.0 80.0 20.0 106.0
195.0 79.0 20.0 110.0
196.0 80.0 20.0 106.0
197.0 80.0 20.0 106.0
199.0 81.0 19.0 104.0
199.0 80.0 20.0 106.0
200.0 80.0 20.0 108.0
200.0 80.0 20.0 108.0
201.0 80.0 20.0 106.0
202.0 81.0 20.0 106.0
203.0 80.0 20.0 108.0
204.0 80.0 20.0 108.0
205.0 79.0 20.0 110.0
206.0 79.0 20.0 110.0
207.0 80.0 20.0 106.0
207.0 80.0 20.0 106.0
208.0 80.0 20.0 106.0
209.0 80.0 20.0 106.0
210.0 80.0 20.0 106.0
210.0 80.0 20.0 106.0
211.0 80.0 20.0 108.0
212.0 80.0 20.0 108.0
212.0 79.0 20.0 110.0
213.0 80.0 20.0 108.0
214.0 80.0 20.0 108.0
214.0 81.0 20.0 106.0
214.0 79.0 20.0 110.0
215.0 79.0 20.0 110.0
216.0 81.0 20.0 108.0
216.0 81.0 20.0 106.0
217.0 81.0 20.0 108.0
217.0 79.0 20.0 110.0
218.0 81.0 20.0 108.0
218.0 79.0 20.0 110.0
219.0 81.0 20.0 108.0
219.0 80.0 20.0 110.0
219.0 81.0 20.0 108.0
220.0 81.0 20.0 108.0
219.0 80.0 20.0 110.0
219.0 80.0 20.0 110.0
220.0 82.0 20.0 108.0
220.0 80.0 20.0 110.0
220.0 82.0 20.0 108.0
220.0 82.0 20.0 106.0
220.0 82.0 20.0 106.0
221.0 81.0 20.0 110.0
221.0 81.0 20.0 110.0
221.0 83.0 20.0 106.0
222.0 83.0 20.0 108.0
222.0 83.0 20.0 108.0
222.0 84.0 20.0 106.0
221.0 84.0 20.0 106.0
222.0 82.0 20.0 110.0
222.0 84.0 20.0 108.0
221.0 84.0 20.0 108.0
220.0 84.0 20.0 106.0
220.0 84.0 20.0 106.0
220.0 84.0 20.0 108.0
219.0 84.0 20.0 106.0
219.0 84.0 20.0 106.0
219.0 84.0 20.0 106.0
219.0 84.0 20.0 106.0
219.0 84.0 20.0 108.0
219.0 84.0 20.0 108.0
219.0 84.0 20.0 108.0
219.0 84.0 20.0 108.0
218.0 85.0 20.0 106.0
219.0 84.0 20.0 108.0
218.0 85.0 20.0 106.0
218.0 85.0 20.0 106.0
218.0 85.0 20.0 108.0
219.0 86.0 19.0 104.0
219.0 86.0 19.0 104.0
218.0 86.0 19.0 104.0
218.0 86.0 19.0 104.0
218.0 85.0 19.0 104.0
219.0 88.0 18.0 100.0
218.0 85.0 19.0 104.0
218.0 84.0 19.0 104.0
216.0 82.0 20.0 106.0
216.0 82.0 19.0 104.0
216.0 82.0 19.0 104.0
217.0 82.0 19.0 104.0
218.0 82.0 19.0 104.0
218.0 83.0 19.0 104.0
219.0 84.0 19.0 102.0
219.0 85.0 19.0 102.0
218.0 85.0 19.0 102.0
218.0 85.0 19.0 102.0
217.0 82.0 20.0 106.0
218.0 85.0 19.0 102.0
217.0 83.0 20.0 106.0
217.0 81.0 20.0 108.0
218.0 83.0 19.0 104.0
217.0 81.0 20.0 108.0
218.0 80.0 20.0 108.0
218.0 80.0 20.0 106.0
217.0 79.0 20.0 106.0
219.0 80.0 19.0 102.0
219.0 79.0 19.0 104.0
220.0 82.0 18.0 100.0
220.0 83.0 18.0 98.0
221.0 83.0 18.0 100.0
220.0 84.0 18.0 98.0
220.0 83.0 19.0 102.0
221.0 84.0 18.0 100.0
220.0 82.0 19.0 102.0
220.0 83.0 19.0 102.0
220.0 83.0 19.0 102.0
220.0 83.0 19.0 102.0
220.0 83.0 19.0 102.0
219.0 81.0 19.0 104.0
220.0 84.0 18.0 100.0
220.0 82.0 19.0 104.0
218.0 82.0 20.0 106.0
219.0 83.0 19.0 104.0
217.0 82.0 20.0 106.0
218.0 83.0 19.0 104.0
218.0 83.0 19.0 104.0
217.0 82.0 20.0 106.0
217.0 81.0 20.0 106.0
219.0 85.0 19.0 102.0
217.0 82.0 20.0 106.0
219.0 83.0 19.0 104.0
219.0 83.0 19.0 104.0
220.0 83.0 19.0 104.0
220.0 82.0 19.0 104.0
219.0 83.0 19.0 104.0
219.0 83.0 19.0 104.0
218.0 84.0 19.0 104.0
217.0 84.0 20.0 106.0
217.0 84.0 20.0 108.0
218.0 86.0 19.0 104.0
217.0 86.0 19.0 104.0
216.0 85.0 20.0 106.0
217.0 86.0 19.0 104.0
216.0 86.0 19.0 104.0
215.0 85.0 20.0 106.0
215.0 84.0 20.0 106.0
215.0 84.0 19.0 104.0
214.0 83.0 20.0 106.0
214.0 83.0 20.0 106.0
214.0 84.0 20.0 106.0
215.0 87.0 19.0 102.0
215.0 87.0 18.0 100.0
215.0 85.0 19.0 104.0
214.0 84.0 20.0 106.0
214.0 84.0 20.0 106.0
215.0 85.0 19.0 102.0
215.0 84.0 19.0 104.0
215.0 85.0 19.0 102.0
215.0 83.0 19.0 104.0
215.0 83.0 19.0 104.0
215.0 82.0 20.0 106.0
216.0 83.0 19.0 104.0
217.0 82.0 19.0 104.0
217.0 83.0 19.0 104.0
218.0 83.0 19.0 104.0
218.0 82.0 19.0 104.0
218.0 82.0 19.0 104.0
219.0 82.0 19.0 104.0
219.0 83.0 19.0 102.0
220.0 83.0 19.0 102.0
219.0 81.0 19.0 104.0
219.0 81.0 19.0 104.0
220.0 81.0 19.0 104.0
220.0 82.0 19.0 102.0
220.0 83.0 18.0 100.0
219.0 81.0 19.0 104.0
219.0 81.0 19.0 104.0
218.0 82.0 19.0 104.0
218.0 82.0 19.0 104.0
218.0 83.0 19.0 102.0
217.0 84.0 19.0 102.0
217.0 86.0 19.0 102.0
216.0 86.0 19.0 102.0
215.0 87.0 19.0 102.0
214.0 87.0 19.0 102.0
212.0 88.0 18.0 98.0
211.0 88.0 18.0 98.0
210.0 87.0 19.0 102.0
210.0 87.0 19.0 102.0
208.0 89.0 18.0 98.0
208.0 90.0 18.0 96.0
207.0 88.0 18.0 100.0
206.0 87.0 19.0 102.0
205.0 87.0 19.0 102.0
205.0 88.0 18.0 100.0
204.0 90.0 18.0 96.0
204.0 90.0 18.0 96.0
204.0 88.0 18.0 100.0
204.0 90.0 18.0 96.0
204.0 88.0 18.0 98.0
204.0 88.0 18.0 98.0
204.0 88.0 18.0 98.0
204.0 88.0 18.0 98.0
206.0 90.0 17.0 94.0
205.0 88.0 18.0 98.0
206.0 87.0 19.0 102.0
207.0 88.0 18.0 100.0
207.0 88.0 18.0 100.0
207.0 88.0 18.0 98.0
208.0 87.0 19.0 102.0
209.0 88.0 18.0 100.0
209.0 88.0 18.0 98.0
210.0 89.0 18.0 96.0
211.0 88.0 18.0 98.0
212.0 88.0 18.0 98.0
213.0 87.0 18.0 100.0
214.0 88.0 18.0 98.0
215.0 86.0 19.0 102.0
216.0 85.0 19.0 104.0
217.0 87.0 19.0 102.0
217.0 86.0 19.0 104.0
217.0 86.0 19.0 104.0
217.0 87.0 19.0 104.0
217.0 88.0 19.0 102.0
215.0 86.0 20.0 106.0
214.0 86.0 20.0 108.0
214.0 87.0 19.0 104.0
212.0 86.0 20.0 108.0
210.0 87.0 20.0 106.0
208.0 87.0 20.0 106.0
208.0 89.0 19.0 102.0
204.0 86.0 20.0 106.0
203.0 88.0 19.0 102.0
199.0 86.0 20.0 106.0
197.0 85.0 20.0 108.0
194.0 85.0 20.0 108.0
191.0 86.0 20.0 108.0
188.0 87.0 20.0 108.0
185.0 88.0 20.0 108.0
182.0 88.0 21.0 112.0
179.0 91.0 20.0 108.0
176.0 90.0 20.0 110.0
175.0 89.0 21.0 112.0
174.0 90.0 20.0 108.0
177.0 91.0 19.0 104.0
175.0 93.0 18.0 100.0
182.0 91.0 19.0 104.0
182.0 88.0 20.0 108.0
184.0 87.0 21.0 112.0
185.0 88.0 20.0 108.0
185.0 86.0 20.0 110.0
186.0 87.0 20.0 108.0
187.0 87.0 20.0 108.0
185.0 86.0 20.0 106.0
184.0 85.0 20.0 108.0
184.0 84.0 20.0 108.0
185.0 85.0 19.0 104.0
187.0 85.0 19.0 102.0
187.0 85.0 19.0 102.0
187.0 84.0 19.0 102.0
187.0 83.0 19.0 104.0
187.0 82.0 20.0 106.0
188.0 84.0 19.0 104.0
189.0 84.0 19.0 104.0
189.0 83.0 20.0 106.0
190.0 82.0 20.0 106.0
191.0 81.0 20.0 106.0
194.0 82.0 19.0 104.0
195.0 81.0 19.0 104.0
196.0 80.0 20.0 106.0
197.0 80.0 20.0 106.0
201.0 82.0 19.0 102.0
203.0 83.0 18.0 98.0
204.0 82.0 19.0 102.0
205.0 83.0 18.0 98.0
205.0 84.0 18.0 98.0
206.0 84.0 18.0 98.0
207.0 84.0 18.0 98.0
208.0 84.0 18.0 98.0
209.0 84.0 18.0 98.0
210.0 84.0 18.0 100.0
210.0 82.0 19.0 104.0
211.0 83.0 19.0 104.0
212.0 83.0 19.0 104.0
212.0 83.0 19.0 104.0
212.0 83.0 19.0 104.0
212.0 83.0 19.0 104.0
213.0 84.0 19.0 104.0
211.0 79.0 20.0 106.0
211.0 82.0 20.0 106.0
211.0 80.0 20.0 108.0
210.0 77.0 21.0 112.0
211.0 78.0 21.0 112.0
210.0 77.0 21.0 115.0
209.0 77.0 22.0 119.0
211.0 81.0 21.0 115.0
211.0 83.0 21.0 115.0
212.0 86.0 21.0 112.0
213.0 86.0 21.0 112.0
214.0 86.0 21.0 112.0
216.0 85.0 21.0 112.0
217.0 85.0 21.0 112.0
217.0 85.0 21.0 112.0
217.0 86.0 20.0 110.0
217.0 85.0 21.0 115.0
217.0 85.0 21.0 115.0
218.0 86.0 21.0 112.0
217.0 85.0 22.0 117.0
216.0 85.0 22.0 117.0
216.0 84.0 22.0 117.0
215.0 83.0 22.0 117.0
215.0 84.0 21.0 115.0
216.0 84.0 21.0 115.0
217.0 84.0 21.0 115.0
216.0 83.0 22.0 119.0
216.0 84.0 22.0 119.0
216.0 84.0 22.0 119.0
216.0 85.0 22.0 117.0
215.0 84.0 22.0 119.0
216.0 86.0 22.0 117.0
215.0 83.0 23.0 122.0
215.0 83.0 23.0 122.0
215.0 85.0 22.0 119.0
215.0 84.0 23.0 122.0
215.0 87.0 22.0 117.0
215.0 84.0 23.0 122.0
214.0 85.0 22.0 119.0
