340.0 358.0 18.0 54.0
340.0 357.0 18.0 56.0
341.0 358.0 17.0 54.0
339.0 359.0 17.0 54.0
337.0 359.0 17.0 54.0
336.0 359.0 18.0 56.0
333.0 359.0 18.0 56.0
330.0 358.0 18.0 56.0
328.0 357.0 17.0 54.0
324.0 356.0 18.0 56.0
322.0 359.0 17.0 53.0
320.0 359.0 17.0 54.0
317.0 360.0 17.0 53.0
314.0 360.0 17.0 53.0
313.0 361.0 18.0 56.0
313.0 361.0 18.0 56.0
311.0 363.0 17.0 54.0
309.0 363.0 18.0 56.0
307.0 365.0 17.0 54.0
307.0 366.0 17.0 54.0
307.0 366.0 17.0 54.0
307.0 368.0 17.0 54.0
305.0 369.0 18.0 56.0
305.0 371.0 17.0 53.0
305.0 371.0 17.0 54.0
302.0 371.0 17.0 54.0
300.0 371.0 18.0 56.0
299.0 373.0 18.0 56.0
298.0 375.0 17.0 54.0
298.0 377.0 17.0 52.0
298.0 377.0 17.0 52.0
297.0 379.0 17.0 52.0
297.0 380.0 17.0 52.0
297.0 380.0 17.0 52.0
297.0 379.0 17.0 53.0
298.0 379.0 17.0 53.0
298.0 380.0 17.0 52.0
299.0 379.0 17.0 54.0
299.0 379.0 17.0 54.0
299.0 380.0 17.0 53.0
297.0 378.0 17.0 54.0
296.0 378.0 17.0 52.0
296.0 378.0 17.0 52.0
295.0 378.0 17.0 52.0
294.0 377.0 17.0 53.0
293.0 377.0 17.0 52.0
293.0 378.0 17.0 52.0
293.0 378.0 17.0 52.0
292.0 376.0 17.0 52.0
292.0 376.0 17.0 53.0
292.0 376.0 17.0 53.0
292.0 376.0 17.0 53.0
293.0 377.0 16.0 51.0
292.0 378.0 17.0 52.0
292.0 378.0 17.0 52.0
292.0 379.0 17.0 52.0
290.0 380.0 16.0 51.0
290.0 381.0 16.0 50.0
288.0 382.0 16.0 51.0
286.0 383.0 16.0 51.0
284.0 383.0 17.0 53.0
283.0 386.0 16.0 51.0
281.0 387.0 16.0 51.0
280.0 387.0 17.0 52.0
279.0 389.0 16.0 51.0
277.0 389.0 16.0 51.0
277.0 387.0 17.0 52.0
275.0 386.0 16.0 51.0
275.0 385.0 17.0 52.0
274.0 384.0 17.0 52.0
273.0 382.0 17.0 52.0
273.0 381.0 17.0 52.0
274.0 380.0 16.0 51.0
273.0 378.0 16.0 50.0
271.0 376.0 16.0 49.0
269.0 374.0 16.0 51.0
268.0 373.0 17.0 52.0
267.0 372.0 17.0 52.0
265.0 373.0 16.0 50.0
265.0 372.0 16.0 51.0
266.0 370.0 17.0 53.0
266.0 373.0 16.0 51.0
266.0 373.0 16.0 51.0
266.0 374.0 16.0 51.0
265.0 374.0 17.0 52.0
264.0 373.0 17.0 52.0
261.0 372.0 16.0 51.0
261.0 370.0 17.0 53.0
259.0 369.0 16.0 51.0
259.0 370.0 16.0 50.0
257.0 371.0 16.0 49.0
254.0 371.0 16.0 49.0
255.0 372.0 15.0 48.0
253.0 370.0 16.0 50.0
252.0 368.0 17.0 52.0
249.0 367.0 16.0 51.0
249.0 366.0 17.0 53.0
249.0 366.0 16.0 51.0
249.0 364.0 17.0 53.0
249.0 364.0 17.0 52.0
249.0 364.0 17.0 52.0
248.0 365.0 17.0 52.0
247.0 364.0 17.0 53.0
246.0 363.0 17.0 52.0
246.0 362.0 17.0 52.0
244.0 363.0 17.0 53.0
244.0 365.0 17.0 52.0
242.0 365.0 16.0 51.0
241.0 365.0 17.0 52.0
240.0 366.0 17.0 52.0
239.0 366.0 17.0 52.0
239.0 364.0 16.0 50.0
240.0 363.0 16.0 51.0
242.0 363.0 16.0 50.0
248.0 361.0 15.0 48.0
250.0 354.0 16.0 50.0
252.0 351.0 16.0 50.0
251.0 349.0 16.0 50.0
251.0 351.0 16.0 50.0
251.0 351.0 16.0 50.0
251.0 350.0 16.0 50.0
253.0 350.0 16.0 50.0
256.0 353.0 15.0 48.0
257.0 352.0 16.0 50.0
259.0 353.0 16.0 50.0
259.0 352.0 16.0 51.0
262.0 352.0 16.0 50.0
262.0 352.0 16.0 50.0
262.0 351.0 16.0 51.0
262.0 352.0 16.0 50.0
260.0 352.0 16.0 51.0
260.0 353.0 16.0 51.0
261.0 353.0 16.0 51.0
261.0 354.0 16.0 49.0
261.0 355.0 16.0 49.0
262.0 353.0 16.0 50.0
262.0 351.0 16.0 50.0
261.0 350.0 16.0 50.0
261.0 349.0 16.0 50.0
262.0 348.0 16.0 51.0
262.0 347.0 16.0 50.0
263.0 346.0 17.0 52.0
261.0 347.0 17.0 52.0
259.0 349.0 16.0 51.0
259.0 350.0 16.0 50.0
259.0 349.0 16.0 50.0
260.0 349.0 16.0 51.0
260.0 351.0 16.0 50.0
258.0 354.0 16.0 51.0
256.0 358.0 16.0 49.0
254.0 358.0 16.0 49.0
251.0 358.0 16.0 51.0
248.0 359.0 16.0 49.0
245.0 360.0 16.0 49.0
244.0 359.0 16.0 50.0
243.0 357.0 17.0 52.0
243.0 356.0 17.0 53.0
243.0 356.0 17.0 52.0
242.0 356.0 17.0 52.0
241.0 357.0 17.0 53.0
239.0 357.0 18.0 56.0
238.0 359.0 18.0 56.0
237.0 360.0 17.0 54.0
236.0 360.0 17.0 54.0
235.0 359.0 18.0 56.0
233.0 358.0 19.0 58.0
232.0 362.0 18.0 57.0
230.0 360.0 18.0 57.0
229.0 359.0 18.0 57.0
226.0 356.0 19.0 59.0
225.0 355.0 20.0 61.0
222.0 351.0 21.0 64.0
222.0 349.0 21.0 65.0
220.0 345.0 21.0 65.0
220.0 343.0 21.0 67.0
218.0 344.0 21.0 67.0
215.0 344.0 22.0 68.0
212.0 343.0 22.0 68.0
215.0 343.0 22.0 69.0
214.0 343.0 22.0 69.0
212.0 342.0 23.0 72.0
210.0 345.0 24.0 75.0
210.0 346.0 24.0 74.0
209.0 347.0 24.0 75.0
208.0 345.0 25.0 78.0
205.0 345.0 25.0 78.0
203.0 347.0 26.0 81.0
200.0 347.0 27.0 83.0
198.0 349.0 26.0 81.0
195.0 346.0 27.0 83.0
193.0 346.0 27.0 85.0
191.0 348.0 27.0 85.0
186.0 347.0 28.0 88.0
185.0 345.0 28.0 88.0
183.0 344.0 30.0 92.0
182.0 349.0 29.0 90.0
180.0 353.0 30.0 92.0
178.0 353.0 30.0 92.0
176.0 352.0 31.0 95.0
173.0 352.0 31.0 97.0
172.0 352.0 31.0 97.0
170.0 356.0 31.0 95.0
167.0 359.0 32.0 99.0
164.0 358.0 33.0 103.0
162.0 357.0 34.0 105.0
162.0 359.0 35.0 107.0
162.0 362.0 35.0 109.0
159.0 361.0 36.0 112.0
156.0 358.0 38.0 116.0
156.0 362.0 36.0 112.0
151.0 365.0 37.0 114.0
149.0 363.0 38.0 116.0
148.0 360.0 38.0 119.0
146.0 361.0 39.0 121.0
140.0 363.0 40.0 123.0
137.0 357.0 40.0 123.0
130.0 351.0 42.0 128.0
130.0 352.0 41.0 126.0
131.0 346.0 42.0 128.0
132.0 338.0 43.0 131.0
137.0 338.0 43.0 131.0
143.0 341.0 42.0 128.0
151.0 340.0 43.0 134.0
160.0 335.0 45.0 139.0
169.0 327.0 47.0 145.0
178.0 319.0 49.0 150.0
186.0 319.0 49.0 150.0
193.0 325.0 51.0 157.0
200.0 328.0 52.0 160.0
207.0 334.0 50.0 154.0
212.0 338.0 50.0 154.0
215.0 338.0 52.0 160.0
216.0 342.0 53.0 163.0
215.0 341.0 54.0 166.0
218.0 350.0 52.0 160.0
218.0 355.0 54.0 166.0
218.0 353.0 56.0 173.0
223.0 352.0 59.0 180.0
223.0 354.0 61.0 187.0
230.0 355.0 62.0 191.0
235.0 359.0 62.0 191.0
241.0 354.0 63.0 195.0
238.0 342.0 66.0 203.0
239.0 340.0 65.0 199.0
230.0 326.0 66.0 203.0
229.0 319.0 65.0 199.0
225.0 311.0 65.0 199.0
224.0 300.0 65.0 199.0
231.0 296.0 62.0 191.0
228.0 290.0 61.0 187.0
233.0 293.0 62.0 191.0
232.0 289.0 61.0 187.0
236.0 281.0 61.0 187.0
241.0 287.0 62.0 191.0
246.0 294.0 63.0 195.0
245.0 286.0 66.0 203.0
257.0 281.0 63.0 195.0
266.0 284.0 62.0 191.0
267.0 291.0 61.0 187.0
271.0 289.0 63.0 195.0
274.0 297.0 61.0 187.0
274.0 295.0 63.0 195.0
274.0 301.0 63.0 195.0
273.0 302.0 63.0 195.0
267.0 296.0 63.0 195.0
263.0 294.0 63.0 195.0
259.0 293.0 63.0 195.0
252.0 289.0 62.0 191.0
249.0 279.0 65.0 199.0
244.0 280.0 65.0 199.0
242.0 278.0 66.0 203.0
245.0 278.0 66.0 203.0
258.0 282.0 66.0 203.0
265.0 276.0 65.0 199.0
272.0 270.0 63.0 195.0
272.0 264.0 65.0 199.0
278.0 259.0 63.0 195.0
288.0 250.0 65.0 199.0
287.0 242.0 66.0 203.0
288.0 244.0 66.0 203.0
290.0 258.0 63.0 195.0
294.0 265.0 61.0 187.0
300.0 262.0 63.0 195.0
299.0 261.0 66.0 203.0
299.0 265.0 66.0 203.0
298.0 266.0 65.0 199.0
299.0 263.0 66.0 203.0
299.0 260.0 66.0 203.0
296.0 265.0 63.0 195.0
288.0 267.0 63.0 195.0
285.0 267.0 63.0 195.0
278.0 270.0 61.0 187.0
276.0 263.0 63.0 195.0
273.0 254.0 65.0 199.0
272.0 254.0 63.0 195.0
263.0 260.0 61.0 187.0
259.0 264.0 62.0 191.0
256.0 263.0 62.0 191.0
255.0 267.0 61.0 187.0
252.0 272.0 60.0 184.0
250.0 267.0 62.0 191.0
252.0 269.0 61.0 187.0
248.0 270.0 62.0 191.0
246.0 267.0 65.0 199.0
243.0 260.0 65.0 199.0
238.0 258.0 65.0 199.0
233.0 257.0 62.0 191.0
240.0 260.0 62.0 191.0
246.0 264.0 62.0 191.0
256.0 268.0 63.0 195.0
261.0 275.0 61.0 187.0
267.0 277.0 63.0 195.0
272.0 288.0 61.0 187.0
280.0 300.0 63.0 195.0
284.0 313.0 66.0 203.0
285.0 317.0 66.0 203.0
292.0 322.0 65.0 199.0
291.0 326.0 66.0 203.0
294.0 333.0 66.0 203.0
294.0 335.0 66.0 203.0
297.0 337.0 66.0 203.0
298.0 340.0 66.0 203.0
299.0 345.0 63.0 195.0
301.0 351.0 61.0 187.0
303.0 358.0 61.0 187.0
300.0 364.0 61.0 187.0
297.0 363.0 63.0 195.0
291.0 360.0 66.0 203.0
292.0 369.0 63.0 195.0
289.0 374.0 62.0 191.0
285.0 383.0 62.0 191.0
279.0 391.0 62.0 191.0
278.0 387.0 63.0 195.0
278.0 383.0 63.0 195.0
277.0 380.0 63.0 195.0
272.0 373.0 65.0 199.0
270.0 367.0 65.0 199.0
268.0 362.0 65.0 199.0
267.0 359.0 63.0 195.0
269.0 357.0 61.0 187.0
273.0 348.0 61.0 187.0
275.0 343.0 61.0 187.0
275.0 339.0 62.0 191.0
276.0 335.0 65.0 199.0
275.0 337.0 66.0 203.0
276.0 342.0 65.0 199.0
275.0 345.0 65.0 199.0
273.0 347.0 66.0 203.0
272.0 353.0 65.0 199.0
274.0 357.0 62.0 191.0
273.0 363.0 62.0 191.0
269.0 366.0 61.0 187.0
264.0 359.0 62.0 191.0
264.0 353.0 63.0 195.0
265.0 350.0 61.0 187.0
266.0 344.0 60.0 184.0
257.0 426.0 61.0 187.0
259.0 429.0 60.0 184.0
263.0 421.0 62.0 191.0
275.0 422.0 60.0 184.0
267.0 339.0 61.0 187.0
276.0 333.0 62.0 191.0
283.0 330.0 62.0 191.0
292.0 331.0 60.0 184.0
306.0 331.0 59.0 180.0
318.0 335.0 57.0 176.0
327.0 340.0 57.0 176.0
340.0 342.0 59.0 180.0
353.0 337.0 61.0 187.0
372.0 344.0 59.0 180.0
385.0 349.0 61.0 187.0
395.0 354.0 59.0 180.0
404.0 352.0 59.0 180.0
415.0 345.0 60.0 184.0
433.0 342.0 59.0 180.0
447.0 336.0 61.0 187.0
457.0 338.0 63.0 195.0
461.0 344.0 63.0 195.0
464.0 346.0 61.0 187.0
466.0 342.0 59.0 180.0
467.0 344.0 56.0 173.0
466.0 347.0 59.0 180.0
458.0 351.0 61.0 187.0
447.0 345.0 63.0 195.0
434.0 349.0 61.0 187.0
420.0 348.0 62.0 191.0
403.0 353.0 60.0 184.0
389.0 352.0 62.0 191.0
376.0 351.0 61.0 187.0
362.0 353.0 60.0 184.0
353.0 359.0 57.0 176.0
342.0 358.0 57.0 176.0
333.0 359.0 57.0 176.0
324.0 366.0 57.0 176.0
322.0 363.0 59.0 180.0
316.0 362.0 59.0 180.0
310.0 369.0 56.0 173.0
304.0 368.0 56.0 173.0
299.0 363.0 59.0 180.0
293.0 366.0 56.0 173.0
284.0 366.0 57.0 176.0
281.0 367.0 59.0 180.0
280.0 371.0 59.0 180.0
276.0 374.0 57.0 176.0
275.0 373.0 59.0 180.0
276.0 377.0 57.0 176.0
274.0 375.0 60.0 184.0
278.0 381.0 57.0 176.0
276.0 377.0 60.0 184.0
277.0 377.0 60.0 184.0
279.0 378.0 60.0 184.0
281.0 380.0 60.0 184.0
284.0 379.0 59.0 180.0
284.0 369.0 60.0 184.0
283.0 369.0 59.0 180.0
283.0 366.0 59.0 180.0
281.0 360.0 61.0 187.0
279.0 359.0 60.0 184.0
281.0 359.0 57.0 176.0
281.0 353.0 57.0 176.0
279.0 348.0 59.0 180.0
278.0 351.0 57.0 176.0
276.0 347.0 57.0 176.0
276.0 343.0 57.0 176.0
272.0 342.0 60.0 184.0
271.0 353.0 59.0 180.0
272.0 363.0 56.0 173.0
272.0 365.0 57.0 176.0
267.0 363.0 59.0 180.0
261.0 364.0 61.0 187.0
259.0 365.0 61.0 187.0
257.0 360.0 60.0 184.0
259.0 356.0 57.0 176.0
259.0 349.0 59.0 180.0
257.0 348.0 59.0 180.0
252.0 348.0 59.0 180.0
249.0 342.0 61.0 187.0
242.0 345.0 60.0 184.0
239.0 345.0 61.0 187.0
234.0 345.0 60.0 184.0
233.0 349.0 59.0 180.0
231.0 349.0 59.0 180.0
229.0 344.0 59.0 180.0
227.0 331.0 59.0 180.0
227.0 318.0 61.0 187.0
236.0 310.0 59.0 180.0
245.0 298.0 60.0 184.0
256.0 290.0 57.0 176.0
264.0 274.0 57.0 176.0
275.0 257.0 60.0 184.0
288.0 249.0 59.0 180.0
298.0 248.0 59.0 180.0
300.0 252.0 57.0 176.0
305.0 254.0 57.0 176.0
304.0 260.0 57.0 176.0
306.0 265.0 56.0 173.0
304.0 264.0 57.0 176.0
303.0 274.0 56.0 173.0
302.0 284.0 57.0 176.0
299.0 288.0 59.0 180.0
298.0 286.0 59.0 180.0
300.0 288.0 57.0 176.0
306.0 291.0 55.0 170.0
308.0 287.0 55.0 170.0
307.0 281.0 57.0 176.0
307.0 282.0 56.0 173.0
309.0 283.0 57.0 176.0
308.0 281.0 59.0 180.0
313.0 286.0 57.0 176.0
316.0 291.0 57.0 176.0
326.0 288.0 57.0 176.0
340.0 289.0 55.0 170.0
349.0 285.0 56.0 173.0
359.0 283.0 56.0 173.0
365.0 282.0 57.0 176.0
372.0 286.0 56.0 173.0
379.0 286.0 55.0 170.0
383.0 287.0 55.0 170.0
388.0 296.0 55.0 170.0
385.0 295.0 57.0 176.0
373.0 292.0 60.0 184.0
371.0 300.0 60.0 184.0
373.0 302.0 59.0 180.0
379.0 309.0 57.0 176.0
386.0 317.0 56.0 173.0
395.0 316.0 57.0 176.0
400.0 317.0 55.0 170.0
401.0 321.0 54.0 166.0
408.0 327.0 55.0 170.0
412.0 325.0 56.0 173.0
413.0 319.0 57.0 176.0
412.0 318.0 56.0 173.0
402.0 319.0 55.0 170.0
377.0 318.0 56.0 173.0
361.0 327.0 55.0 170.0
345.0 332.0 54.0 166.0
321.0 325.0 56.0 173.0
310.0 323.0 56.0 173.0
296.0 330.0 55.0 170.0
282.0 336.0 55.0 170.0
271.0 341.0 55.0 170.0
265.0 348.0 55.0 170.0
259.0 351.0 56.0 173.0
259.0 358.0 56.0 173.0
249.0 359.0 57.0 176.0
252.0 363.0 57.0 176.0
258.0 368.0 55.0 170.0
257.0 359.0 57.0 176.0
268.0 353.0 57.0 176.0
270.0 331.0 59.0 180.0
265.0 323.0 56.0 173.0
253.0 314.0 59.0 180.0
235.0 312.0 56.0 173.0
215.0 308.0 59.0 180.0
217.0 310.0 56.0 173.0
216.0 301.0 54.0 166.0
223.0 291.0 55.0 170.0
230.0 286.0 55.0 170.0
232.0 284.0 53.0 163.0
244.0 275.0 54.0 166.0
260.0 269.0 54.0 166.0
271.0 258.0 56.0 173.0
282.0 250.0 57.0 176.0
290.0 249.0 57.0 176.0
303.0 253.0 57.0 176.0
310.0 258.0 55.0 170.0
318.0 263.0 53.0 163.0
324.0 273.0 53.0 163.0
317.0 279.0 54.0 166.0
312.0 289.0 54.0 166.0
315.0 295.0 53.0 163.0
315.0 289.0 55.0 170.0
312.0 290.0 55.0 170.0
312.0 289.0 57.0 176.0
320.0 284.0 55.0 170.0
334.0 276.0 55.0 170.0
343.0 271.0 56.0 173.0
356.0 276.0 54.0 166.0
369.0 270.0 56.0 173.0
381.0 272.0 55.0 170.0
391.0 278.0 56.0 173.0
400.0 278.0 55.0 170.0
417.0 276.0 53.0 163.0
433.0 272.0 55.0 170.0
441.0 273.0 55.0 170.0
449.0 271.0 55.0 170.0
452.0 274.0 54.0 166.0
454.0 280.0 52.0 160.0
455.0 283.0 51.0 157.0
455.0 287.0 51.0 157.0
452.0 284.0 53.0 163.0
451.0 291.0 53.0 163.0
444.0 293.0 55.0 170.0
434.0 295.0 54.0 166.0
430.0 300.0 55.0 170.0
417.0 300.0 55.0 170.0
404.0 307.0 55.0 170.0
387.0 315.0 55.0 170.0
370.0 315.0 56.0 173.0
360.0 322.0 55.0 170.0
345.0 325.0 54.0 166.0
334.0 322.0 55.0 170.0
329.0 322.0 55.0 170.0
320.0 326.0 54.0 166.0
318.0 327.0 55.0 170.0
315.0 331.0 55.0 170.0
307.0 337.0 54.0 166.0
307.0 338.0 55.0 170.0
306.0 332.0 57.0 176.0
304.0 328.0 56.0 173.0
302.0 325.0 56.0 173.0
303.0 322.0 56.0 173.0
304.0 313.0 57.0 176.0
308.0 310.0 56.0 173.0
306.0 309.0 55.0 170.0
299.0 311.0 56.0 173.0
295.0 315.0 55.0 170.0
286.0 308.0 57.0 176.0
281.0 308.0 55.0 170.0
272.0 312.0 54.0 166.0
259.0 315.0 55.0 170.0
249.0 320.0 53.0 163.0
239.0 321.0 53.0 163.0
225.0 311.0 54.0 166.0
214.0 309.0 54.0 166.0
203.0 312.0 55.0 170.0
188.0 310.0 53.0 163.0
180.0 304.0 53.0 163.0
174.0 305.0 53.0 163.0
161.0 304.0 55.0 170.0
153.0 304.0 54.0 166.0
146.0 307.0 53.0 163.0
139.0 308.0 53.0 163.0
131.0 301.0 55.0 170.0
123.0 302.0 54.0 166.0
114.0 303.0 53.0 163.0
110.0 299.0 54.0 166.0
104.0 297.0 54.0 166.0
100.0 293.0 55.0 170.0
99.0 293.0 55.0 170.0
98.0 298.0 55.0 170.0
100.0 301.0 55.0 170.0
101.0 306.0 54.0 166.0
104.0 310.0 54.0 166.0
109.0 311.0 55.0 170.0
117.0 314.0 54.0 166.0
123.0 313.0 55.0 170.0
128.0 315.0 54.0 166.0
135.0 315.0 54.0 166.0
138.0 315.0 54.0 166.0
145.0 316.0 53.0 163.0
149.0 310.0 54.0 166.0
152.0 309.0 55.0 170.0
154.0 304.0 57.0 176.0
159.0 302.0 55.0 170.0
159.0 299.0 55.0 170.0
160.0 300.0 53.0 163.0
160.0 298.0 52.0 160.0
163.0 298.0 51.0 157.0
164.0 294.0 51.0 157.0
167.0 293.0 52.0 160.0
170.0 294.0 52.0 160.0
177.0 297.0 51.0 157.0
177.0 299.0 52.0 160.0
177.0 299.0 52.0 160.0
181.0 299.0 52.0 160.0
182.0 304.0 52.0 160.0
184.0 304.0 52.0 160.0
189.0 304.0 51.0 157.0
193.0 303.0 52.0 160.0
195.0 307.0 52.0 160.0
198.0 307.0 53.0 163.0
201.0 303.0 55.0 170.0
205.0 304.0 54.0 166.0
207.0 309.0 55.0 170.0
207.0 314.0 54.0 166.0
208.0 313.0 54.0 166.0
212.0 310.0 55.0 170.0
212.0 311.0 57.0 176.0
212.0 319.0 56.0 173.0
212.0 319.0 55.0 170.0
212.0 320.0 56.0 173.0
214.0 329.0 54.0 166.0
216.0 331.0 53.0 163.0
217.0 323.0 54.0 166.0
219.0 319.0 54.0 166.0
221.0 318.0 54.0 166.0
224.0 317.0 53.0 163.0
230.0 311.0 51.0 157.0
234.0 308.0 49.0 150.0
240.0 308.0 47.0 145.0
243.0 307.0 49.0 150.0
243.0 311.0 49.0 150.0
247.0 306.0 51.0 157.0
250.0 304.0 51.0 157.0
248.0 309.0 51.0 157.0
247.0 309.0 53.0 163.0
245.0 311.0 52.0 160.0
243.0 308.0 52.0 160.0
245.0 309.0 51.0 157.0
242.0 311.0 49.0 150.0
239.0 304.0 50.0 154.0
236.0 294.0 52.0 160.0
235.0 300.0 51.0 157.0
231.0 301.0 53.0 163.0
231.0 294.0 54.0 166.0
232.0 296.0 54.0 166.0
238.0 301.0 52.0 160.0
246.0 301.0 53.0 163.0
251.0 302.0 54.0 166.0
254.0 308.0 54.0 166.0
265.0 313.0 52.0 160.0
275.0 307.0 53.0 163.0
285.0 303.0 53.0 163.0
295.0 300.0 53.0 163.0
306.0 302.0 51.0 157.0
310.0 292.0 53.0 163.0
318.0 287.0 52.0 160.0
322.0 289.0 52.0 160.0
323.0 289.0 52.0 160.0
325.0 287.0 52.0 160.0
326.0 283.0 52.0 160.0
326.0 276.0 53.0 163.0
323.0 276.0 54.0 166.0
320.0 281.0 52.0 160.0
317.0 281.0 51.0 157.0
312.0 282.0 50.0 154.0
304.0 283.0 50.0 154.0
298.0 276.0 50.0 154.0
293.0 273.0 48.0 148.0
284.0 279.0 49.0 150.0
274.0 280.0 49.0 150.0
270.0 269.0 51.0 157.0
266.0 267.0 53.0 163.0
262.0 271.0 53.0 163.0
261.0 273.0 51.0 157.0
258.0 274.0 52.0 160.0
258.0 282.0 50.0 154.0
260.0 283.0 49.0 150.0
262.0 283.0 48.0 148.0
262.0 288.0 49.0 150.0
261.0 293.0 51.0 157.0
261.0 297.0 51.0 157.0
262.0 301.0 50.0 154.0
261.0 300.0 52.0 160.0
260.0 305.0 52.0 160.0
262.0 310.0 50.0 154.0
259.0 303.0 52.0 160.0
261.0 303.0 51.0 157.0
257.0 300.0 52.0 160.0
257.0 292.0 53.0 163.0
261.0 293.0 51.0 157.0
262.0 293.0 50.0 154.0
263.0 282.0 51.0 157.0
264.0 281.0 50.0 154.0
264.0 280.0 50.0 154.0
262.0 278.0 51.0 157.0
259.0 279.0 49.0 150.0
261.0 275.0 48.0 148.0
266.0 275.0 47.0 145.0
266.0 275.0 49.0 150.0
264.0 279.0 49.0 150.0
263.0 276.0 50.0 154.0
269.0 271.0 49.0 150.0
271.0 265.0 49.0 150.0
274.0 265.0 49.0 150.0
276.0 271.0 48.0 148.0
277.0 267.0 48.0 148.0
277.0 259.0 48.0 148.0
281.0 255.0 48.0 148.0
281.0 255.0 49.0 150.0
282.0 257.0 49.0 150.0
286.0 266.0 49.0 150.0
287.0 268.0 49.0 150.0
297.0 272.0 47.0 145.0
289.0 261.0 49.0 150.0
275.0 265.0 48.0 148.0
260.0 278.0 48.0 148.0
248.0 282.0 48.0 148.0
246.0 280.0 48.0 148.0
231.0 281.0 48.0 148.0
220.0 283.0 48.0 148.0
208.0 278.0 49.0 150.0
204.0 290.0 48.0 148.0
191.0 289.0 48.0 148.0
179.0 285.0 50.0 154.0
165.0 282.0 50.0 154.0
159.0 286.0 52.0 160.0
152.0 283.0 50.0 154.0
150.0 273.0 51.0 157.0
150.0 273.0 49.0 150.0
154.0 267.0 51.0 157.0
152.0 261.0 51.0 157.0
152.0 255.0 53.0 163.0
154.0 257.0 51.0 157.0
155.0 255.0 49.0 150.0
158.0 251.0 50.0 154.0
163.0 250.0 50.0 154.0
157.0 239.0 52.0 160.0
163.0 240.0 51.0 157.0
163.0 242.0 51.0 157.0
165.0 243.0 52.0 160.0
164.0 252.0 50.0 154.0
166.0 254.0 52.0 160.0
165.0 253.0 53.0 163.0
165.0 256.0 52.0 160.0
165.0 255.0 54.0 166.0
159.0 260.0 53.0 163.0
156.0 263.0 53.0 163.0
158.0 273.0 51.0 157.0
156.0 271.0 52.0 160.0
159.0 280.0 50.0 154.0
158.0 284.0 52.0 160.0
155.0 293.0 51.0 157.0
157.0 295.0 52.0 160.0
160.0 297.0 51.0 157.0
162.0 295.0 53.0 163.0
161.0 296.0 52.0 160.0
161.0 293.0 53.0 163.0
167.0 294.0 51.0 157.0
168.0 287.0 53.0 163.0
170.0 282.0 53.0 163.0
175.0 277.0 53.0 163.0
181.0 277.0 52.0 160.0
185.0 276.0 52.0 160.0
187.0 273.0 53.0 163.0
190.0 272.0 53.0 163.0
192.0 271.0 52.0 160.0
193.0 264.0 54.0 166.0
194.0 258.0 54.0 166.0
196.0 254.0 53.0 163.0
199.0 247.0 55.0 170.0
