110.0 111.0 37.0 116.0
114.0 110.0 37.0 116.0
115.0 110.0 36.0 113.0
117.0 112.0 35.0 111.0
117.0 112.0 35.0 111.0
116.0 112.0 35.0 111.0
116.0 114.0 35.0 111.0
116.0 114.0 34.0 109.0
115.0 112.0 34.0 109.0
115.0 111.0 35.0 111.0
116.0 114.0 34.0 107.0
118.0 116.0 34.0 107.0
120.0 119.0 33.0 105.0
123.0 119.0 33.0 105.0
123.0 118.0 33.0 105.0
125.0 118.0 33.0 105.0
125.0 118.0 33.0 105.0
125.0 121.0 32.0 100.0
123.0 121.0 32.0 100.0
120.0 122.0 31.0 99.0
116.0 123.0 30.0 97.0
114.0 125.0 29.0 93.0
110.0 122.0 30.0 95.0
107.0 120.0 30.0 97.0
106.0 122.0 29.0 93.0
106.0 124.0 29.0 93.0
104.0 123.0 30.0 95.0
103.0 123.0 30.0 95.0
103.0 122.0 29.0 91.0
101.0 120.0 28.0 89.0
100.0 116.0 28.0 87.0
100.0 116.0 27.0 86.0
99.0 115.0 27.0 86.0
96.0 114.0 28.0 87.0
98.0 112.0 26.0 84.0
101.0 110.0 27.0 86.0
101.0 110.0 27.0 86.0
98.0 103.0 28.0 87.0
97.0 101.0 26.0 84.0
95.0 102.0 26.0 84.0
88.0 106.0 25.0 81.0
80.0 105.0 25.0 81.0
76.0 103.0 26.0 82.0
76.0 100.0 27.0 86.0
76.0 105.0 26.0 84.0
75.0 112.0 26.0 82.0
63.0 112.0 26.0 82.0
73.0 109.0 26.0 82.0
73.0 98.0 25.0 81.0
75.0 86.0 25.0 81.0
75.0 84.0 24.0 78.0
76.0 84.0 25.0 79.0
84.0 91.0 24.0 78.0
85.0 108.0 25.0 81.0
94.0 124.0 25.0 81.0
105.0 134.0 26.0 82.0
106.0 133.0 25.0 79.0
114.0 121.0 24.0 78.0
125.0 100.0 25.0 79.0
133.0 95.0 26.0 82.0
132.0 104.0 25.0 79.0
131.0 121.0 24.0 78.0
132.0 130.0 25.0 79.0
122.0 147.0 24.0 76.0
102.0 152.0 24.0 78.0
105.0 132.0 25.0 81.0
96.0 111.0 25.0 81.0
92.0 106.0 26.0 82.0
92.0 109.0 25.0 79.0
87.0 115.0 26.0 82.0
92.0 126.0 25.0 81.0
106.0 133.0 25.0 79.0
109.0 123.0 25.0 81.0
123.0 102.0 25.0 81.0
135.0 96.0 24.0 78.0
142.0 85.0 24.0 78.0
139.0 86.0 24.0 78.0
136.0 97.0 24.0 78.0
132.0 116.0 23.0 75.0
124.0 122.0 23.0 75.0
98.0 123.0 24.0 78.0
98.0 107.0 25.0 81.0
87.0 96.0 26.0 82.0
90.0 101.0 25.0 81.0
94.0 113.0 24.0 78.0
93.0 118.0 24.0 76.0
110.0 126.0 24.0 78.0
121.0 126.0 24.0 78.0
123.0 116.0 24.0 78.0
134.0 104.0 24.0 78.0
141.0 104.0 23.0 75.0
141.0 105.0 23.0 75.0
140.0 115.0 23.0 72.0
142.0 127.0 23.0 75.0
137.0 134.0 24.0 78.0
123.0 127.0 24.0 78.0
123.0 117.0 24.0 76.0
119.0 113.0 23.0 75.0
117.0 112.0 24.0 78.0
114.0 116.0 24.0 78.0
113.0 119.0 24.0 76.0
117.0 123.0 23.0 73.0
122.0 128.0 23.0 75.0
120.0 129.0 24.0 78.0
115.0 124.0 25.0 79.0
114.0 110.0 24.0 76.0
117.0 108.0 25.0 79.0
116.0 111.0 24.0 78.0
114.0 114.0 23.0 75.0
117.0 123.0 23.0 73.0
107.0 125.0 23.0 75.0
91.0 112.0 24.0 78.0
97.0 96.0 23.0 75.0
75.0 81.0 24.0 76.0
68.0 79.0 24.0 76.0
66.0 84.0 23.0 73.0
65.0 94.0 23.0 73.0
75.0 101.0 24.0 76.0
106.0 113.0 23.0 75.0
118.0 112.0 24.0 76.0
130.0 106.0 24.0 76.0
162.0 94.0 23.0 73.0
182.0 101.0 23.0 73.0
184.0 112.0 23.0 72.0
189.0 125.0 23.0 72.0
185.0 132.0 23.0 72.0
180.0 135.0 23.0 72.0
149.0 137.0 23.0 75.0
141.0 126.0 23.0 72.0
130.0 115.0 23.0 73.0
124.0 118.0 23.0 72.0
119.0 118.0 23.0 73.0
115.0 117.0 24.0 76.0
119.0 123.0 23.0 75.0
127.0 132.0 23.0 72.0
130.0 129.0 23.0 75.0
139.0 115.0 23.0 72.0
139.0 105.0 22.0 69.0
152.0 92.0 22.0 70.0
152.0 88.0 22.0 69.0
151.0 92.0 22.0 70.0
150.0 102.0 23.0 73.0
133.0 112.0 22.0 70.0
119.0 113.0 22.0 69.0
115.0 105.0 22.0 70.0
114.0 95.0 21.0 67.0
109.0 87.0 22.0 70.0
118.0 90.0 23.0 72.0
123.0 98.0 22.0 69.0
127.0 100.0 22.0 70.0
137.0 108.0 23.0 72.0
144.0 115.0 22.0 69.0
149.0 118.0 21.0 67.0
156.0 103.0 22.0 69.0
161.0 96.0 22.0 69.0
158.0 94.0 22.0 70.0
152.0 101.0 22.0 69.0
147.0 110.0 23.0 72.0
136.0 122.0 22.0 69.0
118.0 126.0 21.0 67.0
116.0 112.0 22.0 70.0
109.0 106.0 21.0 67.0
106.0 95.0 22.0 70.0
119.0 94.0 23.0 73.0
126.0 101.0 23.0 72.0
144.0 109.0 23.0 72.0
151.0 114.0 22.0 69.0
161.0 122.0 21.0 66.0
169.0 109.0 22.0 69.0
182.0 91.0 22.0 69.0
189.0 88.0 22.0 69.0
179.0 94.0 22.0 69.0
177.0 98.0 22.0 69.0
174.0 108.0 22.0 69.0
151.0 111.0 22.0 69.0
147.0 114.0 21.0 67.0
129.0 101.0 22.0 69.0
115.0 93.0 22.0 69.0
115.0 93.0 22.0 69.0
116.0 99.0 21.0 67.0
123.0 106.0 21.0 66.0
135.0 116.0 21.0 66.0
155.0 124.0 20.0 65.0
164.0 116.0 20.0 65.0
171.0 107.0 20.0 64.0
185.0 98.0 20.0 64.0
183.0 100.0 20.0 64.0
174.0 103.0 21.0 66.0
171.0 111.0 21.0 67.0
159.0 121.0 21.0 66.0
140.0 124.0 20.0 64.0
127.0 121.0 21.0 66.0
109.0 102.0 20.0 64.0
99.0 92.0 21.0 66.0
98.0 91.0 22.0 69.0
102.0 92.0 21.0 67.0
108.0 96.0 20.0 65.0
118.0 103.0 21.0 67.0
128.0 100.0 21.0 66.0
140.0 88.0 21.0 67.0
151.0 73.0 22.0 69.0
159.0 72.0 21.0 66.0
159.0 70.0 20.0 65.0
154.0 73.0 20.0 65.0
146.0 87.0 20.0 64.0
130.0 104.0 21.0 66.0
104.0 114.0 22.0 69.0
103.0 112.0 21.0 67.0
88.0 103.0 21.0 67.0
73.0 99.0 22.0 69.0
79.0 102.0 21.0 67.0
79.0 105.0 21.0 67.0
92.0 109.0 21.0 66.0
96.0 111.0 20.0 64.0
101.0 109.0 20.0 64.0
118.0 95.0 21.0 66.0
137.0 75.0 21.0 67.0
150.0 69.0 20.0 65.0
148.0 77.0 20.0 65.0
149.0 86.0 20.0 65.0
140.0 100.0 20.0 64.0
116.0 102.0 21.0 66.0
104.0 101.0 20.0 64.0
84.0 89.0 20.0 64.0
74.0 86.0 20.0 62.0
65.0 85.0 20.0 64.0
66.0 92.0 19.0 61.0
69.0 99.0 20.0 64.0
87.0 107.0 19.0 61.0
101.0 105.0 18.0 59.0
106.0 102.0 18.0 58.0
129.0 91.0 19.0 60.0
147.0 78.0 20.0 62.0
153.0 77.0 19.0 61.0
147.0 92.0 18.0 59.0
135.0 108.0 18.0 56.0
123.0 115.0 18.0 58.0
100.0 122.0 17.0 55.0
94.0 118.0 18.0 56.0
83.0 106.0 18.0 59.0
82.0 98.0 19.0 60.0
90.0 97.0 18.0 59.0
96.0 97.0 19.0 60.0
103.0 102.0 18.0 58.0
121.0 104.0 18.0 59.0
121.0 96.0 18.0 59.0
125.0 92.0 19.0 61.0
136.0 82.0 18.0 59.0
142.0 74.0 19.0 60.0
143.0 70.0 18.0 58.0
