110.0 101.0 30.0 91.0
112.0 102.0 30.0 91.0
113.0 101.0 30.0 91.0
114.0 100.0 30.0 91.0
114.0 99.0 31.0 94.0
116.0 102.0 29.0 90.0
119.0 106.0 29.0 90.0
122.0 109.0 28.0 87.0
122.0 108.0 27.0 84.0
123.0 107.0 27.0 82.0
123.0 106.0 28.0 85.0
127.0 104.0 27.0 82.0
129.0 106.0 26.0 79.0
131.0 108.0 25.0 77.0
131.0 108.0 25.0 76.0
132.0 108.0 25.0 76.0
131.0 107.0 26.0 79.0
132.0 105.0 26.0 80.0
133.0 103.0 25.0 77.0
133.0 102.0 24.0 74.0
135.0 101.0 25.0 76.0
137.0 104.0 24.0 73.0
138.0 102.0 25.0 76.0
141.0 102.0 25.0 76.0
143.0 103.0 24.0 74.0
145.0 105.0 23.0 71.0
145.0 105.0 23.0 71.0
146.0 103.0 24.0 73.0
148.0 104.0 23.0 71.0
150.0 105.0 23.0 71.0
150.0 106.0 23.0 70.0
152.0 107.0 22.0 67.0
153.0 103.0 23.0 70.0
154.0 102.0 23.0 70.0
154.0 101.0 23.0 71.0
155.0 100.0 23.0 71.0
154.0 98.0 24.0 73.0
154.0 99.0 24.0 73.0
154.0 99.0 23.0 71.0
153.0 98.0 24.0 73.0
155.0 100.0 23.0 71.0
156.0 100.0 23.0 71.0
157.0 101.0 23.0 71.0
156.0 99.0 24.0 74.0
157.0 101.0 24.0 74.0
159.0 104.0 23.0 71.0
160.0 105.0 22.0 68.0
162.0 103.0 23.0 70.0
164.0 102.0 23.0 70.0
165.0 101.0 23.0 70.0
167.0 101.0 23.0 70.0
170.0 103.0 23.0 70.0
173.0 104.0 23.0 70.0
175.0 103.0 23.0 71.0
175.0 102.0 22.0 68.0
175.0 102.0 22.0 67.0
176.0 99.0 23.0 70.0
176.0 101.0 22.0 67.0
178.0 99.0 23.0 70.0
179.0 100.0 23.0 71.0
179.0 101.0 22.0 68.0
181.0 101.0 22.0 68.0
183.0 103.0 21.0 66.0
185.0 104.0 21.0 64.0
185.0 102.0 22.0 67.0
186.0 102.0 22.0 67.0
186.0 100.0 23.0 70.0
186.0 102.0 22.0 67.0
185.0 101.0 22.0 68.0
185.0 101.0 22.0 67.0
185.0 99.0 22.0 68.0
187.0 101.0 21.0 66.0
188.0 101.0 22.0 67.0
189.0 101.0 22.0 67.0
189.0 100.0 22.0 68.0
190.0 100.0 22.0 68.0
191.0 100.0 22.0 67.0
192.0 98.0 23.0 70.0
193.0 99.0 23.0 70.0
194.0 99.0 23.0 71.0
193.0 97.0 23.0 71.0
193.0 99.0 22.0 68.0
194.0 101.0 22.0 67.0
195.0 102.0 22.0 67.0
197.0 104.0 21.0 64.0
198.0 105.0 21.0 63.0
199.0 104.0 21.0 66.0
199.0 102.0 22.0 68.0
198.0 101.0 22.0 68.0
198.0 100.0 22.0 68.0
197.0 100.0 22.0 68.0
198.0 100.0 22.0 68.0
198.0 99.0 23.0 70.0
199.0 100.0 22.0 68.0
199.0 98.0 23.0 70.0
200.0 98.0 23.0 70.0
200.0 100.0 22.0 68.0
200.0 100.0 22.0 68.0
201.0 101.0 21.0 66.0
202.0 104.0 21.0 63.0
201.0 101.0 21.0 64.0
201.0 100.0 21.0 66.0
202.0 100.0 21.0 66.0
203.0 100.0 21.0 66.0
204.0 101.0 21.0 66.0
206.0 101.0 21.0 66.0
207.0 103.0 21.0 64.0
208.0 105.0 21.0 63.0
208.0 104.0 21.0 64.0
208.0 103.0 22.0 67.0
208.0 101.0 21.0 66.0
207.0 100.0 22.0 67.0
206.0 101.0 22.0 67.0
205.0 99.0 22.0 68.0
204.0 100.0 22.0 67.0
205.0 100.0 21.0 64.0
205.0 99.0 21.0 64.0
205.0 99.0 21.0 63.0
205.0 97.0 21.0 64.0
206.0 98.0 20.0 62.0
206.0 96.0 21.0 64.0
206.0 97.0 21.0 64.0
206.0 98.0 20.0 62.0
209.0 99.0 20.0 61.0
211.0 99.0 19.0 58.0
212.0 97.0 19.0 60.0
214.0 101.0 19.0 57.0
215.0 102.0 18.0 55.0
