99.0 237.0 27.0 82.0
103.0 240.0 25.0 78.0
104.0 241.0 26.0 81.0
106.0 241.0 26.0 81.0
108.0 241.0 26.0 81.0
110.0 242.0 26.0 80.0
111.0 242.0 26.0 81.0
113.0 243.0 26.0 81.0
113.0 240.0 28.0 85.0
116.0 240.0 27.0 83.0
116.0 239.0 26.0 81.0
116.0 236.0 28.0 85.0
120.0 236.0 27.0 83.0
120.0 234.0 26.0 81.0
120.0 231.0 27.0 83.0
120.0 229.0 26.0 81.0
121.0 227.0 26.0 81.0
121.0 226.0 26.0 81.0
123.0 227.0 25.0 78.0
126.0 228.0 25.0 77.0
128.0 227.0 25.0 78.0
130.0 229.0 24.0 75.0
132.0 226.0 25.0 78.0
134.0 226.0 25.0 78.0
133.0 226.0 26.0 81.0
134.0 226.0 26.0 81.0
135.0 226.0 26.0 81.0
138.0 227.0 25.0 78.0
140.0 229.0 24.0 75.0
141.0 228.0 24.0 75.0
143.0 227.0 24.0 75.0
147.0 226.0 24.0 75.0
147.0 225.0 25.0 77.0
147.0 226.0 24.0 75.0
148.0 226.0 24.0 75.0
146.0 226.0 24.0 74.0
143.0 227.0 24.0 74.0
140.0 228.0 24.0 75.0
138.0 226.0 25.0 77.0
137.0 226.0 25.0 77.0
136.0 228.0 24.0 75.0
135.0 227.0 25.0 77.0
134.0 228.0 24.0 75.0
133.0 228.0 24.0 75.0
130.0 227.0 24.0 74.0
129.0 228.0 23.0 72.0
129.0 229.0 23.0 72.0
128.0 229.0 24.0 75.0
130.0 228.0 25.0 77.0
129.0 231.0 24.0 74.0
125.0 232.0 24.0 74.0
127.0 233.0 23.0 72.0
129.0 233.0 23.0 72.0
130.0 233.0 23.0 72.0
130.0 234.0 23.0 72.0
130.0 233.0 24.0 74.0
134.0 233.0 23.0 72.0
135.0 232.0 24.0 74.0
135.0 234.0 23.0 71.0
137.0 236.0 23.0 69.0
139.0 236.0 22.0 68.0
139.0 237.0 22.0 67.0
140.0 234.0 23.0 69.0
141.0 233.0 23.0 71.0
142.0 233.0 23.0 71.0
145.0 234.0 22.0 68.0
147.0 234.0 22.0 68.0
148.0 233.0 23.0 71.0
152.0 234.0 22.0 68.0
153.0 234.0 23.0 69.0
154.0 236.0 23.0 69.0
155.0 239.0 22.0 67.0
156.0 241.0 21.0 65.0
159.0 242.0 20.0 63.0
160.0 241.0 20.0 60.0
160.0 241.0 19.0 58.0
159.0 238.0 20.0 60.0
160.0 235.0 20.0 63.0
161.0 233.0 21.0 64.0
162.0 232.0 22.0 67.0
163.0 233.0 21.0 64.0
164.0 235.0 20.0 62.0
167.0 236.0 20.0 62.0
168.0 238.0 20.0 60.0
170.0 238.0 20.0 62.0
171.0 240.0 20.0 60.0
173.0 240.0 20.0 60.0
174.0 239.0 20.0 63.0
174.0 236.0 21.0 65.0
174.0 233.0 22.0 68.0
176.0 234.0 22.0 67.0
178.0 234.0 22.0 67.0
180.0 233.0 22.0 68.0
181.0 234.0 23.0 69.0
184.0 237.0 22.0 67.0
186.0 236.0 23.0 69.0
187.0 235.0 23.0 71.0
188.0 236.0 22.0 68.0
191.0 235.0 22.0 67.0
194.0 236.0 21.0 65.0
196.0 234.0 21.0 65.0
199.0 233.0 20.0 63.0
199.0 233.0 20.0 62.0
199.0 235.0 20.0 62.0
200.0 236.0 20.0 63.0
199.0 237.0 20.0 60.0
199.0 237.0 20.0 62.0
199.0 236.0 21.0 64.0
199.0 235.0 22.0 67.0
200.0 236.0 21.0 65.0
197.0 234.0 22.0 68.0
198.0 236.0 21.0 65.0
197.0 237.0 21.0 64.0
196.0 239.0 20.0 62.0
196.0 241.0 21.0 64.0
194.0 244.0 20.0 62.0
195.0 247.0 19.0 59.0
194.0 250.0 18.0 57.0
195.0 249.0 19.0 58.0
194.0 249.0 19.0 58.0
194.0 248.0 19.0 59.0
194.0 246.0 20.0 60.0
195.0 244.0 20.0 62.0
196.0 245.0 20.0 62.0
199.0 245.0 21.0 64.0
201.0 245.0 21.0 64.0
200.0 247.0 20.0 62.0
202.0 247.0 20.0 60.0
207.0 248.0 19.0 58.0
204.0 247.0 18.0 57.0
205.0 245.0 19.0 59.0
210.0 244.0 18.0 57.0
207.0 243.0 18.0 56.0
206.0 243.0 18.0 57.0
209.0 241.0 19.0 58.0
215.0 239.0 19.0 58.0
214.0 239.0 20.0 60.0
215.0 239.0 20.0 62.0
216.0 239.0 21.0 64.0
216.0 238.0 20.0 62.0
218.0 237.0 20.0 62.0
221.0 238.0 19.0 59.0
223.0 235.0 20.0 60.0
224.0 233.0 20.0 62.0
225.0 232.0 21.0 64.0
229.0 234.0 20.0 62.0
233.0 237.0 19.0 59.0
235.0 238.0 20.0 60.0
240.0 239.0 19.0 59.0
243.0 241.0 18.0 57.0
245.0 240.0 19.0 58.0
247.0 240.0 19.0 58.0
249.0 238.0 19.0 59.0
254.0 239.0 18.0 57.0
256.0 238.0 19.0 58.0
257.0 239.0 18.0 57.0
259.0 239.0 19.0 59.0
260.0 239.0 20.0 60.0
264.0 242.0 19.0 58.0
266.0 242.0 18.0 56.0
268.0 241.0 19.0 58.0
269.0 240.0 19.0 58.0
269.0 236.0 20.0 60.0
270.0 236.0 20.0 60.0
273.0 236.0 19.0 59.0
275.0 236.0 19.0 58.0
276.0 238.0 19.0 58.0
276.0 238.0 19.0 59.0
276.0 240.0 19.0 58.0
277.0 240.0 19.0 58.0
278.0 241.0 18.0 57.0
279.0 240.0 18.0 56.0
279.0 240.0 18.0 55.0
281.0 239.0 18.0 57.0
282.0 240.0 18.0 55.0
285.0 240.0 17.0 53.0
286.0 241.0 17.0 53.0
288.0 242.0 17.0 53.0
290.0 243.0 18.0 55.0
290.0 243.0 18.0 57.0
290.0 242.0 19.0 59.0
291.0 243.0 19.0 59.0
290.0 243.0 20.0 60.0
291.0 243.0 19.0 59.0
290.0 242.0 20.0 60.0
290.0 243.0 20.0 60.0
292.0 243.0 20.0 62.0
293.0 244.0 20.0 60.0
295.0 246.0 19.0 58.0
296.0 246.0 19.0 58.0
295.0 247.0 18.0 57.0
293.0 245.0 18.0 56.0
293.0 245.0 18.0 57.0
293.0 244.0 18.0 57.0
291.0 242.0 19.0 58.0
291.0 241.0 19.0 58.0
291.0 242.0 18.0 57.0
291.0 243.0 18.0 56.0
293.0 245.0 18.0 57.0
292.0 247.0 18.0 55.0
291.0 246.0 18.0 56.0
291.0 246.0 19.0 58.0
290.0 244.0 20.0 60.0
292.0 243.0 20.0 63.0
294.0 241.0 20.0 63.0
295.0 240.0 20.0 63.0
296.0 240.0 20.0 63.0
298.0 239.0 21.0 64.0
298.0 240.0 20.0 63.0
299.0 240.0 20.0 63.0
298.0 241.0 20.0 60.0
299.0 242.0 19.0 59.0
301.0 243.0 18.0 57.0
301.0 244.0 18.0 55.0
301.0 242.0 18.0 57.0
301.0 240.0 18.0 56.0
303.0 239.0 19.0 58.0
303.0 240.0 18.0 57.0
304.0 240.0 18.0 56.0
305.0 241.0 18.0 56.0
307.0 242.0 18.0 56.0
307.0 242.0 18.0 56.0
306.0 242.0 18.0 57.0
307.0 240.0 19.0 58.0
306.0 238.0 19.0 59.0
305.0 235.0 20.0 60.0
307.0 236.0 19.0 58.0
307.0 236.0 18.0 57.0
309.0 236.0 18.0 57.0
310.0 235.0 19.0 59.0
310.0 238.0 19.0 59.0
309.0 241.0 19.0 58.0
306.0 243.0 18.0 57.0
304.0 243.0 18.0 56.0
305.0 243.0 17.0 54.0
304.0 241.0 18.0 55.0
303.0 238.0 18.0 56.0
302.0 236.0 18.0 56.0
301.0 235.0 18.0 57.0
301.0 235.0 18.0 56.0
303.0 235.0 18.0 56.0
306.0 238.0 17.0 54.0
305.0 237.0 18.0 56.0
304.0 237.0 18.0 56.0
305.0 238.0 18.0 55.0
307.0 236.0 18.0 57.0
310.0 235.0 19.0 58.0
311.0 235.0 18.0 57.0
310.0 232.0 19.0 59.0
309.0 230.0 20.0 62.0
311.0 230.0 20.0 62.0
313.0 231.0 20.0 63.0
313.0 233.0 20.0 60.0
316.0 235.0 19.0 59.0
318.0 237.0 18.0 57.0
318.0 238.0 18.0 55.0
318.0 237.0 18.0 55.0
318.0 236.0 17.0 54.0
318.0 235.0 18.0 55.0
320.0 234.0 17.0 54.0
321.0 233.0 18.0 55.0
321.0 233.0 18.0 55.0
321.0 235.0 17.0 54.0
321.0 234.0 18.0 56.0
324.0 234.0 18.0 57.0
326.0 233.0 19.0 58.0
328.0 232.0 19.0 58.0
330.0 230.0 19.0 59.0
331.0 229.0 19.0 58.0
331.0 230.0 18.0 57.0
332.0 230.0 18.0 56.0
333.0 231.0 18.0 57.0
332.0 232.0 18.0 56.0
331.0 232.0 18.0 56.0
331.0 232.0 18.0 56.0
332.0 232.0 18.0 57.0
330.0 231.0 18.0 56.0
331.0 232.0 18.0 55.0
330.0 229.0 18.0 56.0
331.0 229.0 17.0 54.0
330.0 229.0 18.0 55.0
331.0 231.0 17.0 54.0
329.0 230.0 18.0 56.0
328.0 233.0 18.0 57.0
328.0 234.0 18.0 56.0
327.0 235.0 18.0 55.0
327.0 232.0 18.0 56.0
327.0 230.0 19.0 58.0
328.0 230.0 18.0 57.0
328.0 230.0 18.0 57.0
328.0 229.0 18.0 56.0
328.0 232.0 17.0 54.0
326.0 232.0 18.0 55.0
327.0 232.0 18.0 56.0
328.0 232.0 18.0 56.0
330.0 232.0 18.0 56.0
331.0 232.0 18.0 56.0
333.0 233.0 17.0 54.0
334.0 232.0 17.0 53.0
333.0 230.0 18.0 55.0
336.0 230.0 17.0 54.0
335.0 230.0 17.0 52.0
335.0 232.0 16.0 50.0
337.0 232.0 17.0 53.0
338.0 232.0 17.0 53.0
339.0 232.0 17.0 53.0
340.0 231.0 18.0 55.0
341.0 227.0 18.0 56.0
341.0 225.0 19.0 58.0
343.0 222.0 19.0 59.0
346.0 221.0 19.0 59.0
346.0 221.0 19.0 59.0
346.0 221.0 19.0 59.0
347.0 221.0 19.0 59.0
350.0 223.0 18.0 57.0
350.0 223.0 18.0 56.0
351.0 224.0 17.0 54.0
350.0 223.0 17.0 53.0
350.0 222.0 17.0 53.0
349.0 222.0 17.0 53.0
348.0 221.0 18.0 55.0
348.0 221.0 17.0 54.0
346.0 221.0 17.0 54.0
345.0 222.0 17.0 53.0
344.0 224.0 17.0 53.0
344.0 226.0 17.0 54.0
344.0 226.0 18.0 55.0
344.0 226.0 17.0 54.0
342.0 225.0 17.0 53.0
342.0 224.0 17.0 54.0
342.0 225.0 17.0 53.0
342.0 225.0 17.0 53.0
340.0 225.0 17.0 53.0
339.0 228.0 16.0 50.0
340.0 230.0 16.0 49.0
339.0 231.0 16.0 49.0
344.0 231.0 16.0 49.0
347.0 232.0 15.0 47.0
346.0 231.0 15.0 48.0
345.0 229.0 16.0 49.0
348.0 225.0 17.0 52.0
349.0 227.0 16.0 49.0
350.0 227.0 16.0 49.0
353.0 227.0 16.0 49.0
353.0 227.0 16.0 50.0
359.0 227.0 17.0 53.0
359.0 229.0 16.0 50.0
360.0 230.0 16.0 49.0
365.0 231.0 15.0 48.0
367.0 231.0 16.0 49.0
369.0 231.0 16.0 49.0
370.0 228.0 17.0 52.0
371.0 229.0 16.0 50.0
374.0 228.0 17.0 52.0
374.0 228.0 17.0 53.0
375.0 229.0 18.0 55.0
376.0 228.0 18.0 55.0
377.0 226.0 18.0 57.0
379.0 226.0 18.0 55.0
381.0 224.0 17.0 54.0
381.0 223.0 17.0 53.0
384.0 222.0 16.0 50.0
386.0 222.0 16.0 50.0
386.0 221.0 17.0 53.0
387.0 223.0 16.0 50.0
390.0 223.0 16.0 50.0
390.0 223.0 16.0 50.0
390.0 224.0 16.0 50.0
391.0 223.0 16.0 50.0
391.0 222.0 17.0 52.0
393.0 224.0 16.0 49.0
395.0 222.0 16.0 50.0
395.0 222.0 16.0 50.0
396.0 224.0 16.0 49.0
395.0 224.0 15.0 48.0
396.0 224.0 16.0 49.0
397.0 223.0 16.0 50.0
398.0 224.0 16.0 49.0
398.0 223.0 16.0 49.0
398.0 222.0 15.0 48.0
398.0 220.0 16.0 49.0
398.0 219.0 16.0 49.0
398.0 217.0 17.0 52.0
398.0 217.0 16.0 50.0
399.0 220.0 16.0 49.0
399.0 220.0 16.0 49.0
400.0 221.0 16.0 49.0
401.0 221.0 16.0 49.0
402.0 221.0 16.0 49.0
403.0 220.0 16.0 50.0
405.0 220.0 16.0 49.0
406.0 217.0 16.0 50.0
406.0 215.0 16.0 50.0
409.0 213.0 17.0 52.0
409.0 213.0 17.0 53.0
411.0 215.0 17.0 52.0
413.0 216.0 16.0 50.0
413.0 218.0 16.0 49.0
419.0 217.0 16.0 50.0
422.0 218.0 16.0 49.0
423.0 217.0 16.0 49.0
423.0 216.0 16.0 49.0
423.0 213.0 16.0 50.0
424.0 214.0 16.0 49.0
425.0 213.0 16.0 49.0
425.0 212.0 16.0 49.0
425.0 211.0 16.0 50.0
426.0 214.0 16.0 49.0
428.0 212.0 17.0 52.0
429.0 211.0 17.0 54.0
429.0 211.0 17.0 53.0
430.0 211.0 17.0 53.0
431.0 210.0 18.0 55.0
432.0 208.0 18.0 56.0
431.0 209.0 18.0 55.0
431.0 208.0 18.0 56.0
432.0 211.0 17.0 54.0
432.0 211.0 17.0 52.0
430.0 210.0 16.0 50.0
429.0 211.0 16.0 49.0
427.0 208.0 16.0 50.0
423.0 204.0 16.0 50.0
420.0 201.0 17.0 52.0
418.0 201.0 16.0 49.0
417.0 199.0 16.0 49.0
417.0 199.0 15.0 48.0
416.0 200.0 15.0 47.0
417.0 203.0 14.0 45.0
418.0 205.0 14.0 45.0
418.0 204.0 15.0 47.0
420.0 204.0 15.0 48.0
420.0 204.0 16.0 49.0
419.0 203.0 16.0 49.0
420.0 202.0 16.0 49.0
422.0 203.0 15.0 47.0
423.0 205.0 15.0 46.0
422.0 206.0 15.0 47.0
422.0 207.0 15.0 48.0
422.0 208.0 15.0 47.0
426.0 210.0 15.0 46.0
427.0 210.0 14.0 45.0
426.0 209.0 15.0 47.0
425.0 208.0 16.0 49.0
425.0 208.0 16.0 49.0
431.0 207.0 15.0 48.0
432.0 208.0 15.0 46.0
430.0 209.0 14.0 44.0
431.0 211.0 14.0 44.0
432.0 211.0 14.0 45.0
432.0 211.0 14.0 45.0
433.0 210.0 15.0 47.0
435.0 210.0 15.0 47.0
435.0 210.0 15.0 47.0
437.0 211.0 15.0 48.0
437.0 211.0 15.0 48.0
435.0 212.0 15.0 47.0
438.0 213.0 15.0 48.0
437.0 215.0 15.0 48.0
436.0 216.0 15.0 47.0
435.0 216.0 15.0 47.0
435.0 216.0 14.0 45.0
435.0 216.0 14.0 43.0
432.0 213.0 14.0 45.0
431.0 214.0 14.0 43.0
431.0 212.0 14.0 43.0
430.0 211.0 14.0 45.0
428.0 212.0 15.0 46.0
426.0 211.0 15.0 48.0
425.0 212.0 15.0 46.0
424.0 211.0 15.0 46.0
423.0 209.0 15.0 46.0
423.0 208.0 14.0 45.0
421.0 206.0 15.0 47.0
421.0 206.0 15.0 47.0
422.0 206.0 15.0 47.0
424.0 209.0 14.0 45.0
425.0 211.0 14.0 45.0
427.0 212.0 15.0 47.0
430.0 213.0 15.0 48.0
430.0 213.0 16.0 49.0
431.0 213.0 16.0 49.0
434.0 214.0 15.0 47.0
437.0 214.0 14.0 45.0
440.0 213.0 15.0 46.0
442.0 213.0 14.0 44.0
445.0 213.0 14.0 45.0
446.0 213.0 14.0 45.0
444.0 213.0 14.0 45.0
444.0 212.0 15.0 47.0
443.0 213.0 14.0 45.0
440.0 210.0 15.0 47.0
437.0 207.0 15.0 48.0
432.0 204.0 15.0 48.0
428.0 203.0 15.0 46.0
428.0 202.0 14.0 44.0
427.0 204.0 14.0 43.0
424.0 205.0 14.0 44.0
421.0 206.0 15.0 46.0
419.0 208.0 15.0 46.0
417.0 210.0 15.0 46.0
415.0 211.0 15.0 47.0
413.0 212.0 14.0 45.0
411.0 214.0 14.0 43.0
410.0 214.0 13.0 41.0
409.0 215.0 14.0 43.0
409.0 215.0 14.0 43.0
409.0 214.0 14.0 45.0
410.0 217.0 14.0 43.0
410.0 218.0 14.0 43.0
410.0 217.0 14.0 45.0
410.0 216.0 15.0 47.0
409.0 216.0 15.0 47.0
409.0 216.0 15.0 47.0
409.0 216.0 15.0 47.0
408.0 216.0 15.0 47.0
409.0 216.0 15.0 47.0
411.0 218.0 15.0 46.0
412.0 218.0 15.0 47.0
415.0 219.0 15.0 48.0
416.0 221.0 16.0 49.0
417.0 221.0 16.0 49.0
419.0 221.0 15.0 48.0
418.0 221.0 15.0 46.0
419.0 220.0 15.0 46.0
419.0 219.0 14.0 44.0
420.0 219.0 14.0 42.0
420.0 218.0 13.0 41.0
419.0 216.0 13.0 41.0
420.0 214.0 13.0 41.0
420.0 214.0 13.0 40.0
418.0 212.0 13.0 41.0
415.0 209.0 14.0 43.0
414.0 206.0 14.0 45.0
415.0 203.0 15.0 47.0
415.0 202.0 15.0 46.0
411.0 201.0 14.0 45.0
410.0 204.0 14.0 43.0
407.0 205.0 14.0 44.0
402.0 209.0 15.0 46.0
399.0 209.0 15.0 47.0
395.0 209.0 15.0 47.0
392.0 210.0 15.0 48.0
387.0 208.0 16.0 49.0
386.0 208.0 15.0 47.0
387.0 208.0 14.0 45.0
388.0 209.0 14.0 43.0
388.0 209.0 13.0 41.0
388.0 209.0 13.0 41.0
390.0 209.0 13.0 41.0
391.0 209.0 14.0 42.0
392.0 210.0 13.0 41.0
393.0 211.0 13.0 41.0
394.0 212.0 13.0 41.0
395.0 212.0 13.0 41.0
397.0 210.0 14.0 43.0
399.0 207.0 14.0 44.0
402.0 206.0 14.0 45.0
407.0 205.0 14.0 44.0
408.0 205.0 14.0 45.0
410.0 205.0 15.0 47.0
415.0 206.0 14.0 45.0
416.0 209.0 14.0 43.0
416.0 210.0 13.0 41.0
420.0 210.0 13.0 41.0
422.0 209.0 14.0 43.0
422.0 208.0 13.0 41.0
424.0 207.0 14.0 43.0
429.0 205.0 14.0 44.0
431.0 205.0 14.0 44.0
432.0 205.0 14.0 45.0
434.0 205.0 15.0 47.0
437.0 206.0 15.0 47.0
439.0 207.0 15.0 47.0
441.0 207.0 15.0 46.0
442.0 204.0 15.0 48.0
442.0 202.0 16.0 49.0
446.0 200.0 15.0 48.0
447.0 200.0 15.0 47.0
448.0 202.0 14.0 45.0
451.0 202.0 14.0 44.0
454.0 204.0 14.0 43.0
457.0 203.0 14.0 44.0
459.0 203.0 14.0 44.0
462.0 203.0 14.0 45.0
467.0 204.0 14.0 43.0
471.0 203.0 14.0 42.0
473.0 201.0 14.0 44.0
476.0 200.0 14.0 44.0
478.0 201.0 14.0 42.0
478.0 200.0 14.0 44.0
481.0 200.0 14.0 45.0
483.0 202.0 14.0 43.0
484.0 203.0 13.0 41.0
484.0 203.0 13.0 40.0
486.0 202.0 13.0 41.0
488.0 200.0 13.0 40.0
488.0 198.0 13.0 41.0
489.0 198.0 13.0 40.0
491.0 196.0 13.0 41.0
494.0 196.0 13.0 40.0
494.0 195.0 13.0 40.0
494.0 195.0 13.0 41.0
495.0 196.0 13.0 40.0
496.0 196.0 13.0 40.0
498.0 196.0 13.0 40.0
499.0 194.0 13.0 41.0
501.0 194.0 13.0 41.0
504.0 193.0 13.0 41.0
506.0 194.0 12.0 39.0
506.0 191.0 13.0 41.0
506.0 191.0 13.0 41.0
509.0 190.0 13.0 41.0
508.0 191.0 13.0 41.0
508.0 192.0 13.0 41.0
508.0 191.0 14.0 43.0
506.0 189.0 14.0 44.0
506.0 188.0 15.0 46.0
509.0 189.0 15.0 48.0
503.0 189.0 16.0 49.0
508.0 191.0 16.0 49.0
508.0 190.0 16.0 50.0
508.0 191.0 16.0 49.0
507.0 190.0 16.0 50.0
508.0 190.0 17.0 52.0
508.0 189.0 17.0 54.0
507.0 189.0 18.0 55.0
508.0 185.0 18.0 56.0
510.0 184.0 19.0 58.0
511.0 185.0 18.0 57.0
514.0 184.0 19.0 59.0
511.0 183.0 20.0 60.0
512.0 184.0 20.0 60.0
512.0 185.0 20.0 60.0
514.0 184.0 20.0 63.0
514.0 183.0 21.0 64.0
512.0 183.0 21.0 64.0
511.0 184.0 20.0 62.0
510.0 185.0 20.0 60.0
511.0 188.0 19.0 58.0
511.0 188.0 19.0 58.0
510.0 188.0 19.0 59.0
509.0 188.0 19.0 59.0
509.0 190.0 19.0 59.0
510.0 191.0 19.0 59.0
510.0 191.0 19.0 59.0
511.0 194.0 19.0 58.0
509.0 193.0 20.0 60.0
511.0 192.0 20.0 63.0
511.0 193.0 20.0 60.0
511.0 194.0 20.0 60.0
512.0 194.0 20.0 60.0
513.0 193.0 20.0 63.0
513.0 194.0 20.0 60.0
514.0 193.0 20.0 62.0
513.0 195.0 19.0 59.0
514.0 193.0 20.0 60.0
515.0 195.0 19.0 59.0
515.0 196.0 18.0 57.0
515.0 196.0 18.0 57.0
514.0 193.0 19.0 59.0
515.0 193.0 19.0 59.0
515.0 193.0 18.0 57.0
515.0 192.0 19.0 58.0
514.0 189.0 20.0 60.0
515.0 191.0 19.0 58.0
514.0 189.0 19.0 59.0
514.0 189.0 19.0 58.0
