198.0 249.0 94.0 325.0
198.0 248.0 94.0 325.0
197.0 247.0 94.0 325.0
197.0 248.0 94.0 325.0
197.0 247.0 96.0 331.0
199.0 250.0 94.0 325.0
202.0 252.0 93.0 318.0
204.0 252.0 96.0 331.0
208.0 254.0 94.0 324.0
211.0 253.0 94.0 324.0
213.0 252.0 94.0 324.0
217.0 252.0 94.0 324.0
221.0 254.0 94.0 324.0
222.0 257.0 94.0 324.0
224.0 261.0 94.0 324.0
226.0 262.0 94.0 324.0
227.0 259.0 96.0 331.0
234.0 258.0 94.0 324.0
236.0 254.0 96.0 331.0
238.0 252.0 94.0 324.0
235.0 247.0 94.0 324.0
227.0 240.0 96.0 331.0
230.0 239.0 94.0 324.0
228.0 237.0 94.0 324.0
226.0 238.0 94.0 324.0
225.0 237.0 94.0 324.0
205.0 219.0 98.0 338.0
214.0 220.0 94.0 324.0
216.0 218.0 96.0 331.0
222.0 223.0 98.0 338.0
227.0 237.0 94.0 324.0
223.0 242.0 96.0 331.0
218.0 244.0 98.0 338.0
220.0 247.0 96.0 331.0
215.0 244.0 100.0 344.0
220.0 252.0 96.0 331.0
219.0 253.0 96.0 331.0
214.0 246.0 100.0 344.0
213.0 241.0 100.0 344.0
213.0 234.0 102.0 351.0
211.0 227.0 104.0 358.0
212.0 223.0 104.0 358.0
210.0 213.0 106.0 366.0
211.0 207.0 104.0 358.0
216.0 202.0 104.0 358.0
225.0 208.0 102.0 351.0
231.0 207.0 102.0 351.0
231.0 198.0 104.0 358.0
238.0 203.0 102.0 351.0
245.0 210.0 102.0 351.0
247.0 215.0 102.0 351.0
247.0 214.0 102.0 351.0
243.0 209.0 104.0 358.0
246.0 210.0 102.0 351.0
251.0 210.0 102.0 351.0
254.0 210.0 102.0 351.0
252.0 210.0 100.0 344.0
255.0 217.0 96.0 331.0
253.0 219.0 96.0 331.0
237.0 213.0 98.0 338.0
218.0 198.0 100.0 344.0
208.0 184.0 98.0 338.0
198.0 167.0 100.0 344.0
193.0 157.0 100.0 344.0
190.0 155.0 102.0 351.0
192.0 165.0 100.0 344.0
191.0 169.0 100.0 344.0
190.0 173.0 102.0 351.0
192.0 176.0 100.0 344.0
197.0 181.0 98.0 338.0
201.0 184.0 100.0 344.0
209.0 186.0 98.0 338.0
217.0 184.0 98.0 338.0
220.0 189.0 98.0 338.0
224.0 208.0 100.0 344.0
227.0 220.0 96.0 331.0
225.0 220.0 98.0 338.0
225.0 217.0 98.0 338.0
224.0 212.0 96.0 331.0
221.0 202.0 96.0 331.0
217.0 190.0 98.0 338.0
221.0 189.0 94.0 324.0
224.0 185.0 93.0 318.0
223.0 179.0 96.0 331.0
229.0 182.0 93.0 318.0
237.0 188.0 93.0 318.0
246.0 199.0 93.0 318.0
258.0 209.0 91.0 312.0
273.0 217.0 91.0 312.0
288.0 222.0 89.0 306.0
307.0 226.0 87.0 300.0
325.0 222.0 91.0 312.0
340.0 221.0 91.0 312.0
353.0 220.0 93.0 318.0
364.0 214.0 94.0 324.0
372.0 209.0 93.0 318.0
370.0 199.0 93.0 318.0
368.0 188.0 93.0 318.0
374.0 181.0 93.0 318.0
377.0 177.0 91.0 312.0
382.0 175.0 91.0 312.0
384.0 172.0 94.0 324.0
385.0 170.0 93.0 318.0
388.0 169.0 91.0 312.0
394.0 175.0 91.0 312.0
401.0 180.0 93.0 318.0
405.0 187.0 93.0 318.0
410.0 197.0 91.0 312.0
411.0 202.0 91.0 312.0
412.0 210.0 91.0 312.0
409.0 214.0 93.0 318.0
398.0 213.0 96.0 331.0
395.0 216.0 93.0 318.0
385.0 217.0 96.0 331.0
382.0 220.0 98.0 338.0
378.0 217.0 102.0 351.0
376.0 205.0 98.0 338.0
375.0 193.0 96.0 331.0
370.0 186.0 98.0 338.0
368.0 191.0 96.0 331.0
362.0 199.0 96.0 331.0
358.0 212.0 94.0 324.0
353.0 221.0 94.0 324.0
344.0 221.0 98.0 338.0
338.0 225.0 98.0 338.0
334.0 235.0 96.0 331.0
332.0 245.0 94.0 324.0
328.0 251.0 94.0 324.0
326.0 255.0 96.0 331.0
323.0 262.0 96.0 331.0
322.0 266.0 96.0 331.0
320.0 267.0 96.0 331.0
322.0 266.0 94.0 324.0
323.0 261.0 96.0 331.0
320.0 262.0 94.0 324.0
318.0 255.0 96.0 331.0
318.0 252.0 94.0 324.0
312.0 240.0 96.0 331.0
307.0 230.0 96.0 331.0
305.0 226.0 94.0 324.0
303.0 219.0 94.0 324.0
302.0 212.0 94.0 324.0
305.0 209.0 94.0 324.0
307.0 209.0 94.0 324.0
311.0 215.0 93.0 318.0
314.0 223.0 91.0 312.0
316.0 226.0 94.0 324.0
321.0 232.0 93.0 318.0
324.0 234.0 93.0 318.0
327.0 238.0 91.0 312.0
331.0 241.0 91.0 312.0
332.0 244.0 91.0 312.0
333.0 246.0 91.0 312.0
333.0 251.0 87.0 300.0
332.0 248.0 87.0 300.0
323.0 243.0 87.0 300.0
316.0 245.0 84.0 288.0
313.0 241.0 82.0 282.0
308.0 235.0 81.0 277.0
305.0 225.0 82.0 282.0
307.0 227.0 79.0 271.0
309.0 226.0 79.0 271.0
310.0 227.0 77.0 266.0
306.0 220.0 81.0 277.0
304.0 218.0 79.0 271.0
303.0 215.0 81.0 277.0
303.0 218.0 79.0 271.0
307.0 225.0 77.0 266.0
307.0 234.0 76.0 261.0
307.0 242.0 76.0 261.0
308.0 248.0 76.0 261.0
310.0 252.0 76.0 261.0
310.0 255.0 76.0 261.0
312.0 259.0 74.0 256.0
313.0 262.0 76.0 261.0
318.0 267.0 73.0 251.0
320.0 266.0 71.0 246.0
323.0 264.0 73.0 251.0
328.0 266.0 71.0 246.0
328.0 262.0 74.0 256.0
331.0 260.0 73.0 251.0
332.0 253.0 73.0 251.0
333.0 246.0 73.0 251.0
335.0 243.0 71.0 246.0
337.0 241.0 71.0 246.0
339.0 241.0 70.0 241.0
343.0 239.0 69.0 236.0
345.0 237.0 67.0 232.0
347.0 237.0 69.0 236.0
350.0 242.0 69.0 236.0
350.0 248.0 70.0 241.0
349.0 254.0 70.0 241.0
349.0 258.0 69.0 236.0
347.0 261.0 69.0 236.0
345.0 263.0 67.0 232.0
342.0 267.0 66.0 227.0
339.0 270.0 66.0 227.0
336.0 273.0 65.0 223.0
333.0 276.0 65.0 223.0
330.0 278.0 63.0 218.0
326.0 278.0 63.0 218.0
320.0 277.0 62.0 214.0
317.0 272.0 61.0 210.0
314.0 266.0 61.0 210.0
313.0 260.0 61.0 210.0
313.0 256.0 60.0 206.0
312.0 253.0 60.0 206.0
314.0 254.0 59.0 202.0
318.0 253.0 59.0 202.0
322.0 253.0 59.0 202.0
322.0 250.0 60.0 206.0
329.0 253.0 59.0 202.0
335.0 257.0 59.0 202.0
335.0 258.0 61.0 210.0
338.0 260.0 60.0 206.0
342.0 262.0 60.0 206.0
346.0 268.0 59.0 202.0
349.0 273.0 60.0 206.0
350.0 277.0 61.0 210.0
353.0 282.0 59.0 202.0
353.0 280.0 60.0 206.0
355.0 280.0 59.0 202.0
356.0 279.0 60.0 206.0
356.0 276.0 62.0 214.0
356.0 274.0 60.0 206.0
356.0 267.0 60.0 206.0
355.0 257.0 62.0 214.0
360.0 254.0 61.0 210.0
364.0 253.0 60.0 206.0
366.0 250.0 60.0 206.0
367.0 243.0 61.0 210.0
369.0 236.0 61.0 210.0
373.0 234.0 60.0 206.0
378.0 238.0 57.0 198.0
381.0 244.0 56.0 194.0
383.0 247.0 56.0 194.0
382.0 248.0 56.0 194.0
381.0 247.0 57.0 198.0
379.0 250.0 56.0 194.0
378.0 256.0 54.0 186.0
377.0 263.0 54.0 186.0
376.0 269.0 52.0 179.0
372.0 268.0 53.0 183.0
366.0 264.0 54.0 186.0
361.0 261.0 55.0 190.0
355.0 260.0 55.0 190.0
349.0 257.0 56.0 194.0
343.0 254.0 57.0 198.0
336.0 250.0 60.0 206.0
333.0 243.0 61.0 210.0
329.0 236.0 61.0 210.0
327.0 232.0 61.0 210.0
327.0 233.0 61.0 210.0
330.0 237.0 59.0 202.0
331.0 238.0 57.0 198.0
327.0 233.0 59.0 202.0
328.0 228.0 59.0 202.0
333.0 225.0 59.0 202.0
339.0 226.0 57.0 198.0
343.0 230.0 57.0 198.0
349.0 236.0 57.0 198.0
355.0 244.0 55.0 190.0
361.0 250.0 55.0 190.0
366.0 253.0 56.0 194.0
370.0 255.0 57.0 198.0
376.0 259.0 57.0 198.0
382.0 265.0 56.0 194.0
387.0 267.0 59.0 202.0
390.0 269.0 60.0 206.0
394.0 270.0 61.0 210.0
395.0 272.0 60.0 206.0
395.0 272.0 59.0 202.0
395.0 268.0 59.0 202.0
396.0 265.0 59.0 202.0
397.0 264.0 56.0 194.0
396.0 263.0 56.0 194.0
394.0 263.0 56.0 194.0
394.0 263.0 56.0 194.0
394.0 265.0 54.0 186.0
393.0 264.0 55.0 190.0
390.0 264.0 56.0 194.0
388.0 263.0 56.0 194.0
383.0 260.0 59.0 202.0
377.0 258.0 59.0 202.0
368.0 254.0 61.0 210.0
363.0 253.0 61.0 210.0
355.0 250.0 62.0 214.0
348.0 249.0 62.0 214.0
341.0 248.0 62.0 214.0
333.0 248.0 62.0 214.0
324.0 246.0 63.0 218.0
314.0 246.0 62.0 214.0
307.0 244.0 63.0 218.0
299.0 245.0 63.0 218.0
291.0 246.0 63.0 218.0
281.0 245.0 65.0 223.0
274.0 246.0 63.0 218.0
265.0 248.0 63.0 218.0
256.0 251.0 62.0 214.0
248.0 252.0 62.0 214.0
241.0 252.0 63.0 218.0
234.0 256.0 63.0 218.0
225.0 260.0 65.0 223.0
217.0 262.0 65.0 223.0
208.0 258.0 66.0 227.0
201.0 251.0 66.0 227.0
197.0 248.0 65.0 223.0
191.0 247.0 66.0 227.0
186.0 246.0 65.0 223.0
183.0 244.0 65.0 223.0
180.0 241.0 65.0 223.0
179.0 239.0 65.0 223.0
180.0 237.0 66.0 227.0
182.0 237.0 66.0 227.0
185.0 237.0 65.0 223.0
191.0 239.0 65.0 223.0
200.0 243.0 63.0 218.0
208.0 246.0 63.0 218.0
217.0 251.0 61.0 210.0
227.0 256.0 60.0 206.0
236.0 258.0 62.0 214.0
245.0 260.0 62.0 214.0
253.0 258.0 65.0 223.0
261.0 258.0 65.0 223.0
269.0 260.0 65.0 223.0
275.0 264.0 66.0 227.0
280.0 268.0 65.0 223.0
284.0 271.0 65.0 223.0
286.0 272.0 66.0 227.0
286.0 269.0 66.0 227.0
287.0 264.0 66.0 227.0
288.0 259.0 67.0 232.0
291.0 260.0 66.0 227.0
292.0 259.0 65.0 223.0
291.0 259.0 65.0 223.0
289.0 257.0 67.0 232.0
289.0 257.0 67.0 232.0
288.0 257.0 69.0 236.0
286.0 255.0 66.0 227.0
281.0 249.0 69.0 236.0
276.0 244.0 70.0 241.0
274.0 242.0 69.0 236.0
271.0 241.0 69.0 236.0
269.0 247.0 67.0 232.0
271.0 260.0 65.0 223.0
272.0 271.0 65.0 223.0
273.0 276.0 63.0 218.0
275.0 276.0 65.0 223.0
278.0 277.0 65.0 223.0
284.0 278.0 65.0 223.0
289.0 278.0 65.0 223.0
293.0 275.0 66.0 227.0
300.0 271.0 65.0 223.0
307.0 266.0 65.0 223.0
315.0 264.0 65.0 223.0
326.0 268.0 62.0 214.0
336.0 271.0 65.0 223.0
344.0 272.0 65.0 223.0
352.0 272.0 63.0 218.0
360.0 271.0 62.0 214.0
365.0 269.0 62.0 214.0
370.0 264.0 63.0 218.0
372.0 257.0 65.0 223.0
375.0 253.0 65.0 223.0
377.0 250.0 65.0 223.0
379.0 247.0 65.0 223.0
378.0 242.0 65.0 223.0
376.0 236.0 65.0 223.0
373.0 232.0 65.0 223.0
370.0 225.0 67.0 232.0
365.0 221.0 66.0 227.0
359.0 218.0 65.0 223.0
352.0 217.0 65.0 223.0
346.0 223.0 63.0 218.0
336.0 232.0 65.0 223.0
327.0 240.0 65.0 223.0
318.0 247.0 62.0 214.0
306.0 250.0 62.0 214.0
293.0 250.0 63.0 218.0
280.0 251.0 65.0 223.0
267.0 253.0 63.0 218.0
254.0 253.0 62.0 214.0
242.0 251.0 62.0 214.0
232.0 249.0 62.0 214.0
221.0 242.0 65.0 223.0
212.0 236.0 65.0 223.0
206.0 232.0 65.0 223.0
201.0 233.0 63.0 218.0
195.0 236.0 62.0 214.0
190.0 237.0 62.0 214.0
187.0 238.0 63.0 218.0
182.0 239.0 63.0 218.0
177.0 239.0 63.0 218.0
173.0 241.0 62.0 214.0
170.0 243.0 61.0 210.0
168.0 244.0 62.0 214.0
168.0 246.0 61.0 210.0
167.0 247.0 63.0 218.0
171.0 253.0 62.0 214.0
177.0 262.0 60.0 206.0
181.0 268.0 60.0 206.0
179.0 270.0 62.0 214.0
181.0 271.0 61.0 210.0
180.0 268.0 62.0 214.0
178.0 260.0 65.0 223.0
181.0 253.0 63.0 218.0
183.0 249.0 63.0 218.0
184.0 247.0 65.0 223.0
188.0 243.0 65.0 223.0
191.0 235.0 66.0 227.0
190.0 225.0 66.0 227.0
191.0 212.0 69.0 236.0
195.0 209.0 66.0 227.0
198.0 207.0 67.0 232.0
201.0 213.0 65.0 223.0
201.0 219.0 65.0 223.0
200.0 224.0 66.0 227.0
198.0 225.0 67.0 232.0
197.0 226.0 67.0 232.0
195.0 226.0 70.0 241.0
197.0 230.0 67.0 232.0
196.0 233.0 66.0 227.0
194.0 232.0 67.0 232.0
192.0 234.0 67.0 232.0
189.0 234.0 67.0 232.0
187.0 235.0 66.0 227.0
183.0 234.0 66.0 227.0
179.0 229.0 66.0 227.0
172.0 219.0 67.0 232.0
170.0 211.0 69.0 236.0
169.0 209.0 69.0 236.0
168.0 205.0 71.0 246.0
165.0 201.0 73.0 251.0
163.0 193.0 74.0 256.0
164.0 190.0 73.0 251.0
166.0 191.0 71.0 246.0
168.0 197.0 71.0 246.0
168.0 207.0 70.0 241.0
168.0 211.0 71.0 246.0
168.0 217.0 70.0 241.0
168.0 219.0 71.0 246.0
171.0 225.0 69.0 236.0
170.0 227.0 71.0 246.0
172.0 233.0 69.0 236.0
170.0 233.0 71.0 246.0
171.0 238.0 69.0 236.0
167.0 236.0 71.0 246.0
166.0 236.0 73.0 251.0
164.0 232.0 74.0 256.0
162.0 229.0 76.0 261.0
165.0 229.0 73.0 251.0
162.0 224.0 76.0 261.0
158.0 218.0 79.0 271.0
159.0 212.0 77.0 266.0
159.0 206.0 76.0 261.0
158.0 196.0 77.0 266.0
155.0 185.0 81.0 277.0
154.0 176.0 81.0 277.0
154.0 172.0 79.0 271.0
157.0 174.0 77.0 266.0
159.0 180.0 77.0 266.0
160.0 187.0 77.0 266.0
161.0 194.0 74.0 256.0
160.0 198.0 76.0 261.0
159.0 202.0 74.0 256.0
158.0 206.0 77.0 266.0
158.0 213.0 74.0 256.0
154.0 216.0 77.0 266.0
149.0 220.0 76.0 261.0
145.0 222.0 76.0 261.0
141.0 222.0 76.0 261.0
140.0 220.0 74.0 256.0
136.0 216.0 76.0 261.0
135.0 212.0 74.0 256.0
133.0 212.0 76.0 261.0
132.0 213.0 76.0 261.0
130.0 214.0 74.0 256.0
127.0 215.0 76.0 261.0
126.0 218.0 76.0 261.0
125.0 217.0 77.0 266.0
123.0 215.0 76.0 261.0
123.0 215.0 74.0 256.0
127.0 220.0 71.0 246.0
129.0 223.0 73.0 251.0
129.0 225.0 73.0 251.0
129.0 225.0 73.0 251.0
128.0 223.0 74.0 256.0
130.0 225.0 73.0 251.0
129.0 225.0 76.0 261.0
132.0 228.0 74.0 256.0
133.0 230.0 74.0 256.0
136.0 232.0 73.0 251.0
136.0 232.0 73.0 251.0
134.0 230.0 76.0 261.0
135.0 229.0 77.0 266.0
136.0 231.0 77.0 266.0
136.0 233.0 76.0 261.0
137.0 233.0 76.0 261.0
138.0 234.0 76.0 261.0
140.0 235.0 76.0 261.0
143.0 236.0 76.0 261.0
145.0 235.0 77.0 266.0
147.0 237.0 76.0 261.0
149.0 236.0 77.0 266.0
151.0 235.0 77.0 266.0
152.0 236.0 77.0 266.0
153.0 237.0 76.0 261.0
155.0 237.0 76.0 261.0
157.0 238.0 76.0 261.0
158.0 238.0 76.0 261.0
158.0 238.0 76.0 261.0
159.0 238.0 76.0 261.0
161.0 240.0 74.0 256.0
161.0 240.0 76.0 261.0
162.0 242.0 76.0 261.0
164.0 244.0 74.0 256.0
167.0 245.0 74.0 256.0
170.0 248.0 73.0 251.0
170.0 245.0 74.0 256.0
173.0 245.0 73.0 251.0
175.0 245.0 73.0 251.0
177.0 244.0 73.0 251.0
179.0 242.0 74.0 256.0
182.0 241.0 74.0 256.0
186.0 241.0 74.0 256.0
191.0 244.0 73.0 251.0
195.0 244.0 73.0 251.0
199.0 243.0 73.0 251.0
203.0 242.0 73.0 251.0
205.0 239.0 74.0 256.0
208.0 238.0 74.0 256.0
211.0 237.0 74.0 256.0
214.0 237.0 73.0 251.0
215.0 236.0 73.0 251.0
216.0 235.0 73.0 251.0
216.0 234.0 73.0 251.0
215.0 232.0 73.0 251.0
215.0 232.0 71.0 246.0
213.0 230.0 71.0 246.0
211.0 231.0 70.0 241.0
208.0 230.0 70.0 241.0
206.0 231.0 69.0 236.0
202.0 232.0 67.0 232.0
198.0 233.0 69.0 236.0
194.0 233.0 69.0 236.0
189.0 232.0 69.0 236.0
185.0 233.0 67.0 232.0
181.0 235.0 67.0 232.0
176.0 235.0 67.0 232.0
172.0 235.0 67.0 232.0
167.0 236.0 66.0 227.0
162.0 236.0 66.0 227.0
156.0 237.0 66.0 227.0
150.0 237.0 66.0 227.0
144.0 238.0 65.0 223.0
137.0 239.0 65.0 223.0
129.0 239.0 65.0 223.0
122.0 240.0 65.0 223.0
118.0 241.0 65.0 223.0
114.0 242.0 65.0 223.0
110.0 243.0 65.0 223.0
108.0 244.0 66.0 227.0
104.0 243.0 66.0 227.0
102.0 243.0 65.0 223.0
101.0 241.0 67.0 232.0
101.0 244.0 66.0 227.0
100.0 244.0 66.0 227.0
100.0 243.0 66.0 227.0
100.0 242.0 66.0 227.0
99.0 242.0 66.0 227.0
98.0 241.0 66.0 227.0
98.0 241.0 66.0 227.0
98.0 241.0 66.0 227.0
98.0 242.0 65.0 223.0
101.0 244.0 63.0 218.0
102.0 245.0 65.0 223.0
105.0 248.0 63.0 218.0
107.0 248.0 63.0 218.0
110.0 248.0 63.0 218.0
113.0 247.0 63.0 218.0
115.0 246.0 63.0 218.0
115.0 244.0 65.0 223.0
117.0 242.0 65.0 223.0
118.0 242.0 63.0 218.0
119.0 242.0 63.0 218.0
119.0 244.0 62.0 214.0
118.0 243.0 63.0 218.0
115.0 242.0 63.0 218.0
112.0 242.0 62.0 214.0
111.0 242.0 61.0 210.0
108.0 242.0 60.0 206.0
105.0 241.0 60.0 206.0
105.0 243.0 59.0 202.0
102.0 242.0 60.0 206.0
99.0 241.0 60.0 206.0
94.0 237.0 62.0 214.0
93.0 234.0 60.0 206.0
92.0 233.0 60.0 206.0
93.0 233.0 60.0 206.0
95.0 236.0 59.0 202.0
93.0 236.0 61.0 210.0
94.0 237.0 60.0 206.0
96.0 240.0 59.0 202.0
98.0 242.0 59.0 202.0
102.0 247.0 56.0 194.0
105.0 250.0 56.0 194.0
109.0 254.0 55.0 190.0
111.0 257.0 57.0 198.0
114.0 260.0 56.0 194.0
115.0 260.0 56.0 194.0
115.0 257.0 56.0 194.0
116.0 255.0 57.0 198.0
117.0 258.0 56.0 194.0
119.0 260.0 57.0 198.0
121.0 265.0 56.0 194.0
121.0 265.0 57.0 198.0
122.0 266.0 55.0 190.0
121.0 263.0 57.0 198.0
118.0 259.0 56.0 194.0
116.0 254.0 56.0 194.0
115.0 249.0 56.0 194.0
117.0 245.0 55.0 190.0
118.0 244.0 54.0 186.0
118.0 243.0 53.0 183.0
114.0 242.0 54.0 186.0
110.0 239.0 56.0 194.0
107.0 239.0 54.0 186.0
104.0 235.0 54.0 186.0
101.0 229.0 55.0 190.0
101.0 226.0 54.0 186.0
99.0 223.0 55.0 190.0
96.0 225.0 55.0 190.0
95.0 232.0 53.0 183.0
90.0 235.0 53.0 183.0
85.0 234.0 55.0 190.0
81.0 238.0 56.0 194.0
79.0 242.0 55.0 190.0
76.0 243.0 56.0 194.0
73.0 244.0 55.0 190.0
67.0 241.0 55.0 190.0
64.0 238.0 57.0 198.0
64.0 243.0 56.0 194.0
64.0 249.0 55.0 190.0
65.0 252.0 57.0 198.0
66.0 255.0 57.0 198.0
65.0 257.0 55.0 190.0
64.0 255.0 57.0 198.0
65.0 256.0 55.0 190.0
66.0 254.0 56.0 194.0
69.0 253.0 55.0 190.0
72.0 251.0 57.0 198.0
76.0 252.0 55.0 190.0
77.0 248.0 56.0 194.0
78.0 244.0 56.0 194.0
80.0 239.0 57.0 198.0
85.0 239.0 56.0 194.0
89.0 240.0 55.0 190.0
94.0 244.0 56.0 194.0
98.0 251.0 55.0 190.0
99.0 251.0 57.0 198.0
98.0 249.0 57.0 198.0
98.0 245.0 59.0 202.0
100.0 242.0 59.0 202.0
100.0 241.0 57.0 198.0
100.0 240.0 60.0 206.0
103.0 243.0 60.0 206.0
105.0 247.0 60.0 206.0
107.0 248.0 61.0 210.0
108.0 249.0 59.0 202.0
108.0 244.0 61.0 210.0
107.0 240.0 61.0 210.0
106.0 237.0 62.0 214.0
107.0 239.0 61.0 210.0
107.0 240.0 60.0 206.0
105.0 238.0 61.0 210.0
101.0 236.0 62.0 214.0
98.0 233.0 63.0 218.0
95.0 231.0 63.0 218.0
91.0 231.0 62.0 214.0
87.0 231.0 63.0 218.0
81.0 231.0 65.0 223.0
74.0 232.0 65.0 223.0
69.0 236.0 63.0 218.0
63.0 243.0 65.0 223.0
57.0 251.0 66.0 227.0
55.0 258.0 63.0 218.0
50.0 259.0 65.0 223.0
45.0 260.0 66.0 227.0
44.0 264.0 66.0 227.0
44.0 268.0 65.0 223.0
43.0 268.0 65.0 223.0
43.0 264.0 67.0 232.0
45.0 261.0 66.0 227.0
47.0 255.0 69.0 236.0
54.0 253.0 70.0 241.0
64.0 254.0 69.0 236.0
74.0 258.0 66.0 227.0
82.0 255.0 67.0 232.0
87.0 252.0 69.0 236.0
92.0 248.0 67.0 232.0
96.0 243.0 70.0 241.0
102.0 239.0 71.0 246.0
109.0 238.0 70.0 241.0
113.0 233.0 73.0 251.0
121.0 235.0 70.0 241.0
127.0 235.0 70.0 241.0
132.0 235.0 71.0 246.0
136.0 236.0 71.0 246.0
140.0 236.0 73.0 251.0
145.0 240.0 70.0 241.0
150.0 243.0 69.0 236.0
151.0 242.0 71.0 246.0
151.0 241.0 73.0 251.0
153.0 241.0 73.0 251.0
155.0 242.0 73.0 251.0
158.0 243.0 73.0 251.0
160.0 244.0 73.0 251.0
163.0 245.0 73.0 251.0
169.0 248.0 70.0 241.0
172.0 247.0 71.0 246.0
175.0 249.0 70.0 241.0
178.0 247.0 73.0 251.0
182.0 248.0 71.0 246.0
183.0 248.0 73.0 251.0
185.0 248.0 73.0 251.0
186.0 248.0 73.0 251.0
187.0 247.0 73.0 251.0
184.0 244.0 76.0 261.0
184.0 242.0 77.0 266.0
182.0 240.0 79.0 271.0
182.0 239.0 77.0 266.0
181.0 237.0 76.0 261.0
180.0 233.0 79.0 271.0
181.0 233.0 77.0 266.0
182.0 234.0 76.0 261.0
184.0 232.0 77.0 266.0
183.0 231.0 79.0 271.0
184.0 232.0 79.0 271.0
185.0 233.0 79.0 271.0
185.0 233.0 79.0 271.0
184.0 233.0 79.0 271.0
183.0 234.0 79.0 271.0
183.0 236.0 79.0 271.0
182.0 236.0 79.0 271.0
180.0 234.0 81.0 277.0
180.0 233.0 81.0 277.0
182.0 235.0 77.0 266.0
180.0 234.0 79.0 271.0
179.0 232.0 82.0 282.0
179.0 232.0 82.0 282.0
178.0 230.0 86.0 294.0
180.0 233.0 82.0 282.0
180.0 232.0 86.0 294.0
181.0 233.0 86.0 294.0
183.0 235.0 84.0 288.0
183.0 235.0 86.0 294.0
184.0 235.0 86.0 294.0
184.0 233.0 87.0 300.0
187.0 235.0 84.0 288.0
187.0 233.0 87.0 300.0
188.0 233.0 87.0 300.0
190.0 233.0 87.0 300.0
191.0 234.0 86.0 294.0
191.0 232.0 89.0 306.0
192.0 232.0 89.0 306.0
193.0 231.0 89.0 306.0
192.0 229.0 91.0 312.0
192.0 229.0 91.0 312.0
192.0 229.0 91.0 312.0
189.0 227.0 93.0 318.0
187.0 227.0 93.0 318.0
183.0 225.0 94.0 324.0
183.0 226.0 91.0 312.0
178.0 225.0 94.0 324.0
175.0 223.0 96.0 331.0
175.0 222.0 94.0 324.0
171.0 215.0 98.0 338.0
172.0 215.0 94.0 324.0
173.0 217.0 96.0 331.0
177.0 222.0 98.0 338.0
181.0 227.0 98.0 338.0
185.0 232.0 96.0 331.0
189.0 237.0 94.0 324.0
192.0 241.0 96.0 331.0
196.0 243.0 96.0 331.0
200.0 243.0 96.0 331.0
203.0 239.0 96.0 331.0
207.0 235.0 96.0 331.0
211.0 232.0 96.0 331.0
214.0 227.0 96.0 331.0
215.0 220.0 94.0 324.0
214.0 211.0 96.0 331.0
213.0 202.0 98.0 338.0
211.0 197.0 98.0 338.0
212.0 193.0 94.0 324.0
210.0 189.0 94.0 324.0
210.0 187.0 93.0 318.0
211.0 188.0 91.0 312.0
210.0 188.0 93.0 318.0
211.0 192.0 91.0 312.0
212.0 198.0 93.0 318.0
213.0 209.0 93.0 318.0
215.0 222.0 89.0 306.0
213.0 230.0 89.0 306.0
208.0 234.0 91.0 312.0
205.0 237.0 89.0 306.0
198.0 233.0 91.0 312.0
192.0 231.0 91.0 312.0
187.0 229.0 91.0 312.0
180.0 223.0 93.0 318.0
177.0 222.0 89.0 306.0
174.0 218.0 87.0 300.0
170.0 211.0 87.0 300.0
166.0 203.0 91.0 312.0
166.0 203.0 89.0 306.0
169.0 204.0 87.0 300.0
172.0 202.0 87.0 300.0
174.0 197.0 89.0 306.0
175.0 193.0 87.0 300.0
177.0 193.0 87.0 300.0
180.0 198.0 86.0 294.0
181.0 203.0 86.0 294.0
181.0 205.0 86.0 294.0
183.0 209.0 84.0 288.0
185.0 212.0 84.0 288.0
187.0 214.0 84.0 288.0
192.0 217.0 84.0 288.0
196.0 222.0 82.0 282.0
198.0 224.0 84.0 288.0
200.0 225.0 84.0 288.0
202.0 226.0 84.0 288.0
204.0 227.0 84.0 288.0
206.0 227.0 84.0 288.0
206.0 227.0 84.0 288.0
205.0 226.0 84.0 288.0
206.0 225.0 84.0 288.0
206.0 219.0 86.0 294.0
210.0 214.0 82.0 282.0
215.0 206.0 81.0 277.0
218.0 199.0 82.0 282.0
220.0 194.0 86.0 294.0
226.0 197.0 84.0 288.0
233.0 202.0 82.0 282.0
237.0 204.0 82.0 282.0
240.0 205.0 82.0 282.0
242.0 207.0 82.0 282.0
246.0 212.0 81.0 277.0
244.0 216.0 82.0 282.0
245.0 222.0 81.0 277.0
241.0 226.0 84.0 288.0
240.0 231.0 81.0 277.0
235.0 232.0 82.0 282.0
232.0 234.0 82.0 282.0
230.0 236.0 81.0 277.0
227.0 234.0 82.0 282.0
226.0 233.0 82.0 282.0
224.0 231.0 84.0 288.0
225.0 231.0 84.0 288.0
227.0 233.0 82.0 282.0
228.0 234.0 82.0 282.0
229.0 235.0 81.0 277.0
227.0 229.0 84.0 288.0
225.0 226.0 86.0 294.0
226.0 230.0 84.0 288.0
225.0 231.0 84.0 288.0
224.0 231.0 84.0 288.0
222.0 231.0 84.0 288.0
220.0 231.0 84.0 288.0
218.0 232.0 84.0 288.0
215.0 231.0 86.0 294.0
212.0 228.0 87.0 300.0
208.0 225.0 89.0 306.0
207.0 226.0 86.0 294.0
203.0 223.0 87.0 300.0
199.0 222.0 87.0 300.0
195.0 222.0 87.0 300.0
192.0 221.0 89.0 306.0
189.0 222.0 89.0 306.0
185.0 222.0 89.0 306.0
180.0 218.0 91.0 312.0
177.0 217.0 91.0 312.0
175.0 217.0 91.0 312.0
172.0 216.0 91.0 312.0
171.0 216.0 91.0 312.0
170.0 216.0 91.0 312.0
168.0 213.0 93.0 318.0
166.0 211.0 93.0 318.0
165.0 212.0 91.0 312.0
164.0 212.0 91.0 312.0
162.0 212.0 91.0 312.0
162.0 212.0 91.0 312.0
162.0 213.0 91.0 312.0
161.0 214.0 93.0 318.0
161.0 216.0 91.0 312.0
160.0 217.0 91.0 312.0
159.0 217.0 91.0 312.0
161.0 219.0 89.0 306.0
159.0 217.0 91.0 312.0
159.0 218.0 91.0 312.0
158.0 218.0 91.0 312.0
158.0 219.0 91.0 312.0
156.0 218.0 91.0 312.0
157.0 218.0 91.0 312.0
157.0 219.0 91.0 312.0
158.0 221.0 91.0 312.0
158.0 220.0 91.0 312.0
158.0 219.0 93.0 318.0
158.0 217.0 93.0 318.0
159.0 218.0 91.0 312.0
159.0 220.0 91.0 312.0
159.0 224.0 91.0 312.0
159.0 225.0 91.0 312.0
159.0 225.0 91.0 312.0
159.0 226.0 91.0 312.0
159.0 226.0 91.0 312.0
160.0 225.0 91.0 312.0
160.0 222.0 93.0 318.0
160.0 223.0 91.0 312.0
160.0 224.0 91.0 312.0
160.0 225.0 91.0 312.0
159.0 223.0 91.0 312.0
158.0 222.0 91.0 312.0
158.0 222.0 91.0 312.0
160.0 226.0 89.0 306.0
161.0 227.0 89.0 306.0
158.0 224.0 91.0 312.0
158.0 223.0 91.0 312.0
157.0 222.0 91.0 312.0
156.0 219.0 93.0 318.0
156.0 219.0 93.0 318.0
157.0 221.0 91.0 312.0
160.0 226.0 89.0 306.0
156.0 228.0 91.0 312.0
157.0 231.0 91.0 312.0
159.0 233.0 91.0 312.0
160.0 233.0 91.0 312.0
163.0 236.0 91.0 312.0
165.0 238.0 94.0 324.0
169.0 245.0 91.0 312.0
170.0 246.0 91.0 312.0
171.0 243.0 93.0 318.0
173.0 244.0 93.0 318.0
175.0 244.0 93.0 318.0
177.0 245.0 91.0 312.0
175.0 240.0 93.0 318.0
174.0 235.0 93.0 318.0
177.0 229.0 91.0 312.0
174.0 218.0 94.0 324.0
174.0 210.0 93.0 318.0
175.0 204.0 93.0 318.0
177.0 202.0 93.0 318.0
179.0 199.0 93.0 318.0
178.0 192.0 96.0 331.0
180.0 188.0 94.0 324.0
180.0 187.0 94.0 324.0
182.0 188.0 93.0 318.0
182.0 189.0 93.0 318.0
186.0 195.0 89.0 306.0
186.0 198.0 89.0 306.0
188.0 200.0 86.0 294.0
188.0 203.0 86.0 294.0
190.0 211.0 84.0 288.0
193.0 224.0 82.0 282.0
195.0 236.0 81.0 277.0
198.0 248.0 77.0 266.0
199.0 257.0 74.0 256.0
201.0 267.0 71.0 246.0
206.0 277.0 69.0 236.0
208.0 284.0 67.0 232.0
209.0 288.0 67.0 232.0
210.0 293.0 65.0 223.0
209.0 291.0 65.0 223.0
208.0 289.0 66.0 227.0
208.0 288.0 66.0 227.0
208.0 286.0 67.0 232.0
206.0 283.0 69.0 236.0
204.0 279.0 70.0 241.0
204.0 274.0 71.0 246.0
204.0 271.0 71.0 246.0
205.0 269.0 71.0 246.0
205.0 265.0 73.0 251.0
202.0 260.0 76.0 261.0
202.0 259.0 77.0 266.0
200.0 260.0 79.0 271.0
200.0 260.0 81.0 277.0
199.0 260.0 82.0 282.0
199.0 259.0 84.0 288.0
198.0 259.0 84.0 288.0
196.0 257.0 86.0 294.0
195.0 254.0 87.0 300.0
195.0 253.0 89.0 306.0
194.0 254.0 89.0 306.0
192.0 253.0 87.0 300.0
192.0 249.0 89.0 306.0
194.0 246.0 89.0 306.0
198.0 246.0 86.0 294.0
202.0 251.0 82.0 282.0
206.0 254.0 79.0 271.0
209.0 252.0 79.0 271.0
213.0 250.0 82.0 282.0
219.0 252.0 82.0 282.0
224.0 258.0 79.0 271.0
227.0 260.0 82.0 282.0
234.0 263.0 79.0 271.0
234.0 262.0 81.0 277.0
234.0 259.0 79.0 271.0
235.0 256.0 76.0 261.0
236.0 257.0 77.0 266.0
235.0 262.0 76.0 261.0
238.0 267.0 73.0 251.0
238.0 270.0 71.0 246.0
241.0 272.0 71.0 246.0
243.0 276.0 70.0 241.0
242.0 275.0 71.0 246.0
240.0 276.0 73.0 251.0
236.0 275.0 76.0 261.0
240.0 273.0 73.0 251.0
237.0 271.0 76.0 261.0
237.0 270.0 77.0 266.0
237.0 271.0 77.0 266.0
237.0 273.0 77.0 266.0
236.0 271.0 74.0 256.0
233.0 268.0 74.0 256.0
232.0 266.0 77.0 266.0
231.0 269.0 74.0 256.0
227.0 269.0 77.0 266.0
220.0 269.0 81.0 277.0
214.0 270.0 84.0 288.0
212.0 271.0 82.0 282.0
204.0 269.0 82.0 282.0
193.0 264.0 86.0 294.0
185.0 261.0 89.0 306.0
178.0 263.0 86.0 294.0
170.0 263.0 89.0 306.0
162.0 262.0 93.0 318.0
155.0 259.0 94.0 324.0
152.0 256.0 93.0 318.0
149.0 254.0 91.0 312.0
144.0 251.0 91.0 312.0
141.0 248.0 91.0 312.0
137.0 245.0 93.0 318.0
137.0 247.0 89.0 306.0
132.0 243.0 93.0 318.0
128.0 241.0 94.0 324.0
127.0 241.0 94.0 324.0
126.0 242.0 94.0 324.0
126.0 245.0 93.0 318.0
127.0 248.0 93.0 318.0
128.0 250.0 94.0 324.0
128.0 255.0 91.0 312.0
128.0 262.0 89.0 306.0
130.0 266.0 87.0 300.0
130.0 265.0 89.0 306.0
129.0 264.0 89.0 306.0
127.0 261.0 91.0 312.0
126.0 262.0 91.0 312.0
126.0 263.0 89.0 306.0
125.0 263.0 89.0 306.0
123.0 262.0 87.0 300.0
121.0 262.0 86.0 294.0
117.0 259.0 89.0 306.0
114.0 258.0 87.0 300.0
110.0 257.0 89.0 306.0
104.0 255.0 93.0 318.0
97.0 255.0 96.0 331.0
93.0 253.0 96.0 331.0
90.0 254.0 96.0 331.0
87.0 256.0 96.0 331.0
82.0 259.0 98.0 338.0
77.0 262.0 100.0 344.0
74.0 263.0 98.0 338.0
69.0 264.0 98.0 338.0
66.0 268.0 102.0 351.0
63.0 272.0 102.0 351.0
63.0 274.0 98.0 338.0
58.0 275.0 98.0 338.0
58.0 277.0 98.0 338.0
56.0 279.0 96.0 331.0
53.0 278.0 96.0 331.0
55.0 279.0 93.0 318.0
57.0 282.0 91.0 312.0
61.0 284.0 91.0 312.0
64.0 284.0 91.0 312.0
68.0 284.0 89.0 306.0
72.0 284.0 86.0 294.0
73.0 285.0 89.0 306.0
74.0 285.0 91.0 312.0
75.0 284.0 94.0 324.0
75.0 281.0 98.0 338.0
78.0 278.0 94.0 324.0
80.0 274.0 96.0 331.0
85.0 269.0 98.0 338.0
86.0 266.0 100.0 344.0
87.0 263.0 102.0 351.0
85.0 258.0 104.0 358.0
85.0 252.0 104.0 358.0
86.0 248.0 100.0 344.0
86.0 246.0 96.0 331.0
86.0 241.0 93.0 318.0
86.0 238.0 89.0 306.0
86.0 237.0 86.0 294.0
83.0 235.0 89.0 306.0
81.0 233.0 86.0 294.0
80.0 230.0 89.0 306.0
81.0 230.0 87.0 300.0
82.0 228.0 91.0 312.0
87.0 231.0 89.0 306.0
87.0 230.0 91.0 312.0
91.0 234.0 89.0 306.0
94.0 236.0 86.0 294.0
98.0 238.0 89.0 306.0
99.0 238.0 91.0 312.0
108.0 243.0 89.0 306.0
114.0 247.0 89.0 306.0
120.0 253.0 89.0 306.0
128.0 258.0 89.0 306.0
140.0 263.0 87.0 300.0
155.0 269.0 89.0 306.0
168.0 276.0 87.0 300.0
179.0 280.0 86.0 294.0
184.0 280.0 86.0 294.0
187.0 276.0 87.0 300.0
193.0 273.0 87.0 300.0
196.0 267.0 91.0 312.0
200.0 266.0 89.0 306.0
201.0 265.0 87.0 300.0
199.0 263.0 91.0 312.0
199.0 267.0 87.0 300.0
