264.0 311.0 37.0 69.0
267.0 311.0 35.0 66.0
267.0 310.0 35.0 66.0
267.0 308.0 35.0 66.0
268.0 304.0 34.0 65.0
269.0 302.0 35.0 66.0
270.0 302.0 34.0 63.0
270.0 298.0 34.0 65.0
269.0 294.0 36.0 67.0
269.0 291.0 37.0 70.0
267.0 291.0 37.0 70.0
265.0 293.0 36.0 68.0
265.0 292.0 37.0 70.0
264.0 292.0 36.0 67.0
266.0 292.0 35.0 66.0
264.0 292.0 35.0 66.0
260.0 291.0 36.0 67.0
258.0 290.0 36.0 67.0
256.0 289.0 36.0 67.0
256.0 291.0 35.0 66.0
254.0 290.0 35.0 66.0
253.0 289.0 35.0 66.0
250.0 287.0 36.0 68.0
250.0 286.0 36.0 67.0
249.0 285.0 36.0 67.0
247.0 285.0 36.0 67.0
246.0 284.0 37.0 70.0
245.0 285.0 36.0 68.0
246.0 285.0 35.0 66.0
244.0 285.0 36.0 67.0
243.0 285.0 36.0 68.0
241.0 294.0 38.0 71.0
239.0 282.0 39.0 73.0
237.0 278.0 40.0 76.0
235.0 278.0 41.0 77.0
232.0 278.0 40.0 74.0
232.0 279.0 38.0 71.0
229.0 278.0 40.0 74.0
228.0 277.0 40.0 76.0
228.0 277.0 40.0 74.0
229.0 276.0 39.0 73.0
228.0 278.0 38.0 71.0
227.0 275.0 40.0 74.0
228.0 273.0 40.0 74.0
228.0 273.0 41.0 77.0
226.0 273.0 42.0 79.0
229.0 273.0 40.0 76.0
230.0 273.0 41.0 77.0
228.0 272.0 43.0 80.0
233.0 276.0 43.0 80.0
231.0 275.0 45.0 84.0
229.0 273.0 46.0 85.0
232.0 274.0 47.0 89.0
246.0 267.0 48.0 91.0
250.0 262.0 49.0 92.0
252.0 261.0 48.0 91.0
255.0 264.0 46.0 87.0
257.0 265.0 46.0 85.0
258.0 265.0 46.0 85.0
260.0 269.0 45.0 84.0
263.0 270.0 44.0 82.0
264.0 265.0 46.0 85.0
225.0 265.0 46.0 85.0
227.0 267.0 44.0 82.0
227.0 269.0 42.0 79.0
228.0 270.0 40.0 76.0
228.0 273.0 39.0 73.0
228.0 275.0 37.0 70.0
228.0 275.0 39.0 73.0
227.0 273.0 40.0 74.0
227.0 272.0 40.0 74.0
225.0 268.0 41.0 77.0
224.0 270.0 40.0 74.0
224.0 269.0 40.0 74.0
224.0 266.0 40.0 74.0
224.0 269.0 38.0 71.0
224.0 270.0 36.0 68.0
224.0 269.0 38.0 71.0
224.0 270.0 36.0 68.0
224.0 272.0 35.0 66.0
222.0 272.0 36.0 68.0
222.0 274.0 35.0 66.0
222.0 276.0 35.0 66.0
220.0 277.0 36.0 67.0
220.0 277.0 37.0 70.0
218.0 279.0 36.0 67.0
218.0 280.0 36.0 67.0
220.0 279.0 37.0 70.0
219.0 277.0 38.0 71.0
220.0 275.0 36.0 68.0
221.0 275.0 36.0 67.0
221.0 275.0 36.0 67.0
222.0 278.0 34.0 65.0
223.0 281.0 34.0 63.0
225.0 282.0 34.0 63.0
226.0 281.0 34.0 65.0
228.0 284.0 34.0 63.0
230.0 284.0 35.0 66.0
232.0 283.0 35.0 66.0
233.0 284.0 34.0 65.0
235.0 288.0 34.0 63.0
237.0 286.0 35.0 66.0
238.0 287.0 34.0 65.0
239.0 288.0 34.0 63.0
238.0 287.0 34.0 65.0
238.0 286.0 36.0 67.0
241.0 284.0 37.0 70.0
242.0 286.0 36.0 67.0
243.0 287.0 36.0 67.0
245.0 286.0 36.0 67.0
246.0 287.0 36.0 67.0
248.0 287.0 36.0 67.0
252.0 287.0 34.0 65.0
252.0 288.0 34.0 65.0
250.0 289.0 36.0 67.0
250.0 288.0 37.0 70.0
251.0 289.0 36.0 67.0
251.0 288.0 36.0 67.0
250.0 288.0 36.0 67.0
250.0 286.0 37.0 70.0
250.0 284.0 37.0 70.0
249.0 284.0 37.0 70.0
249.0 285.0 37.0 70.0
249.0 285.0 38.0 71.0
250.0 286.0 36.0 68.0
251.0 287.0 35.0 66.0
251.0 288.0 34.0 63.0
251.0 287.0 34.0 65.0
251.0 289.0 34.0 65.0
251.0 290.0 36.0 67.0
252.0 287.0 37.0 70.0
253.0 290.0 36.0 67.0
254.0 291.0 35.0 66.0
255.0 294.0 34.0 63.0
255.0 293.0 34.0 65.0
256.0 294.0 34.0 65.0
256.0 294.0 34.0 65.0
255.0 294.0 36.0 67.0
257.0 294.0 35.0 66.0
257.0 294.0 36.0 67.0
257.0 293.0 36.0 67.0
257.0 292.0 36.0 67.0
258.0 295.0 34.0 65.0
258.0 298.0 34.0 63.0
258.0 295.0 35.0 66.0
256.0 294.0 36.0 67.0
255.0 291.0 37.0 70.0
254.0 293.0 36.0 67.0
254.0 293.0 35.0 66.0
252.0 294.0 34.0 65.0
250.0 296.0 34.0 65.0
250.0 296.0 34.0 65.0
252.0 297.0 33.0 62.0
252.0 298.0 32.0 61.0
251.0 297.0 34.0 63.0
251.0 295.0 35.0 66.0
251.0 295.0 35.0 66.0
252.0 294.0 34.0 65.0
253.0 295.0 34.0 65.0
254.0 296.0 34.0 63.0
255.0 296.0 33.0 62.0
257.0 297.0 32.0 60.0
258.0 295.0 33.0 62.0
258.0 297.0 32.0 61.0
259.0 296.0 34.0 63.0
261.0 298.0 32.0 61.0
260.0 298.0 33.0 62.0
262.0 298.0 32.0 61.0
262.0 296.0 34.0 63.0
263.0 297.0 34.0 63.0
263.0 297.0 34.0 63.0
263.0 296.0 34.0 63.0
265.0 296.0 32.0 61.0
266.0 292.0 33.0 62.0
267.0 293.0 33.0 62.0
267.0 296.0 32.0 60.0
268.0 296.0 32.0 60.0
268.0 297.0 33.0 62.0
268.0 298.0 32.0 60.0
271.0 301.0 30.0 57.0
271.0 302.0 30.0 57.0
271.0 300.0 32.0 60.0
272.0 305.0 30.0 57.0
272.0 305.0 30.0 57.0
271.0 303.0 32.0 60.0
271.0 305.0 32.0 60.0
271.0 305.0 32.0 60.0
272.0 307.0 31.0 58.0
272.0 307.0 31.0 58.0
272.0 307.0 31.0 58.0
271.0 307.0 30.0 57.0
274.0 308.0 29.0 55.0
273.0 306.0 30.0 57.0
273.0 306.0 30.0 57.0
271.0 305.0 32.0 60.0
272.0 305.0 32.0 60.0
272.0 307.0 31.0 58.0
271.0 308.0 31.0 58.0
270.0 307.0 32.0 60.0
270.0 308.0 32.0 60.0
269.0 308.0 32.0 61.0
268.0 307.0 34.0 63.0
267.0 309.0 32.0 61.0
267.0 312.0 31.0 58.0
267.0 310.0 30.0 57.0
269.0 310.0 31.0 58.0
268.0 309.0 32.0 61.0
269.0 309.0 32.0 60.0
269.0 312.0 32.0 61.0
269.0 312.0 32.0 61.0
272.0 313.0 31.0 58.0
270.0 313.0 32.0 60.0
271.0 314.0 30.0 57.0
271.0 314.0 30.0 57.0
271.0 314.0 30.0 57.0
272.0 314.0 31.0 58.0
271.0 313.0 32.0 60.0
272.0 313.0 32.0 60.0
273.0 313.0 32.0 61.0
273.0 313.0 32.0 60.0
275.0 313.0 31.0 58.0
276.0 314.0 31.0 58.0
275.0 313.0 32.0 61.0
277.0 313.0 32.0 61.0
277.0 314.0 32.0 61.0
278.0 315.0 31.0 58.0
279.0 311.0 32.0 60.0
278.0 310.0 33.0 62.0
277.0 310.0 33.0 62.0
276.0 312.0 32.0 61.0
274.0 314.0 32.0 61.0
273.0 312.0 34.0 63.0
275.0 313.0 32.0 61.0
275.0 314.0 31.0 58.0
272.0 310.0 32.0 60.0
271.0 310.0 32.0 61.0
270.0 307.0 33.0 62.0
269.0 306.0 34.0 63.0
268.0 306.0 32.0 61.0
267.0 305.0 32.0 60.0
271.0 307.0 31.0 58.0
270.0 305.0 31.0 58.0
269.0 303.0 31.0 58.0
268.0 299.0 32.0 60.0
269.0 293.0 32.0 60.0
269.0 291.0 32.0 60.0
269.0 294.0 31.0 58.0
269.0 297.0 32.0 60.0
269.0 299.0 32.0 60.0
264.0 291.0 33.0 62.0
260.0 288.0 33.0 62.0
254.0 287.0 32.0 61.0
249.0 285.0 32.0 60.0
249.0 287.0 31.0 58.0
249.0 289.0 32.0 60.0
252.0 290.0 31.0 58.0
252.0 289.0 30.0 57.0
251.0 288.0 32.0 60.0
250.0 288.0 32.0 60.0
246.0 286.0 32.0 60.0
246.0 287.0 32.0 60.0
244.0 286.0 32.0 61.0
242.0 286.0 32.0 60.0
242.0 288.0 32.0 60.0
243.0 290.0 32.0 60.0
243.0 290.0 32.0 61.0
243.0 290.0 32.0 61.0
244.0 293.0 32.0 60.0
245.0 295.0 31.0 58.0
243.0 292.0 31.0 58.0
242.0 292.0 30.0 56.0
242.0 293.0 29.0 55.0
241.0 294.0 29.0 55.0
240.0 291.0 30.0 56.0
239.0 292.0 30.0 56.0
241.0 295.0 29.0 55.0
240.0 294.0 30.0 56.0
239.0 295.0 29.0 54.0
238.0 297.0 29.0 54.0
238.0 299.0 29.0 54.0
236.0 297.0 30.0 56.0
234.0 297.0 30.0 57.0
233.0 297.0 30.0 57.0
233.0 297.0 30.0 57.0
234.0 297.0 30.0 56.0
234.0 295.0 30.0 57.0
233.0 293.0 30.0 56.0
234.0 292.0 29.0 55.0
234.0 289.0 29.0 54.0
234.0 285.0 30.0 56.0
235.0 286.0 29.0 55.0
233.0 285.0 30.0 56.0
233.0 283.0 31.0 58.0
234.0 282.0 30.0 57.0
237.0 282.0 29.0 55.0
236.0 280.0 30.0 56.0
236.0 280.0 30.0 56.0
237.0 281.0 30.0 57.0
240.0 281.0 31.0 58.0
240.0 280.0 32.0 60.0
244.0 280.0 31.0 58.0
244.0 279.0 32.0 60.0
249.0 280.0 30.0 57.0
252.0 280.0 29.0 55.0
254.0 279.0 30.0 57.0
256.0 278.0 32.0 60.0
260.0 279.0 31.0 58.0
263.0 280.0 30.0 57.0
267.0 279.0 32.0 60.0
271.0 279.0 32.0 60.0
275.0 279.0 33.0 62.0
279.0 280.0 33.0 62.0
283.0 281.0 33.0 62.0
285.0 281.0 34.0 63.0
287.0 281.0 33.0 62.0
284.0 280.0 34.0 65.0
284.0 281.0 34.0 63.0
285.0 281.0 33.0 62.0
284.0 279.0 34.0 65.0
286.0 278.0 34.0 65.0
288.0 278.0 33.0 62.0
289.0 277.0 34.0 65.0
290.0 278.0 33.0 62.0
292.0 278.0 33.0 62.0
292.0 278.0 34.0 63.0
292.0 280.0 32.0 61.0
290.0 279.0 34.0 63.0
290.0 278.0 33.0 62.0
289.0 277.0 34.0 65.0
290.0 278.0 33.0 62.0
290.0 276.0 33.0 62.0
289.0 275.0 34.0 63.0
286.0 275.0 33.0 62.0
285.0 276.0 34.0 63.0
286.0 274.0 32.0 61.0
280.0 269.0 34.0 63.0
278.0 275.0 33.0 62.0
276.0 283.0 33.0 62.0
281.0 291.0 32.0 61.0
285.0 290.0 32.0 60.0
291.0 290.0 31.0 58.0
289.0 290.0 32.0 60.0
285.0 295.0 32.0 60.0
285.0 299.0 31.0 58.0
280.0 293.0 30.0 57.0
279.0 287.0 31.0 58.0
276.0 285.0 30.0 56.0
273.0 289.0 31.0 58.0
267.0 290.0 30.0 56.0
266.0 289.0 31.0 58.0
262.0 290.0 31.0 58.0
259.0 294.0 30.0 57.0
259.0 294.0 31.0 58.0
258.0 293.0 32.0 60.0
259.0 296.0 32.0 61.0
258.0 298.0 32.0 61.0
255.0 299.0 32.0 60.0
255.0 301.0 32.0 60.0
256.0 302.0 32.0 60.0
256.0 301.0 32.0 60.0
257.0 302.0 32.0 60.0
256.0 305.0 30.0 57.0
255.0 304.0 31.0 58.0
252.0 304.0 32.0 60.0
250.0 303.0 32.0 61.0
249.0 301.0 32.0 61.0
246.0 300.0 32.0 60.0
243.0 304.0 31.0 58.0
236.0 303.0 30.0 57.0
233.0 303.0 31.0 58.0
227.0 301.0 31.0 58.0
221.0 300.0 31.0 58.0
218.0 301.0 30.0 56.0
216.0 303.0 30.0 57.0
215.0 306.0 31.0 58.0
214.0 311.0 32.0 61.0
213.0 315.0 32.0 61.0
213.0 317.0 32.0 61.0
213.0 322.0 31.0 58.0
213.0 323.0 31.0 58.0
210.0 323.0 30.0 57.0
207.0 323.0 32.0 60.0
205.0 326.0 30.0 57.0
201.0 323.0 32.0 60.0
199.0 327.0 30.0 57.0
196.0 327.0 31.0 58.0
193.0 329.0 31.0 58.0
190.0 332.0 32.0 60.0
188.0 338.0 31.0 58.0
187.0 337.0 30.0 57.0
188.0 337.0 30.0 57.0
186.0 338.0 30.0 56.0
185.0 341.0 31.0 58.0
183.0 342.0 30.0 57.0
182.0 343.0 31.0 58.0
180.0 346.0 31.0 58.0
178.0 347.0 32.0 61.0
177.0 349.0 31.0 58.0
174.0 351.0 30.0 56.0
172.0 353.0 31.0 58.0
169.0 353.0 32.0 61.0
170.0 355.0 31.0 58.0
169.0 356.0 30.0 57.0
169.0 356.0 30.0 57.0
170.0 357.0 30.0 57.0
170.0 357.0 31.0 58.0
172.0 356.0 30.0 57.0
174.0 354.0 31.0 58.0
174.0 350.0 32.0 60.0
178.0 350.0 31.0 58.0
177.0 351.0 32.0 61.0
177.0 349.0 32.0 60.0
181.0 348.0 30.0 57.0
185.0 346.0 31.0 58.0
187.0 344.0 30.0 57.0
190.0 341.0 30.0 56.0
194.0 338.0 30.0 57.0
201.0 338.0 30.0 57.0
205.0 336.0 30.0 56.0
208.0 332.0 30.0 57.0
211.0 333.0 29.0 55.0
210.0 333.0 30.0 57.0
212.0 333.0 30.0 56.0
214.0 334.0 30.0 56.0
214.0 334.0 30.0 56.0
214.0 335.0 30.0 57.0
215.0 336.0 31.0 58.0
215.0 336.0 30.0 56.0
216.0 337.0 30.0 56.0
217.0 336.0 30.0 57.0
218.0 336.0 30.0 56.0
218.0 335.0 30.0 56.0
219.0 333.0 30.0 57.0
218.0 332.0 31.0 58.0
217.0 331.0 32.0 60.0
217.0 330.0 32.0 60.0
217.0 331.0 31.0 58.0
214.0 332.0 30.0 57.0
214.0 331.0 30.0 56.0
214.0 332.0 30.0 57.0
213.0 332.0 31.0 58.0
212.0 332.0 32.0 61.0
212.0 332.0 31.0 58.0
213.0 332.0 30.0 57.0
213.0 331.0 31.0 58.0
213.0 330.0 31.0 58.0
212.0 329.0 32.0 60.0
213.0 331.0 30.0 57.0
212.0 331.0 31.0 58.0
212.0 332.0 30.0 56.0
213.0 333.0 30.0 57.0
214.0 334.0 30.0 56.0
216.0 336.0 29.0 55.0
216.0 337.0 29.0 55.0
216.0 335.0 28.0 53.0
216.0 334.0 29.0 55.0
216.0 335.0 29.0 55.0
216.0 334.0 29.0 54.0
214.0 332.0 30.0 56.0
215.0 333.0 29.0 55.0
214.0 333.0 29.0 55.0
213.0 329.0 30.0 56.0
215.0 330.0 30.0 56.0
218.0 331.0 29.0 55.0
221.0 328.0 29.0 54.0
220.0 326.0 30.0 56.0
220.0 327.0 30.0 56.0
220.0 327.0 30.0 56.0
220.0 327.0 30.0 56.0
220.0 326.0 31.0 58.0
218.0 325.0 32.0 60.0
218.0 325.0 32.0 60.0
220.0 327.0 31.0 58.0
220.0 327.0 30.0 56.0
219.0 326.0 30.0 56.0
218.0 328.0 31.0 58.0
217.0 329.0 30.0 57.0
219.0 330.0 29.0 55.0
216.0 330.0 30.0 56.0
217.0 331.0 30.0 56.0
218.0 329.0 30.0 57.0
218.0 328.0 30.0 56.0
218.0 329.0 30.0 56.0
216.0 328.0 30.0 56.0
216.0 328.0 29.0 55.0
216.0 330.0 28.0 53.0
217.0 331.0 28.0 53.0
219.0 331.0 29.0 55.0
219.0 330.0 30.0 56.0
219.0 332.0 30.0 56.0
221.0 333.0 29.0 55.0
221.0 332.0 28.0 53.0
223.0 330.0 29.0 55.0
226.0 328.0 29.0 55.0
225.0 325.0 30.0 56.0
225.0 325.0 30.0 56.0
226.0 324.0 30.0 56.0
226.0 323.0 30.0 57.0
226.0 324.0 30.0 56.0
227.0 324.0 30.0 56.0
227.0 325.0 30.0 56.0
228.0 329.0 29.0 55.0
228.0 330.0 30.0 56.0
230.0 333.0 29.0 54.0
230.0 334.0 28.0 53.0
230.0 335.0 28.0 53.0
232.0 333.0 29.0 54.0
230.0 335.0 28.0 53.0
228.0 336.0 29.0 55.0
226.0 338.0 28.0 53.0
226.0 336.0 29.0 54.0
224.0 337.0 28.0 53.0
223.0 336.0 29.0 54.0
221.0 335.0 28.0 52.0
221.0 335.0 28.0 53.0
223.0 337.0 27.0 51.0
222.0 335.0 28.0 53.0
222.0 334.0 28.0 52.0
222.0 334.0 28.0 52.0
222.0 333.0 28.0 53.0
222.0 334.0 28.0 52.0
222.0 333.0 28.0 52.0
222.0 334.0 28.0 53.0
221.0 335.0 28.0 53.0
220.0 336.0 29.0 54.0
220.0 336.0 28.0 53.0
219.0 336.0 28.0 53.0
218.0 336.0 28.0 53.0
217.0 337.0 29.0 54.0
216.0 338.0 29.0 54.0
215.0 338.0 29.0 54.0
214.0 338.0 29.0 54.0
212.0 340.0 28.0 52.0
214.0 338.0 29.0 54.0
213.0 338.0 29.0 54.0
212.0 338.0 29.0 54.0
214.0 337.0 29.0 54.0
213.0 334.0 28.0 52.0
215.0 332.0 29.0 54.0
216.0 330.0 29.0 54.0
215.0 331.0 29.0 54.0
213.0 330.0 29.0 55.0
213.0 329.0 29.0 54.0
213.0 329.0 29.0 54.0
210.0 330.0 29.0 54.0
210.0 331.0 29.0 54.0
210.0 330.0 29.0 55.0
208.0 332.0 28.0 53.0
207.0 332.0 29.0 54.0
206.0 332.0 29.0 55.0
203.0 330.0 30.0 56.0
203.0 332.0 29.0 54.0
203.0 332.0 29.0 55.0
202.0 331.0 29.0 54.0
199.0 330.0 30.0 56.0
199.0 332.0 29.0 55.0
199.0 331.0 30.0 57.0
200.0 330.0 30.0 56.0
200.0 330.0 31.0 58.0
201.0 330.0 30.0 57.0
202.0 330.0 30.0 57.0
201.0 331.0 30.0 56.0
200.0 332.0 30.0 57.0
200.0 332.0 31.0 58.0
200.0 333.0 31.0 58.0
199.0 334.0 31.0 58.0
197.0 336.0 31.0 58.0
196.0 337.0 31.0 58.0
194.0 338.0 31.0 58.0
194.0 339.0 30.0 56.0
194.0 336.0 31.0 58.0
193.0 337.0 31.0 58.0
191.0 335.0 32.0 60.0
193.0 332.0 32.0 60.0
194.0 330.0 33.0 62.0
193.0 333.0 32.0 61.0
194.0 333.0 31.0 58.0
195.0 331.0 31.0 58.0
196.0 330.0 31.0 58.0
196.0 326.0 32.0 60.0
197.0 326.0 32.0 61.0
197.0 328.0 31.0 58.0
195.0 327.0 32.0 61.0
195.0 326.0 32.0 61.0
196.0 327.0 32.0 60.0
194.0 327.0 32.0 60.0
195.0 325.0 32.0 60.0
195.0 325.0 32.0 61.0
193.0 325.0 32.0 60.0
190.0 326.0 32.0 60.0
188.0 328.0 30.0 57.0
187.0 327.0 32.0 60.0
186.0 328.0 32.0 61.0
183.0 329.0 33.0 62.0
182.0 330.0 32.0 61.0
182.0 331.0 31.0 58.0
181.0 331.0 30.0 57.0
182.0 333.0 29.0 55.0
182.0 333.0 29.0 54.0
182.0 332.0 29.0 55.0
180.0 332.0 30.0 56.0
179.0 332.0 30.0 56.0
180.0 332.0 30.0 56.0
179.0 331.0 30.0 57.0
179.0 331.0 30.0 56.0
179.0 331.0 30.0 56.0
178.0 331.0 30.0 56.0
180.0 333.0 29.0 55.0
178.0 333.0 30.0 57.0
178.0 333.0 30.0 56.0
179.0 336.0 29.0 55.0
177.0 335.0 30.0 57.0
177.0 335.0 29.0 55.0
176.0 336.0 29.0 55.0
175.0 336.0 29.0 55.0
172.0 335.0 30.0 57.0
173.0 338.0 29.0 55.0
172.0 337.0 30.0 57.0
174.0 337.0 31.0 58.0
175.0 338.0 30.0 56.0
177.0 340.0 30.0 57.0
181.0 339.0 32.0 60.0
185.0 338.0 32.0 60.0
190.0 337.0 32.0 60.0
192.0 338.0 30.0 57.0
194.0 336.0 30.0 57.0
198.0 338.0 29.0 55.0
195.0 335.0 30.0 57.0
195.0 334.0 31.0 58.0
193.0 334.0 31.0 58.0
190.0 331.0 32.0 60.0
190.0 331.0 31.0 58.0
189.0 331.0 30.0 57.0
190.0 328.0 31.0 58.0
190.0 326.0 30.0 56.0
188.0 323.0 30.0 57.0
186.0 321.0 30.0 56.0
184.0 320.0 29.0 55.0
178.0 316.0 30.0 57.0
172.0 316.0 30.0 56.0
172.0 319.0 31.0 58.0
170.0 320.0 32.0 60.0
171.0 324.0 31.0 58.0
169.0 324.0 31.0 58.0
171.0 324.0 30.0 56.0
172.0 323.0 30.0 56.0
170.0 325.0 30.0 56.0
170.0 327.0 30.0 56.0
170.0 327.0 30.0 56.0
172.0 328.0 30.0 57.0
174.0 330.0 29.0 55.0
172.0 328.0 30.0 56.0
174.0 330.0 30.0 57.0
174.0 333.0 29.0 55.0
173.0 333.0 30.0 56.0
173.0 334.0 30.0 56.0
173.0 334.0 30.0 56.0
174.0 337.0 29.0 54.0
175.0 337.0 29.0 54.0
175.0 336.0 29.0 54.0
175.0 335.0 28.0 52.0
176.0 335.0 27.0 51.0
176.0 332.0 28.0 52.0
176.0 333.0 26.0 50.0
177.0 332.0 26.0 50.0
179.0 328.0 25.0 48.0
180.0 327.0 25.0 48.0
180.0 327.0 24.0 46.0
181.0 324.0 25.0 48.0
181.0 323.0 24.0 46.0
182.0 323.0 24.0 45.0
183.0 326.0 23.0 43.0
179.0 328.0 24.0 45.0
183.0 331.0 23.0 43.0
183.0 332.0 22.0 42.0
187.0 335.0 22.0 42.0
187.0 340.0 23.0 42.0
185.0 346.0 22.0 41.0
182.0 348.0 21.0 39.0
180.0 346.0 20.0 38.0
179.0 345.0 20.0 38.0
178.0 341.0 21.0 39.0
178.0 338.0 20.0 38.0
177.0 337.0 20.0 38.0
178.0 338.0 19.0 36.0
178.0 339.0 20.0 38.0
179.0 338.0 20.0 38.0
180.0 335.0 21.0 39.0
180.0 335.0 22.0 41.0
181.0 337.0 21.0 40.0
182.0 339.0 21.0 40.0
182.0 339.0 22.0 42.0
182.0 338.0 23.0 43.0
180.0 337.0 22.0 42.0
179.0 338.0 23.0 43.0
179.0 337.0 23.0 43.0
178.0 336.0 23.0 44.0
177.0 335.0 23.0 44.0
176.0 333.0 23.0 44.0
175.0 331.0 24.0 46.0
174.0 331.0 25.0 47.0
173.0 329.0 25.0 47.0
174.0 328.0 25.0 48.0
175.0 330.0 26.0 49.0
176.0 330.0 26.0 50.0
177.0 330.0 27.0 51.0
178.0 331.0 28.0 53.0
178.0 331.0 29.0 54.0
176.0 333.0 28.0 53.0
179.0 335.0 29.0 55.0
181.0 335.0 29.0 55.0
179.0 335.0 29.0 55.0
175.0 333.0 30.0 57.0
175.0 333.0 31.0 58.0
171.0 331.0 32.0 61.0
165.0 328.0 32.0 61.0
160.0 322.0 34.0 63.0
161.0 319.0 33.0 62.0
160.0 317.0 32.0 61.0
157.0 316.0 33.0 62.0
154.0 316.0 33.0 62.0
153.0 315.0 34.0 65.0
152.0 315.0 36.0 67.0
154.0 314.0 37.0 70.0
157.0 313.0 37.0 70.0
160.0 314.0 37.0 70.0
165.0 315.0 37.0 70.0
167.0 312.0 39.0 73.0
170.0 306.0 40.0 76.0
173.0 304.0 40.0 74.0
186.0 306.0 40.0 74.0
201.0 302.0 40.0 76.0
200.0 283.0 42.0 79.0
197.0 284.0 43.0 80.0
179.0 285.0 43.0 80.0
169.0 279.0 45.0 84.0
168.0 284.0 44.0 82.0
160.0 289.0 45.0 84.0
146.0 293.0 46.0 85.0
142.0 298.0 46.0 85.0
142.0 299.0 47.0 89.0
142.0 302.0 47.0 89.0
146.0 303.0 48.0 91.0
147.0 307.0 47.0 89.0
147.0 309.0 47.0 89.0
146.0 306.0 48.0 91.0
148.0 305.0 48.0 91.0
149.0 308.0 48.0 91.0
149.0 310.0 46.0 87.0
150.0 307.0 47.0 89.0
149.0 306.0 46.0 87.0
147.0 307.0 46.0 87.0
146.0 309.0 46.0 87.0
145.0 309.0 47.0 89.0
144.0 312.0 46.0 87.0
142.0 314.0 46.0 87.0
143.0 314.0 47.0 89.0
142.0 312.0 48.0 91.0
142.0 312.0 48.0 91.0
142.0 312.0 48.0 91.0
144.0 313.0 47.0 89.0
146.0 315.0 47.0 89.0
146.0 314.0 48.0 91.0
147.0 313.0 48.0 91.0
148.0 312.0 48.0 91.0
150.0 313.0 48.0 91.0
151.0 315.0 48.0 91.0
152.0 315.0 48.0 91.0
153.0 314.0 48.0 91.0
158.0 318.0 47.0 89.0
158.0 322.0 46.0 87.0
158.0 322.0 47.0 89.0
157.0 324.0 48.0 91.0
156.0 329.0 46.0 87.0
155.0 330.0 48.0 91.0
155.0 332.0 48.0 91.0
157.0 331.0 48.0 91.0
158.0 329.0 47.0 89.0
157.0 325.0 46.0 87.0
153.0 321.0 46.0 87.0
151.0 314.0 47.0 89.0
151.0 311.0 47.0 89.0
147.0 309.0 46.0 85.0
142.0 303.0 47.0 89.0
138.0 297.0 48.0 91.0
144.0 295.0 47.0 89.0
148.0 293.0 47.0 89.0
148.0 289.0 47.0 89.0
152.0 288.0 47.0 89.0
152.0 286.0 48.0 91.0
153.0 284.0 48.0 91.0
145.0 280.0 46.0 87.0
145.0 280.0 48.0 91.0
145.0 283.0 48.0 91.0
150.0 287.0 47.0 89.0
150.0 288.0 47.0 89.0
146.0 290.0 46.0 85.0
145.0 291.0 47.0 89.0
141.0 289.0 48.0 91.0
138.0 288.0 48.0 91.0
138.0 287.0 48.0 91.0
137.0 291.0 46.0 87.0
132.0 291.0 48.0 91.0
133.0 293.0 47.0 89.0
132.0 296.0 46.0 87.0
132.0 296.0 47.0 89.0
133.0 296.0 47.0 89.0
132.0 299.0 46.0 87.0
128.0 299.0 48.0 91.0
128.0 301.0 48.0 91.0
128.0 305.0 46.0 87.0
127.0 306.0 47.0 89.0
127.0 307.0 47.0 89.0
128.0 310.0 47.0 89.0
128.0 312.0 48.0 91.0
128.0 312.0 48.0 91.0
129.0 313.0 47.0 89.0
128.0 312.0 48.0 91.0
129.0 312.0 48.0 91.0
130.0 312.0 47.0 89.0
126.0 312.0 48.0 91.0
126.0 312.0 48.0 91.0
126.0 312.0 48.0 91.0
127.0 313.0 47.0 89.0
128.0 313.0 48.0 91.0
128.0 315.0 48.0 91.0
128.0 316.0 47.0 89.0
130.0 314.0 47.0 89.0
129.0 311.0 48.0 91.0
129.0 311.0 46.0 87.0
128.0 306.0 48.0 91.0
128.0 308.0 47.0 89.0
127.0 308.0 46.0 87.0
127.0 305.0 48.0 91.0
128.0 304.0 48.0 91.0
128.0 305.0 48.0 91.0
128.0 305.0 48.0 91.0
130.0 308.0 47.0 89.0
131.0 306.0 48.0 91.0
132.0 305.0 48.0 91.0
134.0 307.0 47.0 89.0
133.0 309.0 47.0 89.0
132.0 309.0 48.0 91.0
132.0 310.0 46.0 87.0
132.0 309.0 48.0 91.0
133.0 313.0 48.0 91.0
134.0 311.0 48.0 91.0
139.0 312.0 47.0 89.0
138.0 313.0 48.0 91.0
142.0 317.0 47.0 89.0
144.0 314.0 49.0 92.0
148.0 315.0 47.0 89.0
149.0 314.0 48.0 91.0
149.0 313.0 48.0 91.0
150.0 310.0 48.0 91.0
148.0 308.0 49.0 92.0
148.0 308.0 47.0 89.0
146.0 305.0 47.0 89.0
142.0 304.0 48.0 91.0
141.0 306.0 49.0 92.0
142.0 311.0 48.0 91.0
140.0 316.0 49.0 92.0
136.0 324.0 49.0 92.0
132.0 326.0 51.0 96.0
131.0 326.0 50.0 94.0
130.0 323.0 50.0 94.0
132.0 323.0 48.0 91.0
132.0 321.0 48.0 91.0
132.0 321.0 49.0 92.0
131.0 323.0 49.0 92.0
131.0 324.0 48.0 91.0
132.0 326.0 48.0 91.0
134.0 331.0 49.0 92.0
136.0 330.0 49.0 92.0
137.0 333.0 48.0 91.0
141.0 335.0 50.0 94.0
147.0 340.0 49.0 92.0
147.0 344.0 48.0 91.0
150.0 348.0 48.0 91.0
149.0 351.0 50.0 94.0
144.0 356.0 51.0 96.0
142.0 360.0 51.0 96.0
142.0 360.0 49.0 92.0
135.0 359.0 50.0 94.0
131.0 365.0 48.0 91.0
128.0 366.0 48.0 91.0
128.0 367.0 49.0 92.0
123.0 367.0 50.0 94.0
118.0 368.0 51.0 96.0
118.0 378.0 49.0 92.0
114.0 379.0 51.0 96.0
115.0 385.0 51.0 96.0
115.0 388.0 50.0 94.0
117.0 388.0 50.0 94.0
123.0 381.0 49.0 92.0
125.0 377.0 51.0 96.0
125.0 379.0 50.0 94.0
125.0 375.0 52.0 98.0
129.0 371.0 51.0 96.0
131.0 367.0 53.0 100.0
138.0 367.0 53.0 100.0
139.0 366.0 52.0 98.0
140.0 368.0 53.0 100.0
140.0 368.0 52.0 98.0
138.0 364.0 54.0 102.0
135.0 364.0 57.0 106.0
133.0 365.0 58.0 108.0
133.0 366.0 57.0 106.0
132.0 364.0 58.0 108.0
132.0 363.0 58.0 108.0
131.0 361.0 58.0 108.0
131.0 364.0 56.0 104.0
133.0 367.0 54.0 102.0
134.0 366.0 53.0 100.0
135.0 366.0 53.0 100.0
137.0 363.0 56.0 104.0
139.0 364.0 53.0 100.0
146.0 366.0 51.0 96.0
152.0 364.0 49.0 92.0
157.0 357.0 51.0 96.0
164.0 353.0 51.0 96.0
167.0 355.0 50.0 94.0
166.0 354.0 52.0 98.0
177.0 359.0 50.0 94.0
182.0 365.0 51.0 96.0
183.0 373.0 51.0 96.0
179.0 379.0 53.0 100.0
179.0 388.0 52.0 98.0
181.0 390.0 53.0 100.0
190.0 387.0 51.0 96.0
201.0 382.0 49.0 92.0
205.0 377.0 51.0 96.0
211.0 377.0 51.0 96.0
215.0 377.0 52.0 98.0
222.0 376.0 51.0 96.0
232.0 374.0 49.0 92.0
241.0 373.0 49.0 92.0
245.0 371.0 51.0 96.0
251.0 368.0 52.0 98.0
257.0 366.0 50.0 94.0
255.0 361.0 52.0 98.0
252.0 358.0 54.0 102.0
250.0 354.0 54.0 102.0
248.0 351.0 54.0 102.0
243.0 354.0 52.0 98.0
237.0 355.0 50.0 94.0
232.0 357.0 50.0 94.0
226.0 356.0 51.0 96.0
221.0 352.0 53.0 100.0
216.0 348.0 54.0 102.0
212.0 348.0 52.0 98.0
211.0 353.0 50.0 94.0
209.0 352.0 50.0 94.0
208.0 353.0 50.0 94.0
206.0 355.0 50.0 94.0
206.0 355.0 51.0 96.0
206.0 359.0 49.0 92.0
205.0 355.0 51.0 96.0
206.0 357.0 51.0 96.0
205.0 356.0 52.0 98.0
211.0 355.0 51.0 96.0
213.0 359.0 49.0 92.0
212.0 356.0 51.0 96.0
212.0 354.0 52.0 98.0
212.0 352.0 52.0 98.0
214.0 352.0 51.0 96.0
214.0 355.0 50.0 94.0
212.0 356.0 50.0 94.0
211.0 356.0 50.0 94.0
212.0 353.0 51.0 96.0
212.0 350.0 53.0 100.0
212.0 353.0 51.0 96.0
213.0 349.0 53.0 100.0
213.0 349.0 53.0 100.0
217.0 348.0 53.0 100.0
222.0 346.0 53.0 100.0
223.0 345.0 53.0 100.0
226.0 344.0 54.0 102.0
229.0 344.0 53.0 100.0
232.0 342.0 54.0 102.0
233.0 343.0 53.0 100.0
234.0 343.0 53.0 100.0
234.0 345.0 52.0 98.0
232.0 343.0 54.0 102.0
230.0 344.0 54.0 102.0
225.0 345.0 52.0 98.0
224.0 340.0 54.0 102.0
222.0 338.0 56.0 104.0
222.0 339.0 56.0 104.0
221.0 337.0 56.0 104.0
220.0 337.0 56.0 104.0
223.0 341.0 53.0 100.0
224.0 337.0 53.0 100.0
222.0 336.0 54.0 102.0
218.0 341.0 53.0 100.0
215.0 339.0 56.0 104.0
217.0 341.0 53.0 100.0
218.0 341.0 53.0 100.0
216.0 338.0 56.0 104.0
215.0 337.0 56.0 104.0
215.0 341.0 54.0 102.0
213.0 343.0 54.0 102.0
213.0 341.0 54.0 102.0
211.0 340.0 56.0 104.0
211.0 345.0 54.0 102.0
210.0 344.0 54.0 102.0
212.0 343.0 53.0 100.0
211.0 345.0 54.0 102.0
211.0 344.0 54.0 102.0
214.0 343.0 53.0 100.0
215.0 342.0 53.0 100.0
216.0 340.0 53.0 100.0
219.0 338.0 54.0 102.0
220.0 335.0 56.0 104.0
224.0 336.0 53.0 100.0
224.0 338.0 52.0 98.0
224.0 338.0 53.0 100.0
223.0 336.0 54.0 102.0
222.0 333.0 56.0 104.0
223.0 332.0 54.0 102.0
223.0 330.0 54.0 102.0
221.0 328.0 54.0 102.0
218.0 325.0 57.0 106.0
218.0 327.0 54.0 102.0
219.0 327.0 53.0 100.0
216.0 326.0 56.0 104.0
216.0 327.0 56.0 104.0
216.0 328.0 56.0 104.0
217.0 330.0 54.0 102.0
217.0 330.0 54.0 102.0
217.0 328.0 54.0 102.0
220.0 327.0 53.0 100.0
224.0 325.0 54.0 102.0
224.0 322.0 54.0 102.0
225.0 321.0 53.0 100.0
226.0 319.0 53.0 100.0
222.0 316.0 56.0 104.0
221.0 316.0 56.0 104.0
218.0 315.0 56.0 104.0
218.0 314.0 54.0 102.0
215.0 311.0 57.0 106.0
215.0 311.0 54.0 102.0
211.0 312.0 56.0 104.0
208.0 319.0 53.0 100.0
200.0 319.0 54.0 102.0
196.0 323.0 53.0 100.0
194.0 324.0 54.0 102.0
189.0 325.0 53.0 100.0
188.0 327.0 54.0 102.0
185.0 330.0 53.0 100.0
184.0 331.0 54.0 102.0
184.0 332.0 53.0 100.0
184.0 334.0 53.0 100.0
184.0 334.0 53.0 100.0
184.0 332.0 53.0 100.0
185.0 329.0 53.0 100.0
188.0 326.0 54.0 102.0
187.0 321.0 56.0 104.0
189.0 321.0 53.0 100.0
193.0 318.0 54.0 102.0
193.0 315.0 54.0 102.0
196.0 314.0 53.0 100.0
196.0 311.0 53.0 100.0
198.0 308.0 54.0 102.0
199.0 308.0 53.0 100.0
197.0 306.0 54.0 102.0
199.0 306.0 54.0 102.0
199.0 306.0 53.0 100.0
197.0 307.0 54.0 102.0
195.0 305.0 56.0 104.0
196.0 304.0 54.0 102.0
193.0 304.0 52.0 98.0
190.0 300.0 54.0 102.0
191.0 297.0 53.0 100.0
190.0 297.0 54.0 102.0
190.0 298.0 54.0 102.0
189.0 296.0 54.0 102.0
188.0 296.0 54.0 102.0
193.0 297.0 54.0 102.0
192.0 294.0 56.0 104.0
192.0 295.0 56.0 104.0
192.0 296.0 54.0 102.0
191.0 295.0 56.0 104.0
193.0 299.0 53.0 100.0
193.0 300.0 53.0 100.0
190.0 298.0 56.0 104.0
190.0 301.0 54.0 102.0
190.0 302.0 54.0 102.0
188.0 302.0 56.0 104.0
188.0 306.0 54.0 102.0
187.0 308.0 54.0 102.0
185.0 310.0 53.0 100.0
182.0 309.0 56.0 104.0
183.0 310.0 54.0 102.0
180.0 309.0 54.0 102.0
179.0 310.0 54.0 102.0
177.0 309.0 56.0 104.0
175.0 307.0 56.0 104.0
177.0 310.0 53.0 100.0
176.0 308.0 54.0 102.0
177.0 309.0 53.0 100.0
178.0 307.0 53.0 100.0
175.0 305.0 54.0 102.0
173.0 305.0 56.0 104.0
175.0 306.0 53.0 100.0
177.0 306.0 53.0 100.0
175.0 304.0 54.0 102.0
178.0 305.0 53.0 100.0
177.0 304.0 54.0 102.0
175.0 306.0 54.0 102.0
175.0 307.0 54.0 102.0
176.0 307.0 52.0 98.0
177.0 307.0 53.0 100.0
178.0 307.0 53.0 100.0
178.0 306.0 53.0 100.0
178.0 306.0 52.0 98.0
178.0 305.0 53.0 100.0
179.0 305.0 53.0 100.0
180.0 304.0 52.0 98.0
180.0 302.0 53.0 100.0
180.0 303.0 53.0 100.0
181.0 305.0 51.0 96.0
180.0 307.0 50.0 94.0
176.0 310.0 51.0 96.0
177.0 310.0 51.0 96.0
177.0 309.0 50.0 94.0
175.0 310.0 50.0 94.0
174.0 309.0 52.0 98.0
174.0 307.0 52.0 98.0
177.0 309.0 51.0 96.0
176.0 306.0 53.0 100.0
178.0 302.0 54.0 102.0
179.0 301.0 52.0 98.0
180.0 303.0 52.0 98.0
183.0 304.0 51.0 96.0
189.0 305.0 49.0 92.0
190.0 303.0 51.0 96.0
195.0 307.0 52.0 98.0
197.0 308.0 52.0 98.0
202.0 309.0 52.0 98.0
207.0 315.0 50.0 94.0
211.0 317.0 50.0 94.0
211.0 318.0 52.0 98.0
211.0 318.0 53.0 100.0
211.0 320.0 53.0 100.0
211.0 322.0 54.0 102.0
210.0 325.0 54.0 102.0
210.0 326.0 52.0 98.0
209.0 325.0 53.0 100.0
210.0 329.0 52.0 98.0
211.0 328.0 53.0 100.0
212.0 329.0 52.0 98.0
213.0 333.0 52.0 98.0
217.0 338.0 50.0 94.0
219.0 334.0 51.0 96.0
222.0 339.0 49.0 92.0
224.0 345.0 47.0 89.0
224.0 346.0 47.0 89.0
227.0 346.0 46.0 87.0
229.0 347.0 47.0 89.0
228.0 344.0 48.0 91.0
228.0 343.0 48.0 91.0
228.0 344.0 49.0 92.0
227.0 344.0 50.0 94.0
227.0 345.0 50.0 94.0
226.0 342.0 52.0 98.0
227.0 343.0 51.0 96.0
228.0 347.0 49.0 92.0
228.0 347.0 48.0 91.0
227.0 347.0 49.0 92.0
227.0 348.0 49.0 92.0
226.0 349.0 49.0 92.0
224.0 348.0 50.0 94.0
223.0 346.0 51.0 96.0
222.0 344.0 52.0 98.0
222.0 346.0 53.0 100.0
223.0 346.0 51.0 96.0
227.0 346.0 50.0 94.0
227.0 344.0 51.0 96.0
230.0 346.0 49.0 92.0
232.0 345.0 50.0 94.0
231.0 344.0 52.0 98.0
236.0 350.0 50.0 94.0
235.0 351.0 52.0 98.0
240.0 350.0 51.0 96.0
243.0 356.0 50.0 94.0
242.0 358.0 52.0 98.0
248.0 360.0 50.0 94.0
253.0 360.0 50.0 94.0
257.0 357.0 51.0 96.0
262.0 356.0 51.0 96.0
266.0 356.0 50.0 94.0
269.0 355.0 50.0 94.0
271.0 356.0 51.0 96.0
277.0 357.0 50.0 94.0
283.0 356.0 51.0 96.0
289.0 356.0 53.0 100.0
300.0 358.0 52.0 98.0
307.0 356.0 53.0 100.0
312.0 355.0 53.0 100.0
316.0 357.0 52.0 98.0
322.0 362.0 50.0 94.0
327.0 360.0 50.0 94.0
328.0 360.0 51.0 96.0
329.0 359.0 52.0 98.0
334.0 360.0 50.0 94.0
334.0 359.0 52.0 98.0
335.0 360.0 53.0 100.0
335.0 362.0 52.0 98.0
334.0 362.0 54.0 102.0
335.0 363.0 53.0 100.0
336.0 363.0 52.0 98.0
339.0 358.0 54.0 102.0
341.0 357.0 53.0 100.0
340.0 352.0 56.0 104.0
340.0 351.0 56.0 104.0
341.0 349.0 54.0 102.0
342.0 346.0 53.0 100.0
342.0 344.0 53.0 100.0
344.0 344.0 53.0 100.0
342.0 343.0 54.0 102.0
339.0 346.0 53.0 100.0
337.0 345.0 52.0 98.0
336.0 340.0 53.0 100.0
333.0 343.0 51.0 96.0
330.0 341.0 51.0 96.0
328.0 337.0 51.0 96.0
327.0 336.0 51.0 96.0
326.0 327.0 53.0 100.0
326.0 325.0 52.0 98.0
325.0 321.0 54.0 102.0
326.0 320.0 54.0 102.0
323.0 318.0 54.0 102.0
319.0 317.0 54.0 102.0
317.0 314.0 54.0 102.0
314.0 313.0 53.0 100.0
310.0 312.0 53.0 100.0
304.0 311.0 54.0 102.0
300.0 308.0 53.0 100.0
298.0 304.0 54.0 102.0
295.0 302.0 54.0 102.0
293.0 299.0 56.0 104.0
293.0 296.0 57.0 106.0
294.0 298.0 54.0 102.0
295.0 296.0 56.0 104.0
299.0 297.0 53.0 100.0
303.0 296.0 53.0 100.0
305.0 298.0 54.0 102.0
308.0 301.0 53.0 100.0
309.0 301.0 54.0 102.0
315.0 303.0 52.0 98.0
320.0 306.0 50.0 94.0
324.0 311.0 48.0 91.0
328.0 312.0 48.0 91.0
328.0 312.0 50.0 94.0
324.0 312.0 51.0 96.0
325.0 314.0 53.0 100.0
325.0 317.0 52.0 98.0
323.0 318.0 54.0 102.0
317.0 320.0 53.0 100.0
311.0 319.0 52.0 98.0
306.0 316.0 54.0 102.0
301.0 315.0 56.0 104.0
300.0 317.0 53.0 100.0
300.0 319.0 53.0 100.0
299.0 317.0 56.0 104.0
301.0 319.0 56.0 104.0
302.0 326.0 54.0 102.0
305.0 330.0 54.0 102.0
306.0 330.0 57.0 106.0
307.0 332.0 58.0 108.0
308.0 336.0 56.0 104.0
309.0 336.0 53.0 100.0
309.0 336.0 53.0 100.0
308.0 342.0 54.0 102.0
312.0 344.0 53.0 100.0
315.0 342.0 53.0 100.0
313.0 344.0 56.0 104.0
313.0 344.0 58.0 108.0
318.0 344.0 56.0 104.0
324.0 344.0 54.0 102.0
328.0 345.0 56.0 104.0
330.0 346.0 56.0 104.0
333.0 344.0 56.0 104.0
337.0 346.0 54.0 102.0
339.0 349.0 56.0 104.0
339.0 350.0 56.0 104.0
338.0 347.0 58.0 108.0
337.0 346.0 56.0 104.0
334.0 349.0 53.0 100.0
329.0 349.0 52.0 98.0
323.0 347.0 52.0 98.0
318.0 346.0 53.0 100.0
313.0 344.0 53.0 100.0
310.0 346.0 54.0 102.0
304.0 345.0 56.0 104.0
301.0 339.0 58.0 108.0
300.0 342.0 56.0 104.0
298.0 346.0 56.0 104.0
299.0 350.0 54.0 102.0
298.0 348.0 56.0 104.0
298.0 345.0 58.0 108.0
299.0 346.0 58.0 108.0
302.0 343.0 58.0 108.0
306.0 343.0 56.0 104.0
306.0 339.0 58.0 108.0
308.0 338.0 58.0 108.0
309.0 339.0 58.0 108.0
313.0 338.0 59.0 110.0
314.0 340.0 58.0 108.0
317.0 341.0 56.0 104.0
318.0 342.0 54.0 102.0
315.0 344.0 56.0 104.0
313.0 347.0 53.0 100.0
310.0 345.0 56.0 104.0
305.0 346.0 57.0 106.0
300.0 349.0 57.0 106.0
296.0 349.0 54.0 102.0
291.0 349.0 53.0 100.0
284.0 349.0 54.0 102.0
279.0 349.0 53.0 100.0
274.0 348.0 52.0 98.0
269.0 346.0 52.0 98.0
262.0 346.0 54.0 102.0
255.0 348.0 56.0 104.0
250.0 349.0 54.0 102.0
245.0 348.0 54.0 102.0
243.0 350.0 53.0 100.0
237.0 349.0 56.0 104.0
233.0 346.0 58.0 108.0
234.0 347.0 57.0 106.0
231.0 348.0 58.0 108.0
230.0 347.0 58.0 108.0
230.0 347.0 58.0 108.0
230.0 351.0 57.0 106.0
228.0 349.0 59.0 110.0
228.0 351.0 57.0 106.0
225.0 358.0 54.0 102.0
222.0 360.0 56.0 104.0
222.0 358.0 56.0 104.0
218.0 360.0 57.0 106.0
211.0 361.0 59.0 110.0
205.0 366.0 58.0 108.0
204.0 370.0 57.0 106.0
200.0 373.0 58.0 108.0
200.0 375.0 58.0 108.0
200.0 373.0 59.0 110.0
199.0 375.0 57.0 106.0
195.0 375.0 58.0 108.0
196.0 373.0 58.0 108.0
196.0 371.0 60.0 113.0
198.0 374.0 58.0 108.0
203.0 375.0 57.0 106.0
202.0 374.0 58.0 108.0
208.0 374.0 57.0 106.0
213.0 374.0 57.0 106.0
214.0 373.0 58.0 108.0
220.0 373.0 57.0 106.0
224.0 372.0 57.0 106.0
229.0 372.0 56.0 104.0
233.0 371.0 57.0 106.0
237.0 372.0 57.0 106.0
241.0 371.0 58.0 108.0
245.0 371.0 57.0 106.0
247.0 373.0 57.0 106.0
249.0 370.0 58.0 108.0
253.0 371.0 57.0 106.0
255.0 366.0 58.0 108.0
261.0 368.0 56.0 104.0
261.0 366.0 58.0 108.0
261.0 363.0 60.0 113.0
263.0 366.0 58.0 108.0
264.0 371.0 56.0 104.0
265.0 371.0 54.0 102.0
263.0 370.0 57.0 106.0
259.0 373.0 56.0 104.0
257.0 373.0 56.0 104.0
252.0 370.0 58.0 108.0
253.0 372.0 57.0 106.0
251.0 373.0 59.0 110.0
249.0 373.0 59.0 110.0
247.0 372.0 59.0 110.0
243.0 370.0 60.0 113.0
244.0 371.0 59.0 110.0
245.0 370.0 57.0 106.0
243.0 370.0 57.0 106.0
242.0 370.0 57.0 106.0
242.0 368.0 56.0 104.0
242.0 366.0 57.0 106.0
241.0 365.0 57.0 106.0
240.0 359.0 58.0 108.0
246.0 354.0 58.0 108.0
245.0 357.0 57.0 106.0
242.0 355.0 59.0 110.0
242.0 352.0 57.0 106.0
242.0 345.0 57.0 106.0
240.0 340.0 59.0 110.0
240.0 340.0 58.0 108.0
238.0 336.0 60.0 113.0
239.0 337.0 59.0 110.0
237.0 335.0 59.0 110.0
232.0 333.0 60.0 113.0
231.0 333.0 60.0 113.0
229.0 331.0 63.0 117.0
228.0 334.0 61.0 115.0
228.0 336.0 59.0 110.0
228.0 339.0 57.0 106.0
227.0 338.0 58.0 108.0
227.0 337.0 58.0 108.0
228.0 337.0 57.0 106.0
228.0 335.0 59.0 110.0
227.0 332.0 60.0 113.0
230.0 332.0 58.0 108.0
234.0 327.0 59.0 110.0
238.0 324.0 61.0 115.0
240.0 322.0 60.0 113.0
245.0 322.0 60.0 113.0
251.0 326.0 59.0 110.0
257.0 326.0 59.0 110.0
261.0 326.0 59.0 110.0
268.0 329.0 57.0 106.0
273.0 326.0 59.0 110.0
277.0 328.0 58.0 108.0
277.0 331.0 58.0 108.0
281.0 332.0 58.0 108.0
284.0 331.0 58.0 108.0
290.0 331.0 56.0 104.0
290.0 330.0 57.0 106.0
291.0 326.0 59.0 110.0
290.0 326.0 60.0 113.0
290.0 326.0 60.0 113.0
291.0 324.0 60.0 113.0
290.0 325.0 61.0 115.0
289.0 326.0 61.0 115.0
288.0 327.0 61.0 115.0
287.0 326.0 60.0 113.0
287.0 326.0 59.0 110.0
285.0 326.0 59.0 110.0
284.0 325.0 58.0 108.0
283.0 324.0 58.0 108.0
282.0 325.0 56.0 104.0
277.0 321.0 58.0 108.0
275.0 318.0 60.0 113.0
274.0 318.0 59.0 110.0
271.0 317.0 61.0 115.0
269.0 321.0 60.0 113.0
270.0 323.0 58.0 108.0
272.0 322.0 58.0 108.0
272.0 319.0 60.0 113.0
273.0 321.0 60.0 113.0
274.0 323.0 60.0 113.0
275.0 322.0 63.0 117.0
275.0 322.0 64.0 120.0
278.0 323.0 63.0 117.0
281.0 321.0 60.0 113.0
283.0 325.0 60.0 113.0
283.0 328.0 61.0 115.0
285.0 330.0 60.0 113.0
288.0 329.0 60.0 113.0
291.0 331.0 60.0 113.0
293.0 333.0 61.0 115.0
290.0 333.0 64.0 120.0
288.0 335.0 64.0 120.0
287.0 334.0 64.0 120.0
286.0 332.0 65.0 122.0
285.0 332.0 65.0 122.0
284.0 334.0 64.0 120.0
281.0 332.0 67.0 124.0
279.0 335.0 64.0 120.0
276.0 338.0 65.0 122.0
274.0 345.0 63.0 117.0
272.0 349.0 63.0 117.0
269.0 351.0 61.0 115.0
264.0 355.0 61.0 115.0
257.0 360.0 61.0 115.0
257.0 364.0 59.0 110.0
256.0 361.0 61.0 115.0
256.0 363.0 59.0 110.0
257.0 360.0 61.0 115.0
258.0 359.0 61.0 115.0
258.0 357.0 61.0 115.0
260.0 358.0 59.0 110.0
261.0 354.0 61.0 115.0
264.0 350.0 60.0 113.0
269.0 349.0 61.0 115.0
271.0 352.0 59.0 110.0
274.0 353.0 59.0 110.0
273.0 354.0 59.0 110.0
272.0 353.0 60.0 113.0
276.0 353.0 59.0 110.0
275.0 353.0 59.0 110.0
275.0 356.0 59.0 110.0
273.0 356.0 61.0 115.0
272.0 356.0 59.0 110.0
270.0 355.0 60.0 113.0
270.0 355.0 59.0 110.0
267.0 351.0 61.0 115.0
263.0 351.0 63.0 117.0
260.0 353.0 61.0 115.0
259.0 352.0 61.0 115.0
255.0 352.0 63.0 117.0
251.0 350.0 64.0 120.0
249.0 352.0 64.0 120.0
251.0 357.0 61.0 115.0
251.0 354.0 63.0 117.0
254.0 356.0 60.0 113.0
260.0 357.0 60.0 113.0
265.0 358.0 59.0 110.0
268.0 358.0 59.0 110.0
272.0 352.0 61.0 115.0
276.0 354.0 60.0 113.0
279.0 355.0 60.0 113.0
281.0 358.0 58.0 108.0
280.0 358.0 59.0 110.0
281.0 358.0 59.0 110.0
280.0 357.0 60.0 113.0
281.0 357.0 59.0 110.0
281.0 358.0 59.0 110.0
280.0 358.0 59.0 110.0
279.0 358.0 59.0 110.0
274.0 358.0 60.0 113.0
271.0 358.0 60.0 113.0
270.0 359.0 58.0 108.0
267.0 359.0 58.0 108.0
264.0 361.0 57.0 106.0
262.0 360.0 57.0 106.0
256.0 362.0 57.0 106.0
251.0 362.0 58.0 108.0
248.0 358.0 60.0 113.0
246.0 361.0 58.0 108.0
244.0 358.0 58.0 108.0
239.0 355.0 60.0 113.0
234.0 358.0 59.0 110.0
227.0 362.0 58.0 108.0
224.0 362.0 58.0 108.0
221.0 362.0 58.0 108.0
217.0 362.0 60.0 113.0
214.0 363.0 61.0 115.0
211.0 364.0 61.0 115.0
205.0 365.0 61.0 115.0
200.0 362.0 63.0 117.0
197.0 363.0 60.0 113.0
192.0 360.0 63.0 117.0
186.0 363.0 60.0 113.0
182.0 366.0 58.0 108.0
176.0 363.0 60.0 113.0
173.0 359.0 61.0 115.0
167.0 358.0 60.0 113.0
163.0 358.0 60.0 113.0
161.0 357.0 59.0 110.0
157.0 353.0 61.0 115.0
154.0 353.0 61.0 115.0
152.0 350.0 63.0 117.0
152.0 350.0 61.0 115.0
149.0 348.0 61.0 115.0
147.0 346.0 61.0 115.0
143.0 347.0 60.0 113.0
140.0 346.0 61.0 115.0
138.0 349.0 59.0 110.0
134.0 350.0 58.0 108.0
130.0 346.0 60.0 113.0
129.0 347.0 61.0 115.0
125.0 349.0 61.0 115.0
122.0 350.0 61.0 115.0
116.0 353.0 60.0 113.0
113.0 350.0 63.0 117.0
112.0 350.0 61.0 115.0
107.0 350.0 63.0 117.0
108.0 350.0 60.0 113.0
107.0 349.0 61.0 115.0
104.0 351.0 60.0 113.0
102.0 352.0 61.0 115.0
101.0 355.0 59.0 110.0
98.0 354.0 61.0 115.0
95.0 357.0 61.0 115.0
94.0 357.0 61.0 115.0
94.0 356.0 61.0 115.0
93.0 350.0 64.0 120.0
94.0 348.0 64.0 120.0
98.0 351.0 61.0 115.0
96.0 346.0 64.0 120.0
97.0 344.0 65.0 122.0
99.0 345.0 64.0 120.0
107.0 345.0 61.0 115.0
108.0 340.0 64.0 120.0
110.0 337.0 67.0 124.0
113.0 335.0 65.0 122.0
114.0 338.0 64.0 120.0
117.0 342.0 63.0 117.0
119.0 344.0 60.0 113.0
119.0 343.0 63.0 117.0
119.0 345.0 61.0 115.0
118.0 345.0 60.0 113.0
118.0 351.0 59.0 110.0
116.0 353.0 57.0 106.0
116.0 351.0 59.0 110.0
116.0 349.0 59.0 110.0
112.0 346.0 60.0 113.0
110.0 347.0 59.0 110.0
108.0 344.0 59.0 110.0
103.0 345.0 58.0 108.0
99.0 345.0 58.0 108.0
97.0 340.0 60.0 113.0
92.0 341.0 58.0 108.0
89.0 335.0 60.0 113.0
85.0 333.0 61.0 115.0
80.0 333.0 60.0 113.0
79.0 333.0 60.0 113.0
76.0 332.0 63.0 117.0
74.0 328.0 63.0 117.0
73.0 327.0 63.0 117.0
73.0 329.0 63.0 117.0
71.0 330.0 63.0 117.0
72.0 331.0 61.0 115.0
71.0 329.0 63.0 117.0
71.0 325.0 65.0 122.0
-5.0 366.0 68.0 127.0
-1.0 370.0 65.0 122.0
3.0 373.0 63.0 117.0
3.0 369.0 65.0 122.0
5.0 373.0 63.0 117.0
8.0 376.0 60.0 113.0
8.0 375.0 63.0 117.0
9.0 377.0 60.0 113.0
10.0 375.0 60.0 113.0
11.0 375.0 59.0 110.0
9.0 376.0 59.0 110.0
6.0 379.0 58.0 108.0
7.0 374.0 60.0 113.0
9.0 373.0 59.0 110.0
7.0 374.0 59.0 110.0
8.0 371.0 59.0 110.0
9.0 369.0 59.0 110.0
6.0 370.0 59.0 110.0
6.0 368.0 59.0 110.0
6.0 364.0 61.0 115.0
5.0 365.0 60.0 113.0
3.0 366.0 60.0 113.0
1.0 367.0 60.0 113.0
0.0 368.0 60.0 113.0
-1.0 369.0 60.0 113.0
-1.0 369.0 60.0 113.0
-4.0 372.0 61.0 115.0
-6.0 374.0 60.0 113.0
-6.0 378.0 58.0 108.0
-7.0 376.0 60.0 113.0
-8.0 379.0 58.0 108.0
-9.0 380.0 58.0 108.0
-9.0 381.0 57.0 106.0
-9.0 376.0 58.0 108.0
-6.0 377.0 56.0 104.0
-4.0 374.0 56.0 104.0
-3.0 376.0 54.0 102.0
-2.0 374.0 56.0 104.0
1.0 372.0 54.0 102.0
3.0 369.0 54.0 102.0
3.0 365.0 57.0 106.0
2.0 365.0 56.0 104.0
4.0 364.0 54.0 102.0
8.0 362.0 53.0 100.0
5.0 360.0 56.0 104.0
3.0 362.0 57.0 106.0
2.0 360.0 58.0 108.0
3.0 359.0 59.0 110.0
0.0 358.0 61.0 115.0
1.0 361.0 59.0 110.0
2.0 360.0 59.0 110.0
0.0 359.0 60.0 113.0
-1.0 366.0 59.0 110.0
-3.0 366.0 59.0 110.0
-3.0 367.0 57.0 106.0
-5.0 368.0 59.0 110.0
-9.0 371.0 58.0 108.0
-10.0 373.0 59.0 110.0
-10.0 375.0 57.0 106.0
-12.0 374.0 59.0 110.0
-11.0 376.0 57.0 106.0
-10.0 376.0 57.0 106.0
-11.0 375.0 59.0 110.0
-10.0 372.0 59.0 110.0
-9.0 370.0 58.0 108.0
-9.0 367.0 59.0 110.0
-11.0 368.0 58.0 108.0
-9.0 368.0 57.0 106.0
-9.0 364.0 58.0 108.0
-9.0 364.0 58.0 108.0
-9.0 365.0 59.0 110.0
-10.0 364.0 59.0 110.0
-11.0 362.0 58.0 108.0
-10.0 361.0 59.0 110.0
-9.0 361.0 58.0 108.0
-7.0 358.0 58.0 108.0
-6.0 357.0 59.0 110.0
-7.0 358.0 58.0 108.0
-7.0 356.0 59.0 110.0
-8.0 356.0 59.0 110.0
-8.0 357.0 57.0 106.0
-9.0 355.0 58.0 108.0
