326.0 414.0 15.0 42.0
327.0 416.0 15.0 42.0
327.0 416.0 15.0 42.0
326.0 416.0 15.0 42.0
326.0 415.0 15.0 42.0
325.0 417.0 15.0 42.0
324.0 418.0 14.0 41.0
322.0 420.0 14.0 40.0
320.0 420.0 14.0 40.0
319.0 420.0 14.0 40.0
319.0 421.0 14.0 39.0
316.0 420.0 14.0 41.0
316.0 422.0 14.0 39.0
316.0 422.0 13.0 38.0
317.0 422.0 13.0 38.0
316.0 422.0 14.0 39.0
316.0 422.0 14.0 40.0
316.0 422.0 14.0 40.0
317.0 422.0 14.0 40.0
317.0 423.0 14.0 40.0
317.0 424.0 14.0 40.0
315.0 424.0 14.0 40.0
318.0 424.0 14.0 41.0
318.0 423.0 14.0 40.0
318.0 423.0 14.0 40.0
320.0 426.0 13.0 38.0
319.0 425.0 14.0 40.0
324.0 430.0 13.0 38.0
324.0 431.0 14.0 40.0
324.0 434.0 13.0 38.0
322.0 432.0 13.0 38.0
321.0 432.0 14.0 39.0
321.0 429.0 14.0 40.0
321.0 428.0 14.0 41.0
320.0 427.0 14.0 41.0
318.0 427.0 14.0 40.0
317.0 430.0 13.0 38.0
316.0 432.0 13.0 38.0
314.0 433.0 14.0 40.0
314.0 439.0 14.0 39.0
313.0 441.0 13.0 38.0
312.0 443.0 14.0 39.0
309.0 440.0 14.0 40.0
309.0 437.0 14.0 41.0
309.0 433.0 14.0 40.0
309.0 430.0 13.0 38.0
306.0 426.0 13.0 38.0
301.0 422.0 13.0 38.0
301.0 424.0 14.0 39.0
300.0 424.0 13.0 38.0
299.0 426.0 14.0 39.0
301.0 428.0 14.0 40.0
301.0 427.0 14.0 40.0
301.0 427.0 14.0 41.0
299.0 425.0 14.0 40.0
299.0 425.0 14.0 41.0
297.0 425.0 14.0 40.0
295.0 425.0 14.0 41.0
293.0 423.0 14.0 40.0
292.0 423.0 14.0 40.0
291.0 423.0 14.0 41.0
287.0 420.0 14.0 41.0
287.0 419.0 14.0 41.0
286.0 418.0 14.0 41.0
285.0 418.0 14.0 40.0
286.0 421.0 13.0 38.0
286.0 420.0 14.0 40.0
288.0 423.0 14.0 41.0
288.0 422.0 15.0 42.0
289.0 423.0 14.0 41.0
289.0 421.0 15.0 43.0
289.0 421.0 15.0 42.0
289.0 421.0 15.0 43.0
287.0 419.0 15.0 42.0
287.0 418.0 14.0 41.0
287.0 416.0 14.0 41.0
286.0 414.0 14.0 41.0
286.0 412.0 14.0 40.0
285.0 410.0 14.0 41.0
285.0 407.0 14.0 41.0
283.0 403.0 14.0 40.0
283.0 400.0 14.0 41.0
282.0 395.0 14.0 40.0
282.0 392.0 14.0 41.0
280.0 388.0 14.0 40.0
280.0 387.0 14.0 39.0
280.0 386.0 14.0 39.0
280.0 384.0 13.0 38.0
278.0 382.0 14.0 39.0
278.0 380.0 14.0 39.0
278.0 379.0 14.0 39.0
278.0 379.0 14.0 39.0
281.0 378.0 13.0 38.0
280.0 377.0 14.0 40.0
280.0 378.0 14.0 40.0
280.0 379.0 14.0 40.0
280.0 381.0 14.0 40.0
280.0 383.0 14.0 41.0
280.0 386.0 14.0 41.0
280.0 386.0 14.0 41.0
279.0 386.0 14.0 40.0
279.0 386.0 14.0 40.0
279.0 386.0 14.0 41.0
278.0 387.0 14.0 39.0
277.0 387.0 13.0 38.0
275.0 387.0 13.0 38.0
274.0 387.0 14.0 39.0
271.0 387.0 13.0 38.0
268.0 387.0 14.0 39.0
266.0 386.0 14.0 39.0
264.0 386.0 14.0 39.0
264.0 386.0 14.0 40.0
265.0 389.0 13.0 38.0
264.0 389.0 14.0 39.0
264.0 389.0 13.0 38.0
263.0 389.0 14.0 39.0
263.0 389.0 14.0 39.0
262.0 389.0 14.0 39.0
262.0 389.0 14.0 39.0
262.0 389.0 13.0 38.0
261.0 388.0 14.0 39.0
261.0 387.0 14.0 41.0
260.0 388.0 14.0 40.0
260.0 388.0 14.0 41.0
260.0 390.0 14.0 40.0
261.0 393.0 14.0 41.0
262.0 396.0 14.0 40.0
263.0 398.0 14.0 41.0
263.0 397.0 15.0 42.0
263.0 399.0 14.0 41.0
263.0 399.0 14.0 40.0
263.0 399.0 14.0 41.0
264.0 399.0 14.0 41.0
263.0 397.0 14.0 40.0
264.0 397.0 14.0 41.0
264.0 396.0 14.0 41.0
264.0 395.0 14.0 41.0
264.0 395.0 14.0 41.0
264.0 395.0 14.0 41.0
263.0 395.0 14.0 41.0
262.0 398.0 14.0 39.0
261.0 397.0 14.0 40.0
261.0 397.0 14.0 41.0
261.0 397.0 14.0 41.0
260.0 397.0 14.0 40.0
260.0 397.0 14.0 41.0
259.0 395.0 14.0 40.0
259.0 395.0 14.0 41.0
257.0 393.0 14.0 40.0
257.0 394.0 13.0 38.0
254.0 392.0 14.0 39.0
252.0 391.0 14.0 39.0
251.0 390.0 14.0 39.0
248.0 388.0 14.0 39.0
246.0 385.0 13.0 38.0
242.0 382.0 13.0 38.0
239.0 379.0 14.0 40.0
239.0 382.0 13.0 38.0
239.0 388.0 13.0 38.0
236.0 390.0 14.0 40.0
235.0 393.0 14.0 41.0
237.0 395.0 15.0 42.0
245.0 401.0 14.0 41.0
251.0 401.0 14.0 40.0
259.0 399.0 14.0 40.0
268.0 398.0 14.0 41.0
276.0 399.0 14.0 40.0
280.0 399.0 14.0 40.0
279.0 397.0 14.0 40.0
276.0 392.0 14.0 41.0
277.0 385.0 14.0 40.0
277.0 384.0 14.0 41.0
272.0 386.0 15.0 42.0
264.0 393.0 15.0 43.0
253.0 396.0 15.0 42.0
244.0 396.0 14.0 41.0
239.0 392.0 14.0 41.0
236.0 386.0 14.0 41.0
230.0 381.0 14.0 40.0
225.0 383.0 14.0 41.0
220.0 385.0 15.0 42.0
216.0 388.0 14.0 41.0
211.0 388.0 14.0 40.0
208.0 391.0 14.0 41.0
203.0 393.0 14.0 41.0
199.0 395.0 15.0 42.0
195.0 396.0 14.0 41.0
192.0 396.0 14.0 40.0
192.0 399.0 14.0 39.0
189.0 401.0 14.0 39.0
188.0 403.0 13.0 38.0
187.0 405.0 14.0 39.0
187.0 403.0 13.0 38.0
188.0 403.0 14.0 39.0
189.0 402.0 14.0 40.0
191.0 402.0 14.0 40.0
194.0 402.0 14.0 40.0
198.0 401.0 14.0 41.0
201.0 396.0 14.0 40.0
204.0 393.0 14.0 41.0
207.0 392.0 14.0 41.0
209.0 391.0 14.0 41.0
210.0 392.0 14.0 40.0
214.0 397.0 13.0 38.0
217.0 398.0 14.0 40.0
220.0 400.0 14.0 41.0
222.0 400.0 14.0 41.0
223.0 398.0 14.0 40.0
223.0 399.0 13.0 38.0
218.0 399.0 13.0 38.0
214.0 401.0 13.0 38.0
211.0 402.0 14.0 40.0
209.0 404.0 14.0 40.0
209.0 407.0 14.0 39.0
208.0 409.0 13.0 38.0
208.0 409.0 13.0 38.0
208.0 409.0 13.0 38.0
209.0 411.0 13.0 38.0
208.0 411.0 13.0 38.0
210.0 411.0 13.0 38.0
212.0 413.0 13.0 37.0
214.0 410.0 13.0 38.0
215.0 409.0 13.0 38.0
215.0 410.0 13.0 37.0
217.0 410.0 13.0 38.0
219.0 410.0 13.0 38.0
219.0 410.0 14.0 39.0
220.0 412.0 13.0 38.0
222.0 414.0 13.0 38.0
222.0 416.0 13.0 38.0
221.0 421.0 14.0 39.0
223.0 422.0 14.0 40.0
223.0 427.0 14.0 41.0
220.0 429.0 14.0 41.0
218.0 431.0 15.0 43.0
216.0 434.0 14.0 41.0
216.0 439.0 14.0 41.0
213.0 436.0 15.0 42.0
211.0 432.0 15.0 44.0
212.0 431.0 16.0 46.0
213.0 430.0 15.0 44.0
211.0 428.0 16.0 45.0
213.0 427.0 16.0 46.0
212.0 426.0 15.0 44.0
214.0 425.0 16.0 46.0
212.0 423.0 17.0 48.0
212.0 422.0 17.0 50.0
213.0 426.0 17.0 49.0
214.0 427.0 18.0 51.0
215.0 426.0 19.0 53.0
218.0 428.0 19.0 55.0
220.0 431.0 19.0 55.0
223.0 431.0 19.0 55.0
225.0 433.0 19.0 55.0
226.0 433.0 19.0 55.0
229.0 435.0 19.0 55.0
229.0 441.0 19.0 55.0
229.0 443.0 19.0 55.0
227.0 443.0 19.0 54.0
226.0 445.0 19.0 55.0
224.0 447.0 19.0 54.0
222.0 450.0 19.0 55.0
218.0 452.0 19.0 55.0
218.0 451.0 20.0 57.0
220.0 452.0 21.0 59.0
218.0 452.0 21.0 58.0
216.0 455.0 21.0 58.0
213.0 456.0 21.0 61.0
213.0 457.0 21.0 58.0
213.0 456.0 21.0 59.0
212.0 450.0 22.0 62.0
210.0 445.0 22.0 63.0
206.0 438.0 23.0 66.0
205.0 435.0 22.0 63.0
203.0 431.0 22.0 62.0
201.0 426.0 22.0 62.0
201.0 425.0 22.0 62.0
201.0 424.0 22.0 63.0
203.0 423.0 23.0 64.0
204.0 422.0 24.0 67.0
207.0 421.0 24.0 68.0
208.0 421.0 24.0 68.0
209.0 422.0 24.0 68.0
208.0 422.0 24.0 68.0
207.0 423.0 24.0 68.0
207.0 423.0 24.0 67.0
205.0 419.0 24.0 68.0
198.0 420.0 25.0 71.0
187.0 422.0 24.0 68.0
183.0 426.0 24.0 68.0
176.0 427.0 24.0 68.0
174.0 428.0 25.0 71.0
167.0 430.0 26.0 73.0
157.0 428.0 27.0 76.0
155.0 432.0 26.0 74.0
155.0 435.0 26.0 74.0
156.0 438.0 26.0 74.0
158.0 440.0 27.0 77.0
158.0 443.0 26.0 74.0
163.0 447.0 25.0 71.0
168.0 448.0 24.0 68.0
173.0 448.0 24.0 68.0
174.0 447.0 24.0 68.0
179.0 449.0 25.0 71.0
182.0 453.0 25.0 70.0
182.0 456.0 25.0 71.0
181.0 456.0 26.0 73.0
184.0 459.0 25.0 71.0
182.0 457.0 26.0 74.0
184.0 458.0 26.0 73.0
184.0 455.0 26.0 74.0
182.0 451.0 26.0 74.0
179.0 446.0 26.0 74.0
171.0 435.0 27.0 77.0
169.0 430.0 26.0 74.0
170.0 427.0 26.0 73.0
170.0 422.0 26.0 74.0
178.0 424.0 26.0 73.0
187.0 427.0 27.0 76.0
196.0 432.0 27.0 77.0
204.0 431.0 26.0 74.0
214.0 434.0 27.0 77.0
223.0 441.0 27.0 77.0
227.0 444.0 27.0 76.0
233.0 448.0 27.0 77.0
238.0 449.0 28.0 79.0
245.0 446.0 28.0 80.0
251.0 444.0 28.0 80.0
253.0 438.0 29.0 82.0
255.0 433.0 29.0 82.0
257.0 430.0 30.0 85.0
261.0 427.0 29.0 82.0
263.0 426.0 28.0 80.0
264.0 427.0 27.0 77.0
263.0 425.0 28.0 80.0
262.0 426.0 28.0 79.0
265.0 431.0 27.0 77.0
263.0 431.0 28.0 79.0
261.0 430.0 27.0 76.0
261.0 430.0 27.0 76.0
258.0 428.0 27.0 77.0
255.0 425.0 28.0 80.0
256.0 422.0 29.0 82.0
259.0 420.0 28.0 79.0
264.0 419.0 28.0 80.0
261.0 419.0 28.0 80.0
259.0 418.0 29.0 82.0
258.0 418.0 29.0 82.0
257.0 416.0 28.0 79.0
257.0 412.0 28.0 80.0
257.0 408.0 28.0 80.0
255.0 402.0 29.0 83.0
254.0 402.0 29.0 82.0
255.0 402.0 29.0 83.0
255.0 396.0 30.0 85.0
259.0 391.0 29.0 82.0
263.0 389.0 28.0 79.0
266.0 388.0 28.0 80.0
266.0 385.0 29.0 83.0
264.0 383.0 30.0 85.0
265.0 382.0 29.0 82.0
268.0 385.0 28.0 80.0
269.0 387.0 29.0 83.0
269.0 388.0 29.0 82.0
269.0 388.0 29.0 82.0
270.0 393.0 28.0 80.0
268.0 397.0 29.0 82.0
267.0 407.0 28.0 80.0
265.0 413.0 27.0 77.0
263.0 418.0 27.0 77.0
262.0 418.0 28.0 80.0
259.0 417.0 29.0 82.0
260.0 417.0 29.0 82.0
265.0 421.0 28.0 80.0
265.0 420.0 29.0 82.0
264.0 418.0 30.0 85.0
265.0 416.0 31.0 89.0
265.0 414.0 33.0 92.0
269.0 408.0 33.0 94.0
271.0 406.0 35.0 98.0
270.0 410.0 36.0 102.0
270.0 412.0 35.0 100.0
269.0 410.0 37.0 104.0
268.0 408.0 38.0 108.0
262.0 408.0 38.0 108.0
262.0 407.0 38.0 108.0
263.0 406.0 40.0 113.0
261.0 407.0 40.0 113.0
260.0 406.0 42.0 117.0
261.0 411.0 41.0 115.0
257.0 410.0 41.0 115.0
258.0 409.0 41.0 115.0
256.0 408.0 42.0 119.0
252.0 405.0 44.0 124.0
252.0 409.0 44.0 124.0
256.0 415.0 46.0 129.0
256.0 423.0 48.0 135.0
255.0 425.0 48.0 135.0
255.0 431.0 48.0 135.0
255.0 438.0 49.0 137.0
255.0 444.0 51.0 143.0
256.0 449.0 49.0 137.0
253.0 449.0 47.0 132.0
249.0 441.0 49.0 137.0
244.0 435.0 50.0 140.0
238.0 430.0 52.0 146.0
234.0 423.0 50.0 140.0
228.0 406.0 51.0 143.0
225.0 391.0 53.0 149.0
229.0 386.0 51.0 143.0
230.0 390.0 50.0 140.0
231.0 392.0 49.0 137.0
238.0 396.0 47.0 132.0
236.0 395.0 49.0 137.0
236.0 403.0 48.0 135.0
240.0 404.0 47.0 132.0
239.0 402.0 49.0 137.0
239.0 402.0 49.0 137.0
240.0 402.0 48.0 135.0
241.0 399.0 48.0 135.0
239.0 396.0 50.0 140.0
236.0 391.0 52.0 146.0
239.0 394.0 50.0 140.0
241.0 397.0 49.0 137.0
246.0 403.0 51.0 143.0
250.0 418.0 50.0 140.0
250.0 436.0 48.0 135.0
253.0 436.0 49.0 137.0
253.0 434.0 48.0 135.0
254.0 437.0 49.0 137.0
251.0 431.0 49.0 137.0
245.0 430.0 49.0 137.0
235.0 427.0 51.0 143.0
231.0 420.0 50.0 140.0
228.0 408.0 52.0 146.0
228.0 406.0 50.0 140.0
229.0 405.0 49.0 137.0
227.0 403.0 50.0 140.0
230.0 402.0 49.0 137.0
231.0 406.0 48.0 135.0
231.0 410.0 46.0 129.0
234.0 416.0 47.0 132.0
235.0 421.0 45.0 127.0
238.0 422.0 44.0 124.0
246.0 423.0 43.0 122.0
249.0 423.0 43.0 122.0
249.0 427.0 42.0 117.0
248.0 426.0 42.0 119.0
248.0 421.0 41.0 115.0
244.0 413.0 42.0 117.0
244.0 414.0 41.0 115.0
240.0 410.0 39.0 110.0
237.0 407.0 39.0 110.0
232.0 408.0 41.0 115.0
228.0 407.0 41.0 115.0
223.0 407.0 39.0 110.0
221.0 407.0 39.0 110.0
220.0 412.0 38.0 106.0
221.0 414.0 36.0 102.0
220.0 415.0 35.0 100.0
219.0 413.0 36.0 102.0
218.0 411.0 35.0 98.0
218.0 407.0 34.0 96.0
220.0 406.0 33.0 92.0
221.0 408.0 31.0 89.0
221.0 406.0 33.0 92.0
222.0 409.0 31.0 89.0
220.0 407.0 33.0 92.0
224.0 407.0 31.0 89.0
225.0 407.0 31.0 89.0
228.0 409.0 30.0 85.0
231.0 410.0 29.0 82.0
232.0 412.0 28.0 79.0
233.0 412.0 28.0 79.0
237.0 415.0 27.0 77.0
240.0 417.0 27.0 77.0
245.0 417.0 27.0 76.0
247.0 421.0 28.0 79.0
251.0 422.0 27.0 76.0
251.0 422.0 27.0 76.0
254.0 427.0 26.0 74.0
254.0 429.0 26.0 73.0
257.0 432.0 25.0 70.0
255.0 432.0 26.0 73.0
256.0 435.0 26.0 74.0
258.0 439.0 25.0 71.0
257.0 439.0 26.0 74.0
258.0 441.0 27.0 76.0
258.0 444.0 27.0 76.0
259.0 444.0 27.0 76.0
257.0 444.0 28.0 79.0
258.0 449.0 27.0 77.0
257.0 449.0 27.0 76.0
258.0 449.0 27.0 77.0
257.0 445.0 28.0 80.0
257.0 442.0 28.0 79.0
259.0 439.0 27.0 76.0
258.0 434.0 27.0 77.0
256.0 427.0 28.0 80.0
259.0 429.0 27.0 77.0
259.0 428.0 27.0 76.0
258.0 425.0 28.0 79.0
262.0 426.0 27.0 77.0
262.0 424.0 28.0 80.0
266.0 426.0 27.0 77.0
265.0 423.0 28.0 80.0
266.0 421.0 28.0 79.0
266.0 421.0 28.0 79.0
267.0 422.0 28.0 79.0
267.0 422.0 28.0 79.0
268.0 424.0 28.0 80.0
267.0 425.0 28.0 79.0
268.0 426.0 28.0 80.0
268.0 432.0 27.0 77.0
264.0 434.0 28.0 79.0
263.0 437.0 29.0 82.0
259.0 442.0 29.0 82.0
254.0 448.0 28.0 80.0
249.0 454.0 27.0 77.0
243.0 454.0 28.0 79.0
241.0 458.0 28.0 80.0
239.0 462.0 27.0 77.0
235.0 461.0 28.0 79.0
235.0 461.0 29.0 82.0
233.0 462.0 29.0 82.0
231.0 462.0 29.0 82.0
231.0 463.0 29.0 82.0
232.0 463.0 29.0 82.0
232.0 464.0 29.0 82.0
233.0 467.0 28.0 79.0
233.0 466.0 29.0 82.0
233.0 466.0 29.0 82.0
233.0 469.0 29.0 82.0
235.0 469.0 29.0 83.0
236.0 468.0 29.0 83.0
236.0 466.0 31.0 87.0
239.0 468.0 30.0 85.0
239.0 469.0 29.0 83.0
240.0 468.0 30.0 85.0
241.0 469.0 29.0 82.0
241.0 472.0 28.0 80.0
242.0 471.0 29.0 83.0
241.0 469.0 29.0 82.0
242.0 469.0 29.0 82.0
242.0 472.0 29.0 82.0
243.0 472.0 29.0 83.0
246.0 472.0 29.0 83.0
247.0 472.0 29.0 82.0
249.0 473.0 29.0 82.0
249.0 473.0 29.0 82.0
246.0 472.0 30.0 85.0
239.0 471.0 29.0 82.0
237.0 469.0 29.0 82.0
243.0 466.0 29.0 83.0
250.0 460.0 30.0 85.0
254.0 456.0 29.0 82.0
253.0 457.0 29.0 82.0
252.0 462.0 29.0 83.0
253.0 467.0 28.0 80.0
252.0 467.0 29.0 82.0
251.0 469.0 29.0 83.0
249.0 467.0 31.0 87.0
248.0 462.0 31.0 87.0
253.0 460.0 30.0 85.0
257.0 459.0 29.0 83.0
258.0 456.0 30.0 85.0
259.0 453.0 30.0 85.0
262.0 453.0 30.0 85.0
265.0 450.0 29.0 82.0
267.0 449.0 30.0 85.0
268.0 448.0 30.0 85.0
268.0 448.0 30.0 85.0
268.0 445.0 31.0 87.0
268.0 446.0 30.0 85.0
271.0 445.0 29.0 83.0
273.0 445.0 29.0 83.0
275.0 446.0 29.0 83.0
274.0 448.0 29.0 83.0
272.0 450.0 30.0 85.0
270.0 450.0 31.0 89.0
270.0 454.0 30.0 85.0
267.0 452.0 31.0 89.0
263.0 453.0 31.0 87.0
258.0 452.0 31.0 89.0
253.0 449.0 31.0 89.0
251.0 451.0 30.0 85.0
246.0 448.0 31.0 87.0
245.0 449.0 30.0 85.0
244.0 448.0 30.0 85.0
244.0 446.0 31.0 89.0
244.0 447.0 31.0 89.0
243.0 446.0 32.0 90.0
246.0 446.0 31.0 87.0
248.0 444.0 32.0 90.0
250.0 444.0 33.0 92.0
251.0 445.0 32.0 90.0
253.0 448.0 31.0 89.0
252.0 447.0 33.0 92.0
250.0 446.0 34.0 96.0
250.0 449.0 33.0 92.0
249.0 452.0 33.0 94.0
249.0 455.0 33.0 92.0
249.0 460.0 32.0 90.0
248.0 462.0 32.0 90.0
246.0 466.0 32.0 90.0
246.0 472.0 31.0 89.0
246.0 473.0 33.0 92.0
247.0 475.0 33.0 92.0
247.0 475.0 33.0 94.0
247.0 477.0 33.0 94.0
247.0 478.0 33.0 92.0
247.0 476.0 34.0 96.0
248.0 475.0 34.0 96.0
252.0 475.0 34.0 96.0
252.0 479.0 33.0 92.0
251.0 480.0 33.0 94.0
250.0 482.0 33.0 94.0
250.0 485.0 33.0 92.0
251.0 489.0 33.0 92.0
250.0 491.0 34.0 96.0
251.0 495.0 33.0 94.0
250.0 497.0 34.0 96.0
250.0 499.0 35.0 98.0
250.0 502.0 35.0 100.0
250.0 505.0 34.0 96.0
250.0 508.0 35.0 98.0
250.0 509.0 35.0 98.0
249.0 510.0 36.0 102.0
250.0 512.0 35.0 100.0
250.0 513.0 35.0 98.0
247.0 511.0 36.0 102.0
244.0 511.0 36.0 102.0
240.0 510.0 36.0 102.0
239.0 509.0 35.0 98.0
238.0 506.0 35.0 98.0
240.0 503.0 36.0 102.0
242.0 502.0 35.0 100.0
245.0 501.0 36.0 102.0
245.0 501.0 36.0 102.0
247.0 501.0 36.0 102.0
248.0 502.0 35.0 100.0
248.0 505.0 35.0 100.0
248.0 505.0 35.0 100.0
248.0 507.0 35.0 98.0
247.0 507.0 36.0 102.0
246.0 509.0 36.0 102.0
246.0 510.0 36.0 102.0
247.0 513.0 35.0 100.0
246.0 514.0 36.0 102.0
247.0 513.0 37.0 104.0
248.0 520.0 36.0 102.0
248.0 525.0 36.0 102.0
246.0 523.0 38.0 106.0
248.0 527.0 37.0 104.0
248.0 529.0 36.0 102.0
247.0 528.0 37.0 104.0
247.0 527.0 38.0 106.0
247.0 527.0 38.0 106.0
248.0 527.0 38.0 106.0
248.0 527.0 38.0 106.0
249.0 529.0 36.0 102.0
249.0 525.0 37.0 104.0
251.0 525.0 36.0 102.0
251.0 525.0 36.0 102.0
251.0 525.0 36.0 102.0
252.0 526.0 35.0 100.0
251.0 527.0 35.0 98.0
251.0 524.0 36.0 102.0
251.0 523.0 36.0 102.0
251.0 519.0 37.0 104.0
252.0 515.0 35.0 100.0
252.0 510.0 37.0 104.0
250.0 505.0 38.0 106.0
250.0 501.0 37.0 104.0
251.0 497.0 35.0 100.0
249.0 495.0 37.0 104.0
249.0 496.0 36.0 102.0
251.0 495.0 35.0 100.0
255.0 493.0 36.0 102.0
258.0 493.0 36.0 102.0
261.0 495.0 35.0 98.0
264.0 494.0 35.0 100.0
264.0 495.0 37.0 104.0
265.0 495.0 38.0 106.0
267.0 496.0 38.0 106.0
268.0 497.0 38.0 106.0
268.0 497.0 38.0 106.0
271.0 496.0 38.0 108.0
271.0 493.0 39.0 110.0
274.0 494.0 38.0 108.0
274.0 495.0 38.0 106.0
274.0 495.0 38.0 106.0
274.0 498.0 38.0 108.0
274.0 499.0 38.0 106.0
273.0 501.0 39.0 110.0
273.0 505.0 38.0 108.0
273.0 508.0 38.0 108.0
272.0 509.0 38.0 108.0
271.0 510.0 38.0 106.0
270.0 510.0 38.0 106.0
267.0 508.0 39.0 110.0
267.0 510.0 38.0 106.0
266.0 508.0 38.0 108.0
265.0 508.0 37.0 104.0
265.0 507.0 35.0 100.0
264.0 508.0 34.0 96.0
264.0 509.0 33.0 92.0
264.0 507.0 34.0 96.0
264.0 508.0 35.0 100.0
263.0 511.0 34.0 96.0
262.0 509.0 35.0 100.0
261.0 505.0 34.0 96.0
260.0 508.0 33.0 92.0
