93.0 113.0 34.0 109.0
95.0 108.0 34.0 109.0
97.0 106.0 32.0 104.0
103.0 105.0 33.0 106.0
104.0 107.0 32.0 102.0
103.0 102.0 33.0 106.0
105.0 100.0 32.0 104.0
106.0 105.0 32.0 104.0
102.0 108.0 33.0 106.0
106.0 113.0 32.0 102.0
112.0 117.0 30.0 98.0
120.0 119.0 31.0 100.0
126.0 116.0 31.0 100.0
126.0 96.0 32.0 104.0
133.0 89.0 33.0 106.0
134.0 87.0 32.0 104.0
131.0 87.0 31.0 100.0
121.0 83.0 30.0 96.0
122.0 85.0 30.0 96.0
119.0 94.0 29.0 93.0
113.0 104.0 29.0 94.0
105.0 106.0 30.0 96.0
94.0 105.0 31.0 100.0
100.0 113.0 30.0 98.0
98.0 106.0 30.0 98.0
97.0 98.0 30.0 98.0
98.0 95.0 30.0 98.0
98.0 93.0 29.0 94.0
98.0 86.0 29.0 94.0
101.0 88.0 29.0 94.0
105.0 95.0 30.0 98.0
107.0 102.0 30.0 96.0
112.0 110.0 30.0 96.0
120.0 113.0 29.0 93.0
121.0 114.0 28.0 91.0
119.0 104.0 27.0 89.0
121.0 96.0 27.0 87.0
116.0 86.0 27.0 89.0
110.0 81.0 28.0 91.0
109.0 79.0 27.0 87.0
107.0 78.0 27.0 87.0
106.0 87.0 26.0 85.0
102.0 100.0 27.0 87.0
92.0 116.0 27.0 87.0
86.0 124.0 28.0 91.0
87.0 124.0 27.0 89.0
87.0 115.0 27.0 87.0
89.0 103.0 27.0 87.0
91.0 95.0 27.0 87.0
94.0 90.0 27.0 87.0
95.0 87.0 26.0 84.0
100.0 86.0 25.0 80.0
105.0 86.0 25.0 80.0
104.0 91.0 26.0 84.0
109.0 105.0 25.0 80.0
112.0 112.0 26.0 84.0
114.0 112.0 26.0 84.0
121.0 113.0 25.0 80.0
126.0 106.0 25.0 80.0
124.0 99.0 25.0 80.0
118.0 92.0 25.0 82.0
108.0 84.0 26.0 84.0
109.0 82.0 25.0 80.0
106.0 81.0 24.0 79.0
100.0 86.0 24.0 79.0
95.0 94.0 25.0 80.0
84.0 106.0 24.0 77.0
84.0 113.0 25.0 80.0
81.0 114.0 25.0 80.0
78.0 110.0 24.0 79.0
76.0 103.0 25.0 82.0
82.0 101.0 25.0 80.0
90.0 96.0 25.0 82.0
94.0 90.0 24.0 79.0
97.0 89.0 24.0 77.0
104.0 87.0 23.0 74.0
108.0 88.0 24.0 77.0
113.0 97.0 24.0 77.0
127.0 110.0 23.0 76.0
134.0 115.0 24.0 79.0
147.0 112.0 25.0 80.0
155.0 104.0 24.0 77.0
164.0 101.0 24.0 77.0
162.0 100.0 24.0 79.0
149.0 98.0 24.0 77.0
145.0 95.0 23.0 76.0
137.0 85.0 24.0 79.0
131.0 85.0 25.0 80.0
122.0 95.0 25.0 80.0
115.0 109.0 24.0 77.0
110.0 124.0 23.0 74.0
113.0 129.0 23.0 76.0
118.0 139.0 23.0 74.0
119.0 137.0 23.0 76.0
117.0 125.0 24.0 79.0
118.0 118.0 23.0 76.0
117.0 113.0 23.0 76.0
117.0 112.0 23.0 76.0
116.0 107.0 24.0 79.0
122.0 105.0 23.0 76.0
123.0 107.0 22.0 73.0
124.0 110.0 21.0 70.0
134.0 120.0 21.0 70.0
137.0 123.0 21.0 70.0
139.0 130.0 22.0 71.0
142.0 118.0 23.0 74.0
149.0 102.0 22.0 71.0
154.0 91.0 22.0 73.0
153.0 89.0 23.0 74.0
148.0 85.0 22.0 71.0
146.0 78.0 22.0 71.0
142.0 81.0 22.0 73.0
135.0 94.0 22.0 71.0
119.0 98.0 22.0 71.0
114.0 99.0 21.0 69.0
110.0 102.0 21.0 70.0
96.0 99.0 22.0 71.0
89.0 90.0 21.0 70.0
91.0 81.0 21.0 70.0
96.0 73.0 22.0 71.0
100.0 72.0 21.0 69.0
109.0 78.0 22.0 71.0
116.0 90.0 21.0 69.0
121.0 107.0 21.0 70.0
125.0 123.0 21.0 69.0
129.0 126.0 20.0 66.0
131.0 121.0 20.0 65.0
140.0 116.0 19.0 62.0
141.0 111.0 20.0 65.0
135.0 106.0 20.0 65.0
128.0 106.0 20.0 66.0
117.0 111.0 20.0 66.0
110.0 116.0 20.0 66.0
88.0 128.0 20.0 66.0
79.0 139.0 20.0 66.0
74.0 132.0 20.0 65.0
71.0 120.0 20.0 66.0
72.0 114.0 21.0 67.0
82.0 107.0 20.0 66.0
90.0 103.0 20.0 66.0
100.0 102.0 21.0 69.0
110.0 108.0 21.0 67.0
114.0 118.0 21.0 67.0
124.0 128.0 20.0 66.0
136.0 147.0 21.0 67.0
131.0 138.0 21.0 70.0
136.0 118.0 21.0 67.0
140.0 110.0 20.0 65.0
135.0 107.0 19.0 63.0
132.0 106.0 20.0 65.0
129.0 108.0 19.0 63.0
123.0 113.0 19.0 63.0
115.0 121.0 20.0 66.0
101.0 127.0 20.0 66.0
102.0 133.0 20.0 65.0
103.0 130.0 20.0 66.0
106.0 126.0 20.0 66.0
114.0 122.0 19.0 63.0
123.0 116.0 19.0 61.0
129.0 110.0 19.0 63.0
130.0 106.0 20.0 66.0
131.0 108.0 19.0 63.0
130.0 116.0 19.0 62.0
128.0 125.0 19.0 63.0
131.0 132.0 19.0 61.0
132.0 129.0 19.0 62.0
134.0 122.0 18.0 60.0
140.0 114.0 19.0 62.0
137.0 109.0 20.0 65.0
132.0 105.0 20.0 66.0
129.0 102.0 19.0 63.0
124.0 102.0 19.0 63.0
121.0 106.0 19.0 62.0
111.0 117.0 19.0 63.0
101.0 132.0 20.0 66.0
98.0 138.0 19.0 63.0
95.0 127.0 19.0 62.0
94.0 118.0 18.0 60.0
94.0 115.0 19.0 61.0
97.0 110.0 19.0 62.0
95.0 108.0 19.0 62.0
96.0 112.0 18.0 60.0
100.0 119.0 19.0 61.0
107.0 125.0 18.0 58.0
109.0 124.0 19.0 61.0
112.0 120.0 18.0 60.0
116.0 105.0 19.0 61.0
118.0 98.0 19.0 61.0
113.0 98.0 18.0 58.0
107.0 99.0 17.0 56.0
103.0 100.0 18.0 57.0
96.0 103.0 18.0 58.0
82.0 112.0 18.0 60.0
62.0 122.0 18.0 58.0
55.0 131.0 18.0 60.0
54.0 130.0 18.0 58.0
52.0 120.0 18.0 58.0
58.0 119.0 18.0 57.0
66.0 113.0 18.0 58.0
73.0 107.0 18.0 58.0
79.0 108.0 18.0 58.0
85.0 112.0 18.0 58.0
92.0 114.0 18.0 60.0
102.0 116.0 18.0 57.0
114.0 118.0 18.0 58.0
121.0 107.0 18.0 60.0
132.0 95.0 18.0 57.0
135.0 91.0 18.0 57.0
134.0 85.0 18.0 58.0
135.0 82.0 18.0 57.0
133.0 82.0 18.0 58.0
127.0 90.0 17.0 56.0
115.0 101.0 18.0 58.0
108.0 107.0 18.0 57.0
110.0 112.0 18.0 58.0
109.0 103.0 18.0 58.0
109.0 96.0 18.0 58.0
112.0 92.0 18.0 58.0
114.0 90.0 18.0 58.0
113.0 89.0 18.0 60.0
115.0 95.0 18.0 58.0
118.0 101.0 17.0 56.0
123.0 108.0 17.0 55.0
128.0 113.0 17.0 55.0
132.0 111.0 17.0 56.0
142.0 97.0 18.0 58.0
152.0 89.0 18.0 57.0
151.0 83.0 18.0 58.0
149.0 77.0 18.0 58.0
144.0 79.0 17.0 56.0
140.0 83.0 17.0 56.0
132.0 100.0 17.0 55.0
117.0 109.0 17.0 54.0
115.0 113.0 17.0 56.0
109.0 106.0 17.0 55.0
105.0 97.0 17.0 56.0
104.0 95.0 18.0 58.0
111.0 91.0 17.0 56.0
118.0 87.0 18.0 58.0
121.0 94.0 18.0 57.0
133.0 108.0 17.0 55.0
141.0 119.0 17.0 55.0
148.0 124.0 17.0 55.0
150.0 127.0 17.0 54.0
157.0 113.0 17.0 56.0
161.0 103.0 17.0 56.0
156.0 96.0 17.0 54.0
153.0 95.0 17.0 54.0
151.0 98.0 17.0 54.0
144.0 105.0 17.0 55.0
136.0 113.0 17.0 55.0
121.0 119.0 17.0 56.0
118.0 118.0 17.0 55.0
112.0 112.0 16.0 53.0
103.0 100.0 16.0 52.0
103.0 96.0 16.0 53.0
106.0 90.0 16.0 53.0
112.0 88.0 16.0 51.0
117.0 96.0 16.0 51.0
121.0 100.0 16.0 52.0
127.0 113.0 16.0 51.0
133.0 114.0 16.0 51.0
142.0 107.0 16.0 53.0
147.0 93.0 16.0 51.0
148.0 83.0 16.0 52.0
146.0 81.0 16.0 53.0
141.0 81.0 16.0 52.0
136.0 87.0 16.0 52.0
128.0 98.0 16.0 51.0
121.0 106.0 16.0 52.0
111.0 109.0 15.0 50.0
110.0 110.0 16.0 51.0
102.0 103.0 16.0 51.0
95.0 96.0 16.0 51.0
93.0 94.0 16.0 51.0
98.0 90.0 15.0 49.0
103.0 90.0 15.0 49.0
106.0 93.0 15.0 48.0
115.0 104.0 15.0 48.0
121.0 108.0 15.0 48.0
125.0 105.0 15.0 50.0
133.0 102.0 16.0 51.0
137.0 95.0 15.0 50.0
146.0 85.0 15.0 49.0
147.0 80.0 15.0 49.0
144.0 78.0 16.0 51.0
142.0 82.0 15.0 50.0
138.0 92.0 15.0 50.0
135.0 100.0 15.0 49.0
123.0 112.0 15.0 48.0
108.0 128.0 15.0 49.0
103.0 125.0 15.0 50.0
96.0 115.0 16.0 51.0
93.0 113.0 15.0 49.0
95.0 112.0 15.0 49.0
99.0 107.0 14.0 47.0
105.0 104.0 15.0 49.0
113.0 106.0 15.0 49.0
121.0 108.0 14.0 47.0
128.0 106.0 14.0 47.0
129.0 106.0 15.0 49.0
135.0 105.0 15.0 49.0
140.0 91.0 15.0 49.0
141.0 77.0 15.0 48.0
138.0 72.0 15.0 48.0
