111.0 98.0 25.0 101.0
111.0 101.0 25.0 101.0
110.0 103.0 25.0 101.0
110.0 105.0 25.0 101.0
108.0 103.0 25.0 103.0
109.0 105.0 25.0 101.0
109.0 107.0 25.0 103.0
108.0 111.0 25.0 101.0
105.0 113.0 25.0 101.0
102.0 115.0 25.0 101.0
98.0 119.0 24.0 99.0
94.0 117.0 25.0 101.0
92.0 115.0 25.0 101.0
89.0 112.0 25.0 101.0
87.0 111.0 24.0 99.0
89.0 111.0 24.0 97.0
88.0 111.0 24.0 99.0
89.0 109.0 25.0 103.0
91.0 112.0 24.0 99.0
93.0 110.0 25.0 103.0
94.0 109.0 25.0 103.0
96.0 109.0 24.0 99.0
101.0 106.0 25.0 103.0
101.0 106.0 25.0 101.0
103.0 106.0 25.0 101.0
105.0 108.0 25.0 101.0
105.0 110.0 25.0 103.0
106.0 110.0 25.0 103.0
107.0 108.0 25.0 103.0
107.0 103.0 26.0 105.0
107.0 99.0 26.0 105.0
106.0 99.0 24.0 100.0
105.0 99.0 24.0 99.0
105.0 99.0 24.0 99.0
106.0 100.0 25.0 103.0
107.0 100.0 25.0 103.0
106.0 102.0 25.0 103.0
107.0 99.0 26.0 107.0
104.0 98.0 25.0 103.0
105.0 95.0 26.0 107.0
105.0 95.0 26.0 107.0
104.0 94.0 26.0 105.0
103.0 95.0 26.0 105.0
102.0 98.0 25.0 103.0
100.0 98.0 25.0 103.0
97.0 98.0 25.0 103.0
92.0 99.0 25.0 103.0
88.0 95.0 26.0 105.0
84.0 93.0 25.0 103.0
83.0 92.0 25.0 103.0
81.0 94.0 26.0 107.0
82.0 98.0 25.0 103.0
82.0 100.0 26.0 107.0
84.0 105.0 25.0 103.0
83.0 104.0 26.0 105.0
85.0 102.0 26.0 107.0
88.0 102.0 26.0 107.0
94.0 99.0 26.0 105.0
98.0 95.0 26.0 107.0
102.0 94.0 26.0 107.0
106.0 96.0 25.0 103.0
107.0 98.0 25.0 103.0
106.0 100.0 25.0 103.0
106.0 100.0 24.0 100.0
108.0 98.0 26.0 105.0
115.0 95.0 26.0 107.0
113.0 91.0 26.0 107.0
114.0 91.0 27.0 109.0
113.0 92.0 26.0 107.0
111.0 93.0 27.0 109.0
109.0 92.0 27.0 111.0
107.0 93.0 27.0 109.0
100.0 86.0 26.0 105.0
98.0 87.0 24.0 100.0
96.0 90.0 24.0 97.0
92.0 87.0 24.0 99.0
88.0 87.0 24.0 99.0
124.0 98.0 25.0 103.0
111.0 102.0 25.0 103.0
108.0 106.0 25.0 103.0
107.0 104.0 26.0 107.0
104.0 102.0 27.0 109.0
104.0 100.0 26.0 107.0
104.0 94.0 27.0 109.0
106.0 91.0 26.0 107.0
107.0 90.0 26.0 107.0
110.0 88.0 27.0 109.0
112.0 88.0 27.0 109.0
116.0 91.0 27.0 109.0
118.0 92.0 27.0 109.0
121.0 91.0 27.0 111.0
125.0 91.0 27.0 111.0
127.0 91.0 27.0 109.0
129.0 90.0 27.0 109.0
130.0 91.0 27.0 111.0
133.0 94.0 27.0 109.0
132.0 95.0 27.0 111.0
130.0 98.0 27.0 109.0
129.0 99.0 27.0 109.0
126.0 97.0 28.0 113.0
126.0 94.0 28.0 113.0
124.0 91.0 28.0 113.0
123.0 87.0 28.0 113.0
123.0 86.0 27.0 111.0
123.0 87.0 27.0 111.0
123.0 87.0 27.0 111.0
123.0 84.0 28.0 116.0
120.0 85.0 28.0 113.0
118.0 82.0 28.0 113.0
117.0 78.0 28.0 113.0
116.0 75.0 28.0 113.0
114.0 73.0 27.0 111.0
109.0 69.0 28.0 113.0
106.0 69.0 28.0 113.0
104.0 75.0 27.0 111.0
101.0 78.0 28.0 116.0
99.0 84.0 28.0 113.0
98.0 86.0 28.0 113.0
94.0 90.0 28.0 113.0
92.0 90.0 28.0 113.0
95.0 90.0 28.0 113.0
101.0 91.0 27.0 111.0
102.0 91.0 27.0 111.0
106.0 93.0 27.0 111.0
109.0 94.0 28.0 113.0
113.0 96.0 27.0 111.0
116.0 98.0 27.0 111.0
119.0 99.0 27.0 111.0
121.0 97.0 27.0 111.0
122.0 92.0 28.0 116.0
125.0 97.0 28.0 113.0
127.0 102.0 27.0 111.0
127.0 103.0 28.0 113.0
127.0 104.0 28.0 116.0
127.0 107.0 29.0 118.0
127.0 110.0 29.0 120.0
128.0 113.0 29.0 118.0
129.0 111.0 29.0 118.0
127.0 112.0 28.0 116.0
126.0 112.0 28.0 116.0
126.0 118.0 28.0 113.0
126.0 117.0 28.0 116.0
127.0 118.0 29.0 118.0
128.0 116.0 29.0 120.0
129.0 116.0 29.0 118.0
130.0 114.0 29.0 120.0
129.0 113.0 29.0 118.0
131.0 109.0 29.0 118.0
133.0 109.0 28.0 116.0
133.0 109.0 29.0 118.0
133.0 109.0 29.0 118.0
134.0 107.0 28.0 116.0
135.0 104.0 29.0 120.0
133.0 101.0 29.0 120.0
131.0 97.0 29.0 120.0
129.0 94.0 29.0 118.0
128.0 90.0 29.0 118.0
128.0 88.0 29.0 118.0
126.0 90.0 28.0 116.0
125.0 94.0 28.0 116.0
129.0 96.0 29.0 120.0
134.0 96.0 29.0 120.0
138.0 96.0 29.0 120.0
138.0 93.0 29.0 118.0
140.0 92.0 29.0 120.0
140.0 92.0 29.0 118.0
140.0 94.0 29.0 118.0
141.0 97.0 28.0 116.0
141.0 99.0 29.0 120.0
141.0 102.0 29.0 118.0
138.0 103.0 30.0 123.0
138.0 104.0 29.0 120.0
137.0 102.0 29.0 118.0
134.0 98.0 29.0 118.0
132.0 100.0 28.0 116.0
129.0 103.0 28.0 116.0
132.0 105.0 29.0 118.0
131.0 107.0 29.0 118.0
128.0 107.0 29.0 118.0
129.0 107.0 29.0 118.0
131.0 106.0 29.0 120.0
132.0 104.0 28.0 116.0
133.0 102.0 29.0 120.0
130.0 102.0 29.0 118.0
121.0 106.0 29.0 118.0
122.0 108.0 29.0 118.0
115.0 104.0 30.0 123.0
113.0 101.0 30.0 123.0
111.0 98.0 31.0 128.0
110.0 97.0 30.0 123.0
111.0 93.0 30.0 123.0
116.0 89.0 30.0 123.0
121.0 91.0 29.0 118.0
121.0 94.0 29.0 120.0
124.0 99.0 29.0 120.0
128.0 101.0 29.0 118.0
131.0 98.0 30.0 123.0
137.0 97.0 29.0 120.0
138.0 94.0 29.0 120.0
137.0 91.0 29.0 120.0
136.0 92.0 29.0 120.0
137.0 96.0 29.0 120.0
140.0 99.0 30.0 123.0
145.0 104.0 29.0 120.0
142.0 104.0 30.0 123.0
143.0 105.0 30.0 123.0
143.0 104.0 31.0 125.0
142.0 103.0 31.0 125.0
142.0 106.0 30.0 123.0
144.0 110.0 29.0 118.0
145.0 110.0 30.0 123.0
150.0 113.0 29.0 120.0
146.0 117.0 29.0 120.0
144.0 118.0 31.0 125.0
145.0 122.0 29.0 120.0
139.0 124.0 30.0 123.0
138.0 127.0 29.0 120.0
135.0 126.0 30.0 123.0
129.0 128.0 30.0 123.0
130.0 131.0 31.0 125.0
128.0 135.0 31.0 125.0
129.0 134.0 31.0 125.0
126.0 130.0 31.0 128.0
124.0 126.0 32.0 130.0
122.0 121.0 31.0 128.0
122.0 120.0 30.0 123.0
120.0 112.0 31.0 128.0
115.0 110.0 30.0 123.0
115.0 112.0 31.0 125.0
114.0 114.0 30.0 123.0
114.0 112.0 31.0 128.0
110.0 111.0 31.0 128.0
110.0 111.0 31.0 125.0
113.0 107.0 31.0 128.0
113.0 104.0 31.0 128.0
110.0 101.0 31.0 125.0
104.0 95.0 31.0 128.0
100.0 90.0 32.0 130.0
102.0 88.0 32.0 133.0
109.0 93.0 32.0 133.0
111.0 95.0 32.0 133.0
118.0 97.0 31.0 128.0
121.0 96.0 32.0 130.0
120.0 93.0 32.0 133.0
120.0 95.0 31.0 128.0
119.0 97.0 31.0 125.0
119.0 99.0 31.0 125.0
121.0 100.0 31.0 128.0
121.0 104.0 31.0 128.0
124.0 106.0 32.0 130.0
127.0 109.0 31.0 125.0
130.0 109.0 31.0 125.0
135.0 110.0 31.0 125.0
136.0 111.0 31.0 125.0
136.0 114.0 31.0 125.0
133.0 116.0 31.0 125.0
134.0 118.0 31.0 125.0
133.0 118.0 32.0 130.0
135.0 117.0 32.0 133.0
139.0 120.0 31.0 128.0
139.0 123.0 31.0 125.0
140.0 124.0 31.0 125.0
140.0 124.0 31.0 125.0
136.0 125.0 31.0 128.0
127.0 131.0 31.0 128.0
122.0 134.0 32.0 130.0
123.0 135.0 31.0 128.0
122.0 131.0 32.0 130.0
124.0 128.0 32.0 130.0
124.0 126.0 32.0 130.0
122.0 125.0 32.0 130.0
122.0 123.0 31.0 128.0
121.0 121.0 32.0 130.0
121.0 120.0 32.0 133.0
117.0 121.0 32.0 133.0
112.0 120.0 33.0 135.0
111.0 117.0 34.0 138.0
111.0 118.0 33.0 135.0
110.0 118.0 33.0 135.0
108.0 116.0 32.0 133.0
106.0 119.0 32.0 130.0
105.0 123.0 32.0 130.0
108.0 126.0 32.0 130.0
110.0 125.0 32.0 133.0
112.0 125.0 32.0 133.0
114.0 124.0 32.0 133.0
118.0 124.0 32.0 130.0
119.0 125.0 32.0 130.0
113.0 125.0 32.0 130.0
112.0 124.0 32.0 133.0
113.0 127.0 32.0 133.0
114.0 130.0 33.0 135.0
114.0 131.0 32.0 133.0
112.0 130.0 33.0 135.0
111.0 130.0 33.0 135.0
108.0 130.0 33.0 135.0
107.0 132.0 32.0 133.0
111.0 134.0 32.0 130.0
112.0 134.0 32.0 130.0
110.0 135.0 32.0 133.0
108.0 136.0 32.0 133.0
107.0 131.0 34.0 138.0
106.0 126.0 34.0 138.0
105.0 126.0 32.0 133.0
103.0 121.0 34.0 138.0
100.0 121.0 33.0 135.0
95.0 120.0 33.0 135.0
