180.0 79.0 37.0 114.0
182.0 86.0 35.0 109.0
181.0 92.0 35.0 109.0
181.0 96.0 34.0 107.0
179.0 97.0 34.0 107.0
178.0 96.0 36.0 111.0
176.0 94.0 37.0 114.0
175.0 94.0 37.0 114.0
173.0 93.0 38.0 118.0
172.0 94.0 38.0 118.0
169.0 100.0 37.0 114.0
165.0 103.0 37.0 114.0
164.0 108.0 35.0 109.0
160.0 106.0 36.0 111.0
159.0 101.0 37.0 114.0
160.0 100.0 36.0 111.0
158.0 95.0 37.0 114.0
158.0 93.0 37.0 114.0
160.0 92.0 37.0 116.0
161.0 94.0 37.0 114.0
163.0 97.0 37.0 114.0
165.0 102.0 35.0 109.0
166.0 101.0 36.0 111.0
166.0 100.0 35.0 109.0
167.0 95.0 37.0 114.0
168.0 94.0 37.0 114.0
169.0 94.0 37.0 114.0
171.0 92.0 37.0 116.0
173.0 92.0 37.0 114.0
173.0 92.0 37.0 114.0
174.0 92.0 37.0 116.0
172.0 96.0 36.0 111.0
171.0 92.0 37.0 116.0
171.0 90.0 37.0 116.0
170.0 88.0 38.0 118.0
170.0 87.0 36.0 113.0
169.0 85.0 38.0 118.0
169.0 84.0 38.0 118.0
167.0 88.0 36.0 113.0
168.0 88.0 37.0 116.0
166.0 91.0 36.0 113.0
164.0 89.0 36.0 113.0
162.0 89.0 36.0 113.0
161.0 89.0 36.0 111.0
158.0 84.0 36.0 113.0
155.0 82.0 36.0 111.0
152.0 82.0 34.0 107.0
148.0 84.0 34.0 105.0
146.0 87.0 33.0 103.0
139.0 80.0 32.0 99.0
76.0 96.0 32.0 101.0
75.0 99.0 34.0 105.0
77.0 101.0 33.0 103.0
78.0 106.0 32.0 99.0
77.0 104.0 32.0 99.0
82.0 102.0 30.0 95.0
84.0 101.0 32.0 99.0
90.0 96.0 33.0 103.0
162.0 95.0 34.0 107.0
165.0 92.0 36.0 111.0
167.0 90.0 36.0 111.0
168.0 88.0 36.0 111.0
168.0 83.0 37.0 116.0
170.0 79.0 38.0 118.0
170.0 77.0 40.0 123.0
175.0 80.0 38.0 118.0
174.0 79.0 40.0 123.0
176.0 84.0 39.0 120.0
177.0 87.0 37.0 116.0
178.0 87.0 37.0 116.0
178.0 84.0 39.0 120.0
177.0 82.0 39.0 120.0
176.0 80.0 40.0 123.0
178.0 81.0 39.0 120.0
177.0 81.0 40.0 123.0
179.0 86.0 38.0 118.0
180.0 91.0 36.0 113.0
176.0 91.0 38.0 118.0
162.0 93.0 38.0 118.0
160.0 91.0 39.0 120.0
161.0 88.0 39.0 120.0
160.0 84.0 39.0 120.0
159.0 80.0 40.0 123.0
161.0 80.0 39.0 120.0
162.0 79.0 40.0 123.0
166.0 81.0 39.0 120.0
168.0 82.0 39.0 120.0
168.0 80.0 40.0 123.0
172.0 80.0 40.0 125.0
172.0 78.0 40.0 123.0
176.0 75.0 40.0 125.0
180.0 73.0 40.0 125.0
181.0 74.0 40.0 125.0
183.0 75.0 40.0 125.0
184.0 79.0 40.0 125.0
185.0 82.0 40.0 123.0
184.0 84.0 40.0 123.0
182.0 83.0 40.0 125.0
182.0 81.0 40.0 125.0
179.0 80.0 40.0 123.0
181.0 79.0 39.0 120.0
179.0 75.0 40.0 125.0
177.0 72.0 42.0 130.0
178.0 73.0 41.0 128.0
178.0 74.0 41.0 128.0
178.0 77.0 40.0 125.0
179.0 77.0 40.0 123.0
176.0 72.0 40.0 125.0
174.0 68.0 39.0 120.0
172.0 62.0 40.0 125.0
169.0 58.0 41.0 128.0
165.0 57.0 40.0 123.0
163.0 56.0 40.0 125.0
160.0 57.0 40.0 125.0
155.0 63.0 40.0 123.0
154.0 67.0 40.0 125.0
152.0 68.0 40.0 125.0
152.0 70.0 39.0 120.0
148.0 72.0 40.0 123.0
147.0 70.0 41.0 128.0
149.0 70.0 42.0 130.0
153.0 72.0 42.0 130.0
157.0 77.0 40.0 125.0
160.0 77.0 41.0 128.0
163.0 78.0 41.0 128.0
166.0 80.0 40.0 125.0
167.0 77.0 42.0 130.0
168.0 78.0 42.0 130.0
171.0 77.0 41.0 128.0
172.0 75.0 42.0 130.0
174.0 79.0 42.0 130.0
177.0 86.0 40.0 125.0
178.0 87.0 41.0 128.0
179.0 89.0 41.0 128.0
178.0 90.0 43.0 133.0
178.0 94.0 42.0 130.0
180.0 95.0 43.0 133.0
182.0 96.0 41.0 128.0
180.0 94.0 43.0 133.0
180.0 96.0 42.0 130.0
178.0 101.0 42.0 130.0
178.0 102.0 42.0 130.0
179.0 104.0 42.0 130.0
180.0 102.0 41.0 128.0
179.0 99.0 42.0 130.0
178.0 96.0 43.0 133.0
176.0 94.0 43.0 133.0
178.0 91.0 42.0 130.0
179.0 90.0 43.0 133.0
179.0 93.0 42.0 130.0
178.0 90.0 44.0 136.0
180.0 89.0 42.0 130.0
180.0 84.0 44.0 136.0
180.0 83.0 43.0 133.0
179.0 80.0 42.0 130.0
179.0 79.0 41.0 128.0
178.0 76.0 41.0 128.0
176.0 73.0 43.0 133.0
174.0 74.0 43.0 133.0
174.0 80.0 41.0 128.0
175.0 79.0 42.0 130.0
178.0 76.0 44.0 136.0
182.0 78.0 42.0 130.0
183.0 75.0 43.0 133.0
183.0 71.0 45.0 138.0
184.0 75.0 43.0 133.0
185.0 78.0 42.0 130.0
185.0 80.0 42.0 130.0
186.0 82.0 43.0 133.0
186.0 81.0 45.0 138.0
185.0 83.0 44.0 136.0
184.0 82.0 45.0 138.0
186.0 84.0 43.0 133.0
183.0 79.0 44.0 136.0
180.0 80.0 45.0 138.0
178.0 84.0 44.0 136.0
180.0 85.0 45.0 138.0
178.0 83.0 46.0 144.0
176.0 83.0 46.0 144.0
177.0 84.0 45.0 138.0
178.0 83.0 45.0 138.0
180.0 84.0 43.0 133.0
180.0 80.0 45.0 138.0
178.0 83.0 44.0 136.0
170.0 87.0 44.0 136.0
170.0 86.0 46.0 141.0
165.0 82.0 46.0 141.0
164.0 79.0 45.0 138.0
163.0 77.0 45.0 138.0
164.0 77.0 43.0 133.0
166.0 73.0 44.0 136.0
170.0 70.0 45.0 138.0
173.0 69.0 46.0 144.0
172.0 74.0 46.0 141.0
176.0 78.0 44.0 136.0
181.0 77.0 45.0 138.0
183.0 74.0 46.0 141.0
186.0 73.0 45.0 138.0
187.0 74.0 43.0 133.0
185.0 70.0 45.0 138.0
183.0 74.0 44.0 136.0
185.0 78.0 44.0 136.0
188.0 80.0 46.0 141.0
192.0 82.0 46.0 141.0
191.0 83.0 46.0 141.0
194.0 80.0 46.0 144.0
195.0 81.0 46.0 141.0
195.0 79.0 46.0 144.0
196.0 84.0 46.0 141.0
198.0 89.0 45.0 138.0
199.0 90.0 46.0 141.0
203.0 93.0 45.0 138.0
198.0 96.0 46.0 141.0
198.0 97.0 46.0 144.0
196.0 97.0 46.0 144.0
191.0 102.0 45.0 138.0
187.0 103.0 46.0 141.0
186.0 103.0 46.0 144.0
180.0 106.0 46.0 141.0
181.0 109.0 46.0 144.0
180.0 114.0 46.0 141.0
181.0 111.0 46.0 144.0
179.0 105.0 47.0 147.0
178.0 101.0 47.0 147.0
176.0 95.0 47.0 147.0
177.0 93.0 46.0 144.0
175.0 87.0 47.0 147.0
170.0 84.0 46.0 144.0
170.0 86.0 47.0 147.0
168.0 86.0 48.0 150.0
168.0 89.0 46.0 144.0
164.0 88.0 46.0 144.0
163.0 88.0 46.0 141.0
164.0 82.0 46.0 144.0
164.0 80.0 46.0 141.0
161.0 75.0 46.0 144.0
155.0 72.0 46.0 141.0
153.0 66.0 46.0 144.0
156.0 66.0 46.0 144.0
164.0 70.0 46.0 144.0
166.0 71.0 47.0 147.0
170.0 70.0 48.0 150.0
177.0 72.0 46.0 144.0
177.0 71.0 46.0 141.0
177.0 68.0 47.0 147.0
176.0 68.0 47.0 147.0
173.0 68.0 48.0 150.0
175.0 71.0 48.0 150.0
176.0 77.0 47.0 147.0
178.0 78.0 49.0 153.0
178.0 80.0 48.0 150.0
182.0 81.0 47.0 147.0
184.0 79.0 48.0 150.0
185.0 79.0 48.0 150.0
186.0 85.0 47.0 147.0
184.0 86.0 47.0 147.0
184.0 87.0 48.0 150.0
184.0 90.0 48.0 150.0
187.0 90.0 48.0 150.0
191.0 94.0 46.0 144.0
193.0 95.0 46.0 144.0
194.0 97.0 45.0 138.0
193.0 97.0 46.0 141.0
188.0 96.0 47.0 147.0
177.0 104.0 46.0 141.0
173.0 110.0 46.0 141.0
172.0 112.0 46.0 141.0
172.0 109.0 47.0 147.0
172.0 107.0 46.0 144.0
172.0 102.0 47.0 147.0
167.0 102.0 46.0 141.0
167.0 96.0 47.0 147.0
167.0 93.0 47.0 147.0
167.0 94.0 47.0 147.0
162.0 99.0 46.0 141.0
158.0 98.0 46.0 144.0
156.0 95.0 48.0 150.0
155.0 94.0 48.0 150.0
156.0 95.0 46.0 144.0
155.0 92.0 46.0 144.0
154.0 91.0 46.0 144.0
150.0 90.0 48.0 150.0
153.0 95.0 47.0 147.0
156.0 100.0 46.0 144.0
158.0 103.0 47.0 147.0
159.0 102.0 48.0 150.0
161.0 101.0 48.0 150.0
161.0 102.0 47.0 147.0
155.0 101.0 46.0 141.0
155.0 100.0 45.0 138.0
156.0 102.0 45.0 138.0
155.0 105.0 46.0 141.0
158.0 111.0 44.0 136.0
155.0 111.0 45.0 138.0
154.0 112.0 46.0 141.0
153.0 113.0 45.0 138.0
152.0 112.0 46.0 141.0
156.0 107.0 46.0 144.0
158.0 104.0 47.0 147.0
156.0 106.0 46.0 141.0
154.0 107.0 46.0 144.0
153.0 106.0 47.0 147.0
150.0 102.0 49.0 153.0
148.0 104.0 48.0 150.0
148.0 104.0 47.0 147.0
143.0 97.0 48.0 150.0
139.0 96.0 47.0 147.0
