136.0 35.0 52.0 182.0
134.0 35.0 50.0 178.0
129.0 30.0 52.0 182.0
129.0 29.0 49.0 174.0
126.0 28.0 49.0 171.0
126.0 30.0 47.0 164.0
120.0 28.0 48.0 168.0
114.0 34.0 48.0 168.0
118.0 35.0 49.0 171.0
121.0 33.0 48.0 168.0
122.0 33.0 49.0 171.0
122.0 37.0 48.0 168.0
123.0 39.0 48.0 168.0
126.0 41.0 49.0 171.0
126.0 34.0 50.0 178.0
125.0 28.0 53.0 185.0
128.0 30.0 51.0 181.0
139.0 32.0 50.0 178.0
141.0 31.0 51.0 181.0
144.0 30.0 51.0 181.0
147.0 27.0 54.0 189.0
150.0 28.0 54.0 189.0
151.0 29.0 54.0 189.0
153.0 29.0 54.0 189.0
154.0 28.0 55.0 193.0
154.0 25.0 56.0 197.0
155.0 26.0 56.0 197.0
157.0 17.0 58.0 204.0
152.0 7.0 60.0 213.0
158.0 11.0 59.0 209.0
156.0 3.0 60.0 213.0
161.0 7.0 60.0 213.0
159.0 15.0 58.0 204.0
162.0 21.0 57.0 200.0
161.0 20.0 58.0 204.0
160.0 23.0 57.0 200.0
160.0 23.0 57.0 200.0
162.0 22.0 57.0 200.0
161.0 21.0 58.0 204.0
160.0 21.0 58.0 204.0
158.0 22.0 58.0 204.0
156.0 17.0 60.0 213.0
157.0 23.0 58.0 204.0
156.0 17.0 60.0 213.0
157.0 24.0 58.0 204.0
158.0 26.0 58.0 204.0
158.0 29.0 57.0 200.0
159.0 30.0 57.0 200.0
160.0 33.0 56.0 197.0
164.0 29.0 58.0 204.0
165.0 30.0 58.0 204.0
167.0 27.0 59.0 209.0
169.0 25.0 59.0 209.0
168.0 14.0 62.0 217.0
169.0 12.0 63.0 221.0
169.0 14.0 63.0 221.0
170.0 22.0 60.0 213.0
171.0 30.0 58.0 204.0
168.0 31.0 58.0 204.0
160.0 33.0 57.0 200.0
154.0 33.0 57.0 200.0
153.0 27.0 58.0 204.0
156.0 23.0 58.0 204.0
157.0 24.0 58.0 204.0
160.0 25.0 58.0 204.0
168.0 21.0 59.0 209.0
164.0 19.0 60.0 213.0
159.0 13.0 62.0 217.0
161.0 7.0 63.0 221.0
164.0 7.0 62.0 217.0
162.0 3.0 63.0 221.0
163.0 -9.0 65.0 230.0
164.0 -13.0 65.0 230.0
163.0 -19.0 66.0 233.0
165.0 -25.0 66.0 233.0
164.0 -28.0 66.0 233.0
164.0 -31.0 66.0 233.0
166.0 -36.0 66.0 233.0
164.0 -37.0 66.0 233.0
166.0 -40.0 66.0 233.0
164.0 -40.0 66.0 233.0
162.0 -39.0 66.0 233.0
165.0 -45.0 66.0 233.0
138.0 -32.0 66.0 233.0
140.0 -33.0 66.0 233.0
140.0 -34.0 66.0 233.0
138.0 -38.0 66.0 233.0
137.0 -40.0 66.0 233.0
141.0 -48.0 66.0 233.0
143.0 -52.0 66.0 233.0
168.0 -58.0 66.0 233.0
148.0 -57.0 66.0 233.0
143.0 -58.0 66.0 233.0
144.0 -57.0 66.0 233.0
143.0 -57.0 66.0 233.0
162.0 -56.0 66.0 233.0
162.0 -55.0 66.0 233.0
162.0 -56.0 66.0 233.0
159.0 -56.0 66.0 233.0
161.0 -57.0 66.0 233.0
158.0 -57.0 66.0 233.0
161.0 -59.0 66.0 233.0
161.0 -60.0 66.0 233.0
159.0 -60.0 66.0 233.0
159.0 -60.0 66.0 233.0
160.0 -60.0 66.0 233.0
160.0 -60.0 66.0 233.0
161.0 -60.0 66.0 233.0
164.0 -62.0 66.0 233.0
163.0 -61.0 66.0 233.0
163.0 -61.0 66.0 233.0
162.0 -61.0 66.0 233.0
161.0 -61.0 66.0 233.0
163.0 -61.0 66.0 233.0
163.0 -61.0 66.0 233.0
162.0 -61.0 66.0 233.0
164.0 -61.0 66.0 233.0
163.0 -61.0 66.0 233.0
163.0 -62.0 66.0 233.0
164.0 -62.0 66.0 233.0
164.0 -63.0 66.0 233.0
165.0 -63.0 66.0 233.0
