298.0 149.0 67.0 122.0
296.0 147.0 68.0 124.0
297.0 148.0 67.0 122.0
295.0 146.0 68.0 124.0
297.0 148.0 65.0 119.0
296.0 148.0 65.0 119.0
295.0 148.0 64.0 117.0
294.0 148.0 64.0 117.0
293.0 151.0 63.0 114.0
292.0 150.0 63.0 114.0
292.0 150.0 61.0 112.0
306.0 150.0 64.0 117.0
284.0 147.0 63.0 114.0
284.0 145.0 65.0 119.0
282.0 144.0 64.0 117.0
280.0 144.0 65.0 119.0
278.0 146.0 63.0 114.0
275.0 146.0 63.0 114.0
270.0 146.0 60.0 110.0
268.0 146.0 59.0 108.0
265.0 147.0 57.0 104.0
262.0 146.0 58.0 106.0
263.0 147.0 59.0 108.0
260.0 148.0 58.0 106.0
257.0 148.0 56.0 102.0
254.0 146.0 58.0 106.0
253.0 146.0 57.0 104.0
250.0 145.0 57.0 104.0
247.0 145.0 56.0 102.0
246.0 145.0 54.0 100.0
243.0 144.0 54.0 100.0
242.0 146.0 52.0 96.0
239.0 145.0 53.0 98.0
238.0 146.0 51.0 94.0
236.0 148.0 49.0 90.0
235.0 147.0 47.0 87.0
233.0 146.0 48.0 88.0
232.0 145.0 49.0 90.0
230.0 145.0 48.0 88.0
229.0 146.0 46.0 85.0
228.0 146.0 45.0 83.0
226.0 145.0 45.0 82.0
225.0 144.0 46.0 85.0
224.0 145.0 45.0 83.0
221.0 144.0 44.0 80.0
221.0 143.0 45.0 83.0
219.0 142.0 44.0 80.0
219.0 143.0 42.0 77.0
217.0 142.0 43.0 78.0
215.0 140.0 45.0 82.0
215.0 141.0 45.0 83.0
214.0 141.0 45.0 83.0
212.0 140.0 45.0 83.0
211.0 139.0 45.0 83.0
209.0 139.0 45.0 82.0
208.0 140.0 45.0 83.0
206.0 140.0 45.0 83.0
206.0 140.0 45.0 83.0
204.0 140.0 45.0 83.0
204.0 140.0 45.0 83.0
203.0 139.0 45.0 82.0
202.0 139.0 44.0 80.0
202.0 139.0 45.0 83.0
201.0 138.0 44.0 80.0
201.0 137.0 45.0 82.0
200.0 137.0 46.0 85.0
200.0 137.0 45.0 83.0
199.0 136.0 45.0 82.0
199.0 135.0 44.0 80.0
199.0 135.0 45.0 82.0
198.0 135.0 45.0 82.0
198.0 135.0 46.0 85.0
199.0 136.0 45.0 83.0
198.0 135.0 45.0 83.0
198.0 134.0 45.0 83.0
197.0 133.0 45.0 83.0
196.0 132.0 45.0 82.0
195.0 131.0 45.0 82.0
195.0 131.0 46.0 85.0
194.0 130.0 45.0 82.0
194.0 131.0 46.0 85.0
195.0 131.0 45.0 83.0
194.0 129.0 45.0 83.0
192.0 126.0 45.0 82.0
192.0 126.0 46.0 85.0
192.0 125.0 46.0 85.0
191.0 124.0 46.0 85.0
189.0 124.0 46.0 85.0
189.0 121.0 45.0 82.0
188.0 124.0 46.0 85.0
185.0 122.0 48.0 88.0
184.0 122.0 47.0 87.0
183.0 120.0 49.0 90.0
182.0 121.0 49.0 90.0
181.0 123.0 47.0 87.0
179.0 122.0 48.0 88.0
178.0 122.0 48.0 88.0
176.0 121.0 49.0 90.0
174.0 120.0 49.0 90.0
170.0 117.0 51.0 94.0
167.0 116.0 52.0 96.0
164.0 113.0 53.0 98.0
158.0 111.0 56.0 102.0
155.0 111.0 56.0 102.0
151.0 110.0 56.0 102.0
147.0 109.0 56.0 102.0
142.0 107.0 58.0 106.0
138.0 105.0 59.0 108.0
136.0 106.0 57.0 104.0
131.0 104.0 57.0 104.0
127.0 103.0 59.0 108.0
123.0 102.0 59.0 108.0
118.0 101.0 60.0 110.0
115.0 100.0 61.0 112.0
112.0 99.0 61.0 112.0
108.0 98.0 63.0 114.0
104.0 97.0 63.0 114.0
102.0 97.0 61.0 112.0
98.0 96.0 63.0 114.0
95.0 95.0 63.0 114.0
90.0 93.0 65.0 119.0
88.0 92.0 65.0 119.0
84.0 91.0 66.0 121.0
81.0 90.0 66.0 121.0
79.0 89.0 66.0 121.0
76.0 86.0 68.0 124.0
74.0 86.0 68.0 124.0
73.0 85.0 69.0 126.0
72.0 84.0 69.0 126.0
73.0 87.0 66.0 121.0
71.0 82.0 68.0 124.0
70.0 83.0 69.0 126.0
70.0 84.0 68.0 124.0
68.0 82.0 71.0 129.0
69.0 83.0 68.0 124.0
69.0 83.0 69.0 126.0
68.0 82.0 71.0 129.0
70.0 83.0 69.0 126.0
71.0 83.0 69.0 126.0
72.0 84.0 69.0 126.0
73.0 85.0 69.0 126.0
72.0 83.0 72.0 132.0
75.0 85.0 71.0 129.0
77.0 87.0 68.0 124.0
78.0 87.0 69.0 126.0
80.0 88.0 69.0 126.0
81.0 88.0 69.0 126.0
83.0 89.0 69.0 126.0
84.0 90.0 69.0 126.0
85.0 91.0 71.0 129.0
88.0 93.0 69.0 126.0
90.0 94.0 69.0 126.0
91.0 95.0 69.0 126.0
93.0 97.0 68.0 124.0
97.0 98.0 69.0 126.0
105.0 103.0 66.0 121.0
111.0 106.0 64.0 117.0
119.0 109.0 63.0 114.0
126.0 112.0 60.0 110.0
133.0 115.0 58.0 106.0
138.0 116.0 58.0 106.0
144.0 119.0 56.0 102.0
150.0 121.0 53.0 98.0
155.0 122.0 53.0 98.0
160.0 125.0 51.0 94.0
164.0 127.0 50.0 92.0
169.0 129.0 49.0 90.0
173.0 130.0 48.0 88.0
177.0 132.0 47.0 87.0
181.0 134.0 46.0 85.0
185.0 135.0 45.0 83.0
186.0 134.0 47.0 87.0
188.0 134.0 47.0 87.0
190.0 135.0 47.0 87.0
194.0 138.0 45.0 83.0
197.0 139.0 45.0 83.0
199.0 139.0 45.0 83.0
200.0 139.0 46.0 85.0
204.0 141.0 45.0 83.0
206.0 142.0 45.0 83.0
209.0 143.0 45.0 83.0
211.0 144.0 45.0 83.0
214.0 144.0 45.0 83.0
216.0 145.0 45.0 83.0
218.0 146.0 45.0 83.0
221.0 147.0 45.0 83.0
223.0 147.0 45.0 83.0
225.0 147.0 45.0 83.0
228.0 148.0 45.0 83.0
230.0 148.0 45.0 83.0
231.0 148.0 44.0 80.0
234.0 149.0 45.0 83.0
235.0 149.0 44.0 80.0
238.0 149.0 44.0 80.0
240.0 149.0 44.0 80.0
242.0 149.0 44.0 80.0
243.0 149.0 44.0 80.0
245.0 149.0 44.0 80.0
247.0 149.0 44.0 80.0
248.0 149.0 45.0 83.0
250.0 149.0 44.0 80.0
252.0 149.0 44.0 80.0
254.0 149.0 44.0 80.0
257.0 151.0 43.0 78.0
260.0 151.0 42.0 77.0
261.0 150.0 43.0 78.0
262.0 149.0 44.0 80.0
264.0 148.0 44.0 80.0
266.0 148.0 44.0 80.0
268.0 149.0 43.0 78.0
269.0 148.0 44.0 80.0
272.0 148.0 43.0 78.0
273.0 148.0 43.0 78.0
275.0 147.0 43.0 78.0
276.0 146.0 44.0 80.0
277.0 146.0 44.0 80.0
279.0 146.0 44.0 80.0
280.0 145.0 44.0 80.0
282.0 145.0 44.0 80.0
283.0 145.0 44.0 80.0
284.0 144.0 44.0 80.0
286.0 144.0 44.0 80.0
287.0 144.0 44.0 80.0
288.0 143.0 44.0 80.0
288.0 143.0 44.0 80.0
290.0 143.0 44.0 80.0
291.0 142.0 44.0 80.0
291.0 142.0 44.0 80.0
293.0 142.0 44.0 80.0
293.0 142.0 44.0 80.0
294.0 141.0 45.0 82.0
295.0 141.0 45.0 83.0
297.0 142.0 44.0 80.0
297.0 141.0 45.0 82.0
297.0 141.0 45.0 82.0
296.0 141.0 46.0 85.0
297.0 142.0 45.0 83.0
296.0 141.0 45.0 83.0
297.0 141.0 45.0 83.0
296.0 141.0 45.0 82.0
295.0 141.0 45.0 83.0
294.0 140.0 45.0 82.0
293.0 140.0 45.0 82.0
292.0 140.0 45.0 83.0
290.0 139.0 46.0 85.0
288.0 140.0 46.0 85.0
286.0 139.0 46.0 85.0
285.0 140.0 45.0 83.0
283.0 140.0 45.0 83.0
279.0 138.0 47.0 87.0
278.0 139.0 46.0 85.0
274.0 138.0 47.0 87.0
271.0 137.0 48.0 88.0
270.0 137.0 47.0 87.0
268.0 137.0 47.0 87.0
264.0 136.0 48.0 88.0
262.0 136.0 47.0 87.0
258.0 135.0 49.0 90.0
256.0 136.0 47.0 87.0
253.0 136.0 47.0 87.0
249.0 135.0 48.0 88.0
247.0 135.0 48.0 88.0
244.0 134.0 48.0 88.0
241.0 133.0 49.0 90.0
236.0 132.0 50.0 92.0
233.0 131.0 50.0 92.0
230.0 131.0 50.0 92.0
226.0 130.0 51.0 94.0
223.0 129.0 51.0 94.0
219.0 129.0 51.0 94.0
215.0 128.0 52.0 96.0
211.0 127.0 52.0 96.0
207.0 126.0 53.0 98.0
203.0 125.0 53.0 98.0
199.0 124.0 53.0 98.0
193.0 123.0 54.0 100.0
187.0 120.0 57.0 104.0
183.0 120.0 56.0 102.0
178.0 119.0 57.0 104.0
172.0 117.0 58.0 106.0
166.0 116.0 58.0 106.0
159.0 114.0 60.0 110.0
155.0 115.0 58.0 106.0
149.0 112.0 60.0 110.0
143.0 111.0 60.0 110.0
138.0 111.0 60.0 110.0
134.0 110.0 61.0 112.0
127.0 108.0 63.0 114.0
122.0 107.0 63.0 114.0
115.0 105.0 64.0 117.0
109.0 105.0 64.0 117.0
103.0 104.0 65.0 119.0
97.0 103.0 65.0 119.0
88.0 99.0 68.0 124.0
82.0 98.0 68.0 124.0
76.0 96.0 69.0 126.0
69.0 96.0 69.0 126.0
63.0 94.0 71.0 129.0
57.0 93.0 71.0 129.0
52.0 92.0 71.0 129.0
46.0 90.0 72.0 132.0
40.0 88.0 73.0 134.0
34.0 85.0 76.0 140.0
31.0 87.0 73.0 134.0
25.0 84.0 76.0 140.0
18.0 82.0 78.0 142.0
15.0 83.0 76.0 140.0
7.0 80.0 80.0 145.0
4.0 80.0 80.0 145.0
-2.0 79.0 80.0 145.0
-10.0 76.0 83.0 151.0
-13.0 74.0 81.0 148.0
-18.0 74.0 81.0 148.0
-22.0 73.0 83.0 151.0
-26.0 72.0 81.0 148.0
-32.0 68.0 84.0 154.0
-39.0 67.0 86.0 157.0
-37.0 68.0 83.0 151.0
-46.0 65.0 86.0 157.0
-46.0 64.0 84.0 154.0
-48.0 63.0 86.0 157.0
-49.0 63.0 86.0 157.0
-48.0 63.0 84.0 154.0
-53.0 61.0 86.0 157.0
-55.0 60.0 88.0 160.0
-54.0 62.0 86.0 157.0
-54.0 62.0 84.0 154.0
-59.0 60.0 88.0 160.0
-58.0 61.0 86.0 157.0
-55.0 66.0 83.0 151.0
-59.0 63.0 86.0 157.0
-54.0 64.0 83.0 151.0
-57.0 63.0 86.0 157.0
-55.0 63.0 86.0 157.0
-53.0 64.0 86.0 157.0
-51.0 64.0 86.0 157.0
-50.0 64.0 88.0 160.0
-46.0 66.0 86.0 157.0
-45.0 66.0 88.0 160.0
-41.0 67.0 88.0 160.0
-32.0 71.0 84.0 154.0
-32.0 69.0 88.0 160.0
-20.0 73.0 86.0 157.0
-9.0 75.0 84.0 154.0
3.0 79.0 83.0 151.0
14.0 82.0 81.0 148.0
26.0 86.0 78.0 142.0
38.0 91.0 75.0 137.0
48.0 94.0 75.0 137.0
60.0 96.0 73.0 134.0
69.0 98.0 73.0 134.0
78.0 101.0 72.0 132.0
87.0 103.0 72.0 132.0
97.0 107.0 69.0 126.0
106.0 109.0 69.0 126.0
114.0 111.0 68.0 124.0
123.0 113.0 68.0 124.0
133.0 117.0 66.0 121.0
142.0 119.0 65.0 119.0
151.0 121.0 65.0 119.0
161.0 124.0 63.0 114.0
170.0 127.0 61.0 112.0
179.0 129.0 59.0 108.0
187.0 132.0 57.0 104.0
194.0 133.0 58.0 106.0
201.0 134.0 58.0 106.0
