51.0 53.0 87.0 290.0
53.0 52.0 87.0 290.0
58.0 55.0 85.0 284.0
60.0 55.0 85.0 284.0
63.0 55.0 85.0 284.0
66.0 55.0 85.0 284.0
69.0 55.0 85.0 284.0
73.0 58.0 83.0 278.0
76.0 57.0 83.0 278.0
79.0 60.0 81.0 273.0
83.0 60.0 81.0 273.0
85.0 57.0 83.0 278.0
88.0 57.0 83.0 278.0
91.0 57.0 83.0 278.0
94.0 57.0 83.0 278.0
97.0 57.0 83.0 278.0
100.0 60.0 81.0 273.0
103.0 60.0 81.0 273.0
106.0 60.0 81.0 273.0
109.0 64.0 80.0 267.0
112.0 66.0 78.0 262.0
115.0 66.0 78.0 262.0
118.0 66.0 78.0 262.0
120.0 66.0 78.0 262.0
123.0 66.0 78.0 262.0
125.0 66.0 78.0 262.0
129.0 69.0 77.0 257.0
132.0 71.0 75.0 252.0
134.0 69.0 77.0 257.0
137.0 69.0 77.0 257.0
139.0 68.0 77.0 257.0
141.0 68.0 77.0 257.0
144.0 69.0 75.0 252.0
147.0 69.0 75.0 252.0
149.0 69.0 75.0 252.0
152.0 71.0 74.0 247.0
154.0 68.0 75.0 252.0
157.0 68.0 75.0 252.0
159.0 68.0 75.0 252.0
161.0 68.0 75.0 252.0
164.0 71.0 74.0 247.0
166.0 70.0 74.0 247.0
169.0 72.0 72.0 242.0
170.0 70.0 74.0 247.0
172.0 72.0 72.0 242.0
175.0 72.0 72.0 242.0
176.0 71.0 72.0 242.0
178.0 71.0 72.0 242.0
180.0 71.0 72.0 242.0
184.0 74.0 71.0 237.0
187.0 76.0 69.0 233.0
189.0 76.0 69.0 233.0
189.0 74.0 71.0 237.0
191.0 74.0 71.0 237.0
192.0 70.0 72.0 242.0
196.0 75.0 69.0 233.0
198.0 76.0 68.0 228.0
199.0 76.0 68.0 228.0
201.0 76.0 68.0 228.0
203.0 74.0 69.0 233.0
205.0 74.0 69.0 233.0
206.0 76.0 68.0 228.0
207.0 76.0 68.0 228.0
209.0 76.0 68.0 228.0
212.0 77.0 67.0 224.0
213.0 77.0 67.0 224.0
214.0 77.0 67.0 224.0
216.0 77.0 67.0 224.0
219.0 80.0 65.0 219.0
221.0 84.0 63.0 211.0
223.0 84.0 63.0 211.0
223.0 82.0 64.0 215.0
225.0 84.0 63.0 211.0
226.0 83.0 63.0 211.0
227.0 83.0 63.0 211.0
229.0 83.0 63.0 211.0
231.0 82.0 63.0 211.0
232.0 82.0 63.0 211.0
232.0 80.0 64.0 215.0
235.0 84.0 62.0 207.0
236.0 84.0 62.0 207.0
237.0 83.0 62.0 207.0
239.0 83.0 62.0 207.0
240.0 83.0 62.0 207.0
242.0 85.0 60.0 203.0
243.0 85.0 60.0 203.0
244.0 84.0 60.0 203.0
245.0 84.0 60.0 203.0
246.0 84.0 60.0 203.0
248.0 86.0 59.0 199.0
249.0 85.0 59.0 199.0
249.0 85.0 59.0 199.0
250.0 85.0 59.0 199.0
251.0 85.0 59.0 199.0
252.0 85.0 59.0 199.0
254.0 88.0 58.0 195.0
255.0 87.0 58.0 195.0
256.0 87.0 58.0 195.0
257.0 87.0 58.0 195.0
257.0 87.0 58.0 195.0
257.0 84.0 59.0 199.0
260.0 87.0 58.0 195.0
260.0 83.0 59.0 199.0
262.0 88.0 57.0 191.0
264.0 88.0 57.0 191.0
264.0 86.0 58.0 195.0
266.0 90.0 56.0 187.0
268.0 90.0 56.0 187.0
268.0 92.0 55.0 183.0
270.0 90.0 56.0 187.0
270.0 92.0 55.0 183.0
272.0 91.0 55.0 183.0
273.0 91.0 55.0 183.0
273.0 91.0 55.0 183.0
273.0 92.0 54.0 180.0
273.0 90.0 55.0 183.0
274.0 91.0 54.0 180.0
274.0 90.0 54.0 180.0
275.0 89.0 54.0 180.0
275.0 89.0 54.0 180.0
276.0 88.0 54.0 180.0
275.0 88.0 54.0 180.0
275.0 87.0 54.0 180.0
275.0 87.0 54.0 180.0
275.0 87.0 54.0 180.0
275.0 85.0 55.0 183.0
275.0 84.0 55.0 183.0
275.0 84.0 55.0 183.0
275.0 84.0 55.0 183.0
277.0 87.0 53.0 176.0
277.0 86.0 53.0 176.0
277.0 86.0 53.0 176.0
277.0 86.0 53.0 176.0
277.0 85.0 53.0 176.0
278.0 83.0 53.0 176.0
280.0 88.0 50.0 169.0
284.0 90.0 49.0 166.0
283.0 87.0 51.0 173.0
283.0 84.0 53.0 176.0
285.0 85.0 51.0 173.0
285.0 86.0 50.0 169.0
285.0 82.0 53.0 176.0
286.0 84.0 51.0 173.0
287.0 86.0 50.0 169.0
288.0 87.0 50.0 169.0
289.0 87.0 50.0 169.0
291.0 88.0 50.0 169.0
292.0 84.0 53.0 176.0
294.0 88.0 50.0 169.0
297.0 90.0 49.0 166.0
297.0 86.0 51.0 173.0
300.0 90.0 49.0 166.0
300.0 86.0 51.0 173.0
302.0 90.0 49.0 166.0
302.0 93.0 48.0 160.0
304.0 91.0 49.0 166.0
304.0 92.0 48.0 163.0
304.0 92.0 48.0 163.0
305.0 92.0 48.0 163.0
305.0 92.0 48.0 163.0
306.0 92.0 48.0 163.0
306.0 93.0 48.0 160.0
307.0 92.0 48.0 160.0
307.0 92.0 48.0 160.0
307.0 92.0 48.0 160.0
308.0 90.0 48.0 163.0
308.0 91.0 48.0 160.0
309.0 91.0 48.0 160.0
309.0 91.0 48.0 160.0
309.0 91.0 48.0 160.0
310.0 90.0 48.0 160.0
312.0 95.0 46.0 153.0
313.0 92.0 47.0 156.0
313.0 94.0 45.0 150.0
314.0 93.0 46.0 153.0
315.0 94.0 45.0 150.0
315.0 94.0 45.0 150.0
316.0 94.0 45.0 150.0
317.0 93.0 45.0 150.0
317.0 93.0 45.0 150.0
319.0 96.0 43.0 145.0
319.0 93.0 45.0 150.0
319.0 94.0 44.0 147.0
320.0 94.0 44.0 147.0
322.0 96.0 43.0 145.0
321.0 92.0 45.0 150.0
323.0 95.0 43.0 145.0
324.0 95.0 43.0 145.0
324.0 95.0 43.0 145.0
325.0 95.0 43.0 145.0
326.0 95.0 43.0 145.0
326.0 95.0 43.0 145.0
327.0 96.0 42.0 142.0
328.0 100.0 40.0 136.0
329.0 99.0 41.0 139.0
329.0 99.0 41.0 139.0
329.0 97.0 42.0 142.0
331.0 99.0 41.0 139.0
331.0 100.0 40.0 136.0
332.0 99.0 40.0 136.0
332.0 100.0 40.0 136.0
332.0 99.0 40.0 136.0
333.0 99.0 40.0 136.0
333.0 99.0 40.0 136.0
333.0 101.0 40.0 133.0
333.0 101.0 40.0 133.0
334.0 101.0 40.0 133.0
334.0 100.0 40.0 133.0
336.0 101.0 39.0 131.0
335.0 100.0 40.0 133.0
335.0 100.0 40.0 133.0
336.0 101.0 39.0 131.0
335.0 99.0 40.0 133.0
337.0 100.0 39.0 131.0
337.0 102.0 38.0 128.0
336.0 99.0 40.0 133.0
337.0 100.0 39.0 131.0
338.0 102.0 37.0 126.0
339.0 101.0 37.0 126.0
338.0 100.0 38.0 128.0
338.0 99.0 39.0 131.0
339.0 101.0 37.0 126.0
338.0 98.0 39.0 131.0
339.0 100.0 37.0 126.0
340.0 100.0 37.0 126.0
340.0 100.0 37.0 126.0
340.0 100.0 37.0 126.0
340.0 100.0 37.0 126.0
340.0 100.0 37.0 126.0
340.0 100.0 37.0 126.0
341.0 102.0 37.0 123.0
341.0 99.0 37.0 126.0
341.0 99.0 37.0 126.0
341.0 102.0 36.0 121.0
341.0 102.0 36.0 121.0
341.0 102.0 36.0 121.0
341.0 102.0 36.0 121.0
343.0 103.0 35.0 118.0
341.0 102.0 36.0 121.0
341.0 102.0 36.0 121.0
341.0 101.0 36.0 121.0
341.0 101.0 36.0 121.0
341.0 101.0 36.0 121.0
341.0 101.0 36.0 121.0
342.0 103.0 34.0 116.0
343.0 103.0 35.0 118.0
343.0 103.0 35.0 118.0
343.0 103.0 35.0 118.0
343.0 104.0 34.0 116.0
342.0 105.0 34.0 114.0
342.0 105.0 34.0 114.0
342.0 105.0 34.0 114.0
342.0 105.0 34.0 114.0
342.0 105.0 34.0 114.0
342.0 105.0 34.0 114.0
342.0 105.0 34.0 114.0
342.0 105.0 34.0 114.0
342.0 105.0 34.0 114.0
342.0 105.0 34.0 114.0
342.0 105.0 34.0 114.0
342.0 105.0 34.0 114.0
343.0 109.0 32.0 109.0
344.0 109.0 32.0 109.0
344.0 109.0 32.0 109.0
345.0 111.0 31.0 105.0
345.0 111.0 31.0 105.0
345.0 111.0 31.0 105.0
345.0 111.0 31.0 105.0
345.0 112.0 31.0 103.0
345.0 111.0 31.0 103.0
346.0 111.0 31.0 103.0
346.0 111.0 31.0 103.0
346.0 111.0 31.0 103.0
346.0 111.0 31.0 103.0
346.0 111.0 31.0 103.0
346.0 111.0 31.0 103.0
346.0 111.0 31.0 103.0
346.0 110.0 31.0 103.0
346.0 111.0 30.0 101.0
346.0 111.0 30.0 101.0
346.0 111.0 30.0 101.0
347.0 113.0 29.0 97.0
347.0 112.0 29.0 97.0
347.0 111.0 30.0 101.0
348.0 112.0 29.0 99.0
348.0 111.0 29.0 99.0
348.0 112.0 29.0 97.0
348.0 112.0 29.0 97.0
348.0 112.0 29.0 97.0
348.0 112.0 29.0 97.0
348.0 112.0 29.0 97.0
348.0 113.0 28.0 95.0
348.0 112.0 29.0 97.0
348.0 113.0 28.0 95.0
349.0 113.0 28.0 95.0
349.0 114.0 28.0 93.0
349.0 113.0 28.0 95.0
349.0 114.0 28.0 93.0
349.0 112.0 28.0 95.0
349.0 112.0 28.0 95.0
349.0 112.0 28.0 95.0
349.0 112.0 28.0 95.0
349.0 112.0 28.0 95.0
350.0 114.0 27.0 91.0
350.0 114.0 27.0 91.0
350.0 114.0 27.0 91.0
350.0 114.0 27.0 91.0
350.0 114.0 27.0 91.0
350.0 114.0 27.0 91.0
350.0 114.0 27.0 91.0
350.0 114.0 27.0 90.0
350.0 114.0 27.0 90.0
350.0 114.0 27.0 90.0
350.0 114.0 27.0 90.0
350.0 114.0 27.0 90.0
349.0 114.0 26.0 88.0
349.0 113.0 27.0 90.0
349.0 113.0 27.0 90.0
349.0 113.0 27.0 90.0
350.0 115.0 25.0 86.0
349.0 114.0 26.0 88.0
348.0 114.0 26.0 88.0
348.0 114.0 26.0 88.0
349.0 116.0 25.0 84.0
349.0 115.0 25.0 86.0
349.0 115.0 25.0 86.0
349.0 115.0 25.0 86.0
349.0 115.0 25.0 86.0
349.0 115.0 25.0 86.0
349.0 117.0 24.0 83.0
349.0 117.0 24.0 83.0
349.0 115.0 25.0 84.0
349.0 117.0 24.0 83.0
349.0 115.0 25.0 84.0
349.0 115.0 25.0 84.0
348.0 115.0 25.0 84.0
348.0 117.0 24.0 81.0
348.0 117.0 24.0 81.0
348.0 117.0 24.0 81.0
348.0 117.0 24.0 81.0
348.0 117.0 24.0 81.0
348.0 117.0 24.0 81.0
348.0 117.0 24.0 81.0
348.0 117.0 24.0 81.0
349.0 117.0 24.0 81.0
349.0 117.0 24.0 80.0
349.0 117.0 24.0 81.0
349.0 117.0 24.0 81.0
349.0 117.0 24.0 80.0
349.0 117.0 24.0 80.0
351.0 119.0 23.0 78.0
