289.0 67.0 64.0 236.0
286.0 67.0 64.0 236.0
285.0 67.0 64.0 236.0
283.0 67.0 64.0 236.0
282.0 70.0 62.0 231.0
278.0 72.0 62.0 231.0
276.0 77.0 60.0 222.0
272.0 81.0 59.0 218.0
268.0 80.0 60.0 222.0
265.0 86.0 59.0 218.0
260.0 89.0 60.0 222.0
253.0 89.0 62.0 231.0
251.0 95.0 60.0 222.0
247.0 93.0 61.0 226.0
240.0 102.0 59.0 218.0
241.0 107.0 56.0 209.0
250.0 106.0 55.0 205.0
251.0 105.0 54.0 201.0
252.0 98.0 56.0 209.0
253.0 94.0 57.0 213.0
257.0 90.0 57.0 213.0
255.0 94.0 55.0 205.0
250.0 96.0 54.0 201.0
247.0 97.0 54.0 201.0
248.0 96.0 56.0 209.0
245.0 99.0 57.0 213.0
257.0 94.0 60.0 222.0
264.0 92.0 61.0 226.0
267.0 86.0 63.0 235.0
266.0 80.0 66.0 245.0
266.0 78.0 66.0 245.0
270.0 80.0 65.0 240.0
287.0 77.0 62.0 231.0
290.0 69.0 62.0 231.0
274.0 68.0 63.0 235.0
270.0 69.0 62.0 231.0
270.0 57.0 65.0 240.0
269.0 61.0 63.0 235.0
274.0 66.0 63.0 235.0
273.0 68.0 63.0 235.0
276.0 71.0 63.0 235.0
279.0 75.0 61.0 226.0
286.0 72.0 62.0 231.0
291.0 74.0 61.0 226.0
286.0 75.0 61.0 226.0
290.0 75.0 61.0 226.0
320.0 89.0 59.0 218.0
318.0 88.0 59.0 218.0
312.0 85.0 60.0 222.0
306.0 82.0 62.0 231.0
300.0 81.0 62.0 231.0
302.0 83.0 61.0 226.0
298.0 85.0 60.0 222.0
285.0 78.0 62.0 231.0
290.0 80.0 63.0 235.0
288.0 80.0 63.0 235.0
287.0 77.0 66.0 245.0
290.0 82.0 63.0 235.0
290.0 84.0 62.0 231.0
293.0 82.0 63.0 235.0
298.0 78.0 62.0 231.0
301.0 80.0 61.0 226.0
299.0 74.0 62.0 231.0
299.0 73.0 62.0 231.0
305.0 73.0 61.0 226.0
303.0 70.0 63.0 235.0
308.0 69.0 61.0 226.0
296.0 64.0 62.0 231.0
296.0 59.0 61.0 226.0
290.0 59.0 60.0 222.0
284.0 64.0 57.0 213.0
279.0 69.0 57.0 213.0
281.0 72.0 55.0 205.0
277.0 73.0 56.0 209.0
278.0 72.0 55.0 205.0
275.0 73.0 54.0 201.0
275.0 72.0 52.0 193.0
275.0 73.0 50.0 186.0
270.0 75.0 48.0 178.0
269.0 75.0 47.0 175.0
265.0 69.0 48.0 178.0
258.0 67.0 50.0 186.0
290.0 98.0 51.0 189.0
295.0 99.0 50.0 186.0
278.0 81.0 52.0 193.0
281.0 82.0 52.0 193.0
280.0 78.0 54.0 201.0
295.0 87.0 52.0 193.0
327.0 84.0 52.0 193.0
329.0 86.0 51.0 189.0
328.0 91.0 49.0 182.0
329.0 103.0 47.0 175.0
325.0 108.0 46.0 171.0
324.0 107.0 45.0 168.0
319.0 107.0 44.0 165.0
322.0 110.0 43.0 158.0
324.0 111.0 43.0 161.0
321.0 108.0 44.0 165.0
321.0 107.0 44.0 165.0
322.0 106.0 44.0 165.0
322.0 99.0 45.0 168.0
322.0 101.0 44.0 165.0
322.0 93.0 46.0 171.0
259.0 80.0 46.0 171.0
254.0 78.0 46.0 171.0
255.0 73.0 47.0 175.0
251.0 70.0 49.0 182.0
248.0 67.0 51.0 189.0
246.0 62.0 52.0 193.0
247.0 63.0 51.0 189.0
247.0 66.0 51.0 189.0
247.0 69.0 50.0 186.0
247.0 73.0 49.0 182.0
245.0 74.0 51.0 189.0
242.0 75.0 53.0 197.0
242.0 78.0 52.0 193.0
245.0 81.0 53.0 197.0
245.0 80.0 55.0 205.0
243.0 78.0 57.0 213.0
244.0 80.0 56.0 209.0
247.0 77.0 57.0 213.0
249.0 73.0 59.0 218.0
253.0 66.0 61.0 226.0
257.0 63.0 61.0 226.0
260.0 59.0 60.0 222.0
263.0 60.0 59.0 218.0
268.0 62.0 61.0 226.0
269.0 63.0 62.0 231.0
274.0 72.0 61.0 226.0
273.0 75.0 61.0 226.0
273.0 78.0 62.0 231.0
275.0 78.0 63.0 235.0
279.0 86.0 61.0 226.0
279.0 85.0 62.0 231.0
282.0 81.0 65.0 240.0
281.0 78.0 66.0 245.0
282.0 68.0 69.0 255.0
284.0 60.0 69.0 255.0
279.0 52.0 67.0 250.0
276.0 54.0 65.0 240.0
269.0 54.0 65.0 240.0
268.0 58.0 62.0 231.0
266.0 59.0 62.0 231.0
268.0 62.0 60.0 222.0
270.0 60.0 61.0 226.0
271.0 59.0 60.0 222.0
274.0 55.0 59.0 218.0
275.0 56.0 56.0 209.0
274.0 54.0 56.0 209.0
276.0 56.0 55.0 205.0
281.0 54.0 56.0 209.0
282.0 53.0 57.0 213.0
289.0 51.0 60.0 222.0
290.0 49.0 62.0 231.0
292.0 53.0 62.0 231.0
296.0 56.0 62.0 231.0
301.0 60.0 62.0 231.0
302.0 62.0 62.0 231.0
308.0 67.0 60.0 222.0
308.0 70.0 57.0 213.0
305.0 63.0 60.0 222.0
306.0 58.0 61.0 226.0
310.0 52.0 60.0 222.0
310.0 47.0 62.0 231.0
315.0 49.0 60.0 222.0
314.0 49.0 61.0 226.0
322.0 52.0 59.0 218.0
322.0 48.0 60.0 222.0
327.0 49.0 57.0 213.0
328.0 47.0 59.0 218.0
328.0 52.0 56.0 209.0
327.0 54.0 55.0 205.0
323.0 57.0 56.0 209.0
324.0 57.0 56.0 209.0
324.0 52.0 59.0 218.0
325.0 54.0 57.0 213.0
326.0 56.0 55.0 205.0
324.0 56.0 55.0 205.0
325.0 63.0 53.0 197.0
324.0 60.0 54.0 201.0
327.0 66.0 52.0 193.0
329.0 60.0 53.0 197.0
329.0 60.0 52.0 193.0
326.0 56.0 53.0 197.0
326.0 56.0 53.0 197.0
326.0 59.0 51.0 189.0
324.0 57.0 52.0 193.0
325.0 65.0 50.0 186.0
328.0 69.0 49.0 182.0
328.0 75.0 47.0 175.0
326.0 77.0 47.0 175.0
322.0 80.0 45.0 168.0
318.0 79.0 46.0 171.0
312.0 79.0 46.0 171.0
310.0 79.0 46.0 171.0
304.0 79.0 46.0 171.0
300.0 77.0 47.0 175.0
292.0 72.0 49.0 182.0
289.0 68.0 50.0 186.0
283.0 66.0 48.0 178.0
279.0 67.0 46.0 171.0
272.0 63.0 48.0 178.0
269.0 59.0 50.0 186.0
269.0 62.0 49.0 182.0
270.0 67.0 47.0 175.0
270.0 72.0 45.0 168.0
269.0 73.0 45.0 168.0
267.0 72.0 46.0 171.0
267.0 69.0 47.0 175.0
268.0 66.0 47.0 175.0
268.0 64.0 47.0 175.0
269.0 55.0 49.0 182.0
270.0 54.0 48.0 178.0
273.0 56.0 46.0 171.0
275.0 54.0 48.0 178.0
279.0 53.0 50.0 186.0
281.0 57.0 49.0 182.0
281.0 60.0 49.0 182.0
283.0 66.0 47.0 175.0
284.0 72.0 45.0 168.0
284.0 73.0 45.0 168.0
283.0 77.0 44.0 165.0
281.0 75.0 46.0 171.0
281.0 77.0 44.0 165.0
282.0 77.0 44.0 165.0
285.0 75.0 44.0 165.0
287.0 76.0 43.0 161.0
292.0 76.0 43.0 158.0
296.0 73.0 44.0 165.0
302.0 74.0 44.0 165.0
304.0 75.0 44.0 165.0
305.0 79.0 43.0 158.0
305.0 82.0 42.0 155.0
304.0 86.0 40.0 149.0
302.0 87.0 40.0 149.0
296.0 84.0 42.0 155.0
293.0 88.0 40.0 149.0
288.0 85.0 42.0 155.0
287.0 83.0 43.0 161.0
285.0 81.0 43.0 161.0
284.0 82.0 43.0 158.0
280.0 82.0 43.0 161.0
278.0 79.0 44.0 165.0
278.0 81.0 43.0 158.0
275.0 77.0 44.0 165.0
276.0 77.0 44.0 165.0
276.0 80.0 43.0 161.0
275.0 81.0 43.0 158.0
277.0 84.0 41.0 152.0
283.0 85.0 41.0 152.0
286.0 86.0 41.0 152.0
289.0 87.0 43.0 158.0
289.0 87.0 43.0 158.0
297.0 89.0 42.0 155.0
300.0 88.0 42.0 155.0
307.0 87.0 43.0 161.0
310.0 88.0 43.0 161.0
310.0 88.0 45.0 168.0
308.0 90.0 46.0 171.0
312.0 99.0 44.0 165.0
313.0 102.0 44.0 165.0
322.0 107.0 43.0 161.0
327.0 108.0 43.0 161.0
337.0 111.0 42.0 155.0
341.0 113.0 40.0 149.0
344.0 114.0 39.0 146.0
346.0 115.0 39.0 146.0
345.0 115.0 41.0 152.0
345.0 116.0 42.0 155.0
346.0 117.0 42.0 155.0
347.0 118.0 42.0 155.0
349.0 119.0 42.0 155.0
347.0 117.0 43.0 158.0
341.0 120.0 41.0 152.0
339.0 122.0 39.0 146.0
334.0 124.0 38.0 141.0
331.0 122.0 38.0 141.0
326.0 116.0 39.0 146.0
322.0 110.0 41.0 152.0
317.0 102.0 42.0 155.0
316.0 96.0 43.0 161.0
312.0 94.0 43.0 158.0
309.0 91.0 44.0 165.0
306.0 93.0 44.0 165.0
306.0 99.0 43.0 158.0
295.0 100.0 44.0 165.0
291.0 99.0 46.0 171.0
286.0 101.0 46.0 171.0
285.0 101.0 47.0 175.0
283.0 102.0 47.0 175.0
282.0 104.0 45.0 168.0
276.0 102.0 45.0 168.0
269.0 100.0 44.0 165.0
269.0 97.0 43.0 158.0
266.0 93.0 44.0 165.0
265.0 85.0 46.0 171.0
267.0 83.0 47.0 175.0
271.0 84.0 45.0 168.0
273.0 84.0 46.0 171.0
281.0 87.0 44.0 165.0
280.0 93.0 43.0 161.0
281.0 101.0 42.0 155.0
284.0 108.0 40.0 149.0
283.0 106.0 39.0 146.0
281.0 106.0 40.0 149.0
295.0 103.0 39.0 146.0
285.0 123.0 38.0 141.0
319.0 116.0 39.0 143.0
316.0 113.0 40.0 149.0
276.0 114.0 42.0 155.0
275.0 112.0 43.0 161.0
298.0 107.0 43.0 158.0
295.0 110.0 41.0 152.0
288.0 108.0 43.0 158.0
285.0 105.0 44.0 165.0
285.0 105.0 45.0 168.0
287.0 105.0 45.0 168.0
291.0 109.0 43.0 161.0
292.0 108.0 44.0 165.0
304.0 106.0 45.0 168.0
302.0 106.0 46.0 171.0
297.0 103.0 48.0 178.0
291.0 100.0 50.0 186.0
287.0 102.0 49.0 182.0
286.0 99.0 51.0 189.0
282.0 99.0 50.0 186.0
284.0 101.0 48.0 178.0
284.0 95.0 50.0 186.0
285.0 96.0 48.0 178.0
286.0 92.0 49.0 182.0
287.0 92.0 48.0 178.0
287.0 93.0 46.0 171.0
287.0 95.0 44.0 165.0
288.0 96.0 45.0 168.0
287.0 97.0 46.0 171.0
289.0 101.0 46.0 171.0
291.0 101.0 48.0 178.0
292.0 108.0 46.0 171.0
294.0 111.0 45.0 168.0
293.0 113.0 47.0 175.0
293.0 116.0 46.0 171.0
291.0 117.0 47.0 175.0
289.0 119.0 46.0 171.0
285.0 118.0 46.0 171.0
283.0 116.0 47.0 175.0
278.0 113.0 47.0 175.0
277.0 114.0 45.0 168.0
276.0 111.0 46.0 171.0
278.0 112.0 44.0 165.0
280.0 115.0 43.0 161.0
281.0 112.0 45.0 168.0
280.0 114.0 45.0 168.0
279.0 116.0 47.0 175.0
278.0 115.0 49.0 182.0
274.0 119.0 49.0 182.0
272.0 117.0 51.0 189.0
272.0 112.0 53.0 197.0
273.0 111.0 52.0 193.0
269.0 106.0 52.0 193.0
267.0 99.0 54.0 201.0
270.0 97.0 53.0 197.0
269.0 92.0 54.0 201.0
271.0 84.0 56.0 209.0
273.0 78.0 59.0 218.0
276.0 74.0 61.0 226.0
277.0 71.0 63.0 235.0
282.0 76.0 62.0 231.0
284.0 76.0 63.0 235.0
290.0 83.0 61.0 226.0
298.0 88.0 59.0 218.0
265.0 79.0 59.0 218.0
268.0 85.0 56.0 209.0
279.0 89.0 54.0 201.0
283.0 94.0 52.0 193.0
283.0 91.0 54.0 201.0
285.0 89.0 55.0 205.0
288.0 82.0 56.0 209.0
285.0 80.0 55.0 205.0
279.0 72.0 57.0 213.0
278.0 77.0 55.0 205.0
273.0 78.0 57.0 213.0
274.0 86.0 55.0 205.0
270.0 86.0 57.0 213.0
267.0 83.0 60.0 222.0
263.0 80.0 62.0 231.0
264.0 82.0 61.0 226.0
265.0 77.0 62.0 231.0
268.0 73.0 63.0 235.0
276.0 72.0 61.0 226.0
280.0 70.0 61.0 226.0
289.0 65.0 63.0 235.0
294.0 66.0 62.0 231.0
301.0 63.0 63.0 235.0
304.0 62.0 63.0 235.0
310.0 55.0 66.0 245.0
316.0 56.0 65.0 240.0
321.0 53.0 66.0 245.0
325.0 51.0 66.0 245.0
342.0 51.0 63.0 235.0
353.0 53.0 61.0 226.0
363.0 60.0 59.0 218.0
364.0 57.0 60.0 222.0
375.0 53.0 61.0 226.0
385.0 56.0 60.0 222.0
390.0 57.0 60.0 222.0
397.0 60.0 59.0 218.0
411.0 65.0 57.0 213.0
397.0 71.0 59.0 218.0
400.0 76.0 60.0 222.0
407.0 81.0 57.0 213.0
399.0 87.0 55.0 205.0
396.0 91.0 53.0 197.0
391.0 94.0 52.0 193.0
387.0 91.0 54.0 201.0
388.0 92.0 54.0 201.0
391.0 93.0 53.0 197.0
396.0 89.0 53.0 197.0
393.0 82.0 55.0 205.0
383.0 75.0 56.0 209.0
383.0 69.0 59.0 218.0
386.0 70.0 57.0 213.0
387.0 73.0 56.0 209.0
390.0 79.0 55.0 205.0
390.0 85.0 53.0 197.0
389.0 87.0 53.0 197.0
389.0 88.0 53.0 197.0
384.0 83.0 55.0 205.0
383.0 81.0 55.0 205.0
379.0 73.0 57.0 213.0
379.0 73.0 57.0 213.0
377.0 74.0 57.0 213.0
376.0 78.0 56.0 209.0
374.0 82.0 56.0 209.0
374.0 87.0 54.0 201.0
372.0 89.0 54.0 201.0
371.0 92.0 53.0 197.0
368.0 91.0 53.0 197.0
365.0 89.0 54.0 201.0
365.0 88.0 54.0 201.0
366.0 91.0 53.0 197.0
365.0 89.0 53.0 197.0
362.0 86.0 54.0 201.0
359.0 87.0 53.0 197.0
358.0 91.0 51.0 189.0
355.0 95.0 50.0 186.0
354.0 102.0 48.0 178.0
350.0 109.0 47.0 175.0
350.0 115.0 45.0 168.0
344.0 120.0 45.0 168.0
339.0 123.0 44.0 165.0
333.0 128.0 43.0 158.0
335.0 132.0 42.0 155.0
331.0 132.0 43.0 161.0
327.0 130.0 44.0 165.0
317.0 132.0 43.0 161.0
310.0 133.0 42.0 155.0
306.0 128.0 43.0 161.0
304.0 124.0 45.0 168.0
305.0 120.0 47.0 175.0
304.0 116.0 48.0 178.0
303.0 107.0 50.0 186.0
303.0 103.0 50.0 186.0
305.0 94.0 52.0 193.0
307.0 93.0 50.0 186.0
317.0 95.0 52.0 193.0
315.0 93.0 54.0 201.0
315.0 97.0 54.0 201.0
314.0 96.0 56.0 209.0
313.0 102.0 56.0 209.0
314.0 104.0 57.0 213.0
317.0 105.0 59.0 218.0
318.0 105.0 60.0 222.0
323.0 103.0 61.0 226.0
