347.0 58.0 103.0 251.0
346.0 58.0 103.0 251.0
345.0 58.0 103.0 251.0
341.0 58.0 103.0 251.0
339.0 58.0 103.0 251.0
334.0 62.0 100.0 246.0
330.0 63.0 100.0 246.0
324.0 70.0 97.0 236.0
320.0 66.0 100.0 246.0
315.0 69.0 99.0 241.0
314.0 65.0 100.0 246.0
313.0 64.0 100.0 246.0
310.0 59.0 105.0 256.0
310.0 58.0 105.0 256.0
310.0 57.0 103.0 251.0
309.0 53.0 105.0 256.0
305.0 47.0 109.0 266.0
300.0 38.0 113.0 277.0
298.0 43.0 109.0 266.0
297.0 43.0 109.0 266.0
295.0 47.0 105.0 256.0
295.0 39.0 109.0 266.0
297.0 44.0 105.0 256.0
301.0 47.0 103.0 251.0
310.0 43.0 105.0 256.0
316.0 43.0 105.0 256.0
320.0 38.0 109.0 266.0
322.0 39.0 107.0 261.0
298.0 24.0 111.0 271.0
298.0 15.0 115.0 282.0
303.0 8.0 118.0 288.0
314.0 3.0 123.0 299.0
357.0 14.0 118.0 288.0
356.0 17.0 113.0 277.0
349.0 9.0 115.0 282.0
341.0 5.0 120.0 294.0
334.0 10.0 118.0 288.0
334.0 10.0 120.0 294.0
338.0 20.0 115.0 282.0
338.0 26.0 111.0 271.0
343.0 26.0 113.0 277.0
341.0 26.0 113.0 277.0
344.0 29.0 111.0 271.0
351.0 30.0 111.0 271.0
351.0 27.0 113.0 277.0
350.0 26.0 113.0 277.0
354.0 24.0 115.0 282.0
352.0 20.0 115.0 282.0
353.0 23.0 115.0 282.0
348.0 17.0 118.0 288.0
328.0 24.0 118.0 288.0
329.0 16.0 123.0 299.0
341.0 21.0 125.0 305.0
346.0 25.0 120.0 294.0
347.0 26.0 125.0 305.0
352.0 14.0 125.0 305.0
353.0 16.0 123.0 299.0
354.0 22.0 118.0 288.0
357.0 25.0 115.0 282.0
356.0 19.0 120.0 294.0
356.0 19.0 118.0 288.0
354.0 17.0 118.0 288.0
356.0 16.0 118.0 288.0
355.0 14.0 118.0 288.0
354.0 13.0 115.0 282.0
354.0 18.0 111.0 271.0
341.0 7.0 115.0 282.0
343.0 13.0 113.0 277.0
339.0 17.0 113.0 277.0
333.0 14.0 115.0 282.0
327.0 18.0 113.0 277.0
323.0 18.0 113.0 277.0
319.0 23.0 109.0 266.0
317.0 22.0 109.0 266.0
314.0 25.0 107.0 261.0
311.0 25.0 107.0 261.0
306.0 25.0 107.0 261.0
304.0 25.0 107.0 261.0
300.0 25.0 107.0 261.0
298.0 24.0 107.0 261.0
298.0 24.0 107.0 261.0
300.0 26.0 102.0 250.0
300.0 26.0 102.0 250.0
300.0 22.0 105.0 256.0
302.0 27.0 107.0 261.0
302.0 25.0 111.0 271.0
311.0 26.0 107.0 261.0
308.0 24.0 109.0 266.0
305.0 24.0 109.0 266.0
306.0 24.0 111.0 271.0
307.0 30.0 107.0 261.0
306.0 31.0 107.0 261.0
303.0 30.0 111.0 271.0
301.0 28.0 113.0 277.0
302.0 25.0 115.0 282.0
305.0 30.0 111.0 271.0
307.0 31.0 107.0 261.0
306.0 27.0 111.0 271.0
305.0 25.0 113.0 277.0
305.0 27.0 111.0 271.0
301.0 20.0 115.0 282.0
300.0 22.0 113.0 277.0
294.0 22.0 113.0 277.0
291.0 21.0 113.0 277.0
288.0 23.0 109.0 266.0
285.0 22.0 107.0 261.0
282.0 17.0 109.0 266.0
280.0 14.0 113.0 277.0
278.0 16.0 109.0 266.0
278.0 18.0 107.0 261.0
273.0 13.0 111.0 271.0
273.0 14.0 109.0 266.0
273.0 14.0 107.0 261.0
271.0 13.0 109.0 266.0
272.0 16.0 107.0 261.0
272.0 13.0 111.0 271.0
275.0 14.0 111.0 271.0
279.0 15.0 109.0 266.0
285.0 13.0 111.0 271.0
290.0 15.0 107.0 261.0
297.0 14.0 105.0 256.0
298.0 10.0 109.0 266.0
301.0 12.0 111.0 271.0
303.0 13.0 111.0 271.0
306.0 13.0 113.0 277.0
308.0 14.0 113.0 277.0
314.0 18.0 111.0 271.0
315.0 17.0 113.0 277.0
318.0 21.0 113.0 277.0
318.0 21.0 115.0 282.0
323.0 32.0 113.0 277.0
326.0 40.0 109.0 266.0
325.0 44.0 107.0 261.0
325.0 43.0 107.0 261.0
324.0 33.0 111.0 271.0
322.0 25.0 111.0 271.0
318.0 4.0 115.0 282.0
319.0 5.0 113.0 277.0
313.0 -7.0 118.0 288.0
310.0 -14.0 123.0 299.0
308.0 -13.0 118.0 288.0
312.0 -7.0 113.0 277.0
311.0 -5.0 113.0 277.0
313.0 -2.0 109.0 266.0
314.0 -4.0 109.0 266.0
315.0 -5.0 109.0 266.0
313.0 -9.0 111.0 271.0
309.0 -12.0 115.0 282.0
308.0 -20.0 120.0 294.0
313.0 -17.0 115.0 282.0
304.0 -16.0 113.0 277.0
304.0 -12.0 109.0 266.0
308.0 -3.0 105.0 256.0
309.0 -3.0 107.0 261.0
308.0 -6.0 107.0 261.0
319.0 0.0 102.0 250.0
333.0 2.0 105.0 256.0
285.0 12.0 102.0 250.0
280.0 1.0 107.0 261.0
342.0 -3.0 109.0 266.0
336.0 -8.0 105.0 256.0
326.0 -10.0 102.0 250.0
315.0 -18.0 100.0 246.0
303.0 -20.0 102.0 250.0
296.0 -22.0 107.0 261.0
296.0 -21.0 109.0 266.0
332.0 -25.0 105.0 256.0
330.0 -18.0 100.0 246.0
335.0 -15.0 97.0 236.0
344.0 -9.0 93.0 227.0
354.0 -6.0 89.0 218.0
356.0 -7.0 91.0 222.0
357.0 -8.0 89.0 218.0
356.0 -7.0 87.0 214.0
351.0 -8.0 91.0 222.0
353.0 -3.0 87.0 214.0
359.0 -4.0 87.0 214.0
363.0 -3.0 86.0 210.0
367.0 -6.0 87.0 214.0
368.0 -3.0 86.0 210.0
367.0 0.0 84.0 205.0
362.0 -3.0 86.0 210.0
365.0 1.0 84.0 205.0
361.0 -6.0 87.0 214.0
361.0 -4.0 86.0 210.0
360.0 -8.0 87.0 214.0
364.0 0.0 84.0 205.0
366.0 12.0 81.0 197.0
359.0 30.0 82.0 201.0
355.0 -10.0 86.0 210.0
353.0 -15.0 89.0 218.0
350.0 -20.0 91.0 222.0
355.0 16.0 93.0 227.0
354.0 -18.0 89.0 218.0
355.0 -16.0 89.0 218.0
356.0 -11.0 86.0 210.0
355.0 -15.0 87.0 214.0
352.0 -20.0 89.0 218.0
353.0 -21.0 89.0 218.0
350.0 -24.0 91.0 222.0
344.0 -30.0 95.0 231.0
341.0 -27.0 95.0 231.0
342.0 -28.0 97.0 236.0
339.0 -14.0 95.0 231.0
340.0 -13.0 95.0 231.0
337.0 -19.0 99.0 241.0
334.0 -27.0 102.0 250.0
330.0 -33.0 107.0 261.0
330.0 -28.0 107.0 261.0
331.0 -35.0 111.0 271.0
334.0 -33.0 109.0 266.0
337.0 -40.0 113.0 277.0
337.0 -45.0 115.0 282.0
337.0 -53.0 120.0 294.0
335.0 -62.0 125.0 305.0
339.0 -50.0 123.0 299.0
335.0 -66.0 128.0 312.0
339.0 -55.0 128.0 312.0
340.0 -67.0 133.0 324.0
334.0 -60.0 138.0 337.0
334.0 -51.0 135.0 331.0
332.0 -49.0 135.0 331.0
338.0 -44.0 133.0 324.0
338.0 -44.0 133.0 324.0
335.0 -62.0 135.0 331.0
341.0 -61.0 133.0 324.0
346.0 -58.0 128.0 312.0
352.0 -59.0 133.0 324.0
354.0 -58.0 133.0 324.0
353.0 -58.0 138.0 337.0
355.0 -54.0 133.0 324.0
355.0 -51.0 128.0 312.0
352.0 -48.0 128.0 312.0
348.0 -36.0 123.0 299.0
345.0 -31.0 123.0 299.0
340.0 -37.0 123.0 299.0
337.0 -32.0 118.0 288.0
333.0 -37.0 123.0 299.0
331.0 -34.0 120.0 294.0
335.0 -23.0 118.0 288.0
335.0 -23.0 113.0 277.0
328.0 -15.0 109.0 266.0
324.0 -19.0 111.0 271.0
322.0 -20.0 109.0 266.0
323.0 -19.0 109.0 266.0
320.0 -27.0 113.0 277.0
317.0 -22.0 111.0 271.0
308.0 -8.0 109.0 266.0
310.0 -4.0 105.0 256.0
315.0 2.0 102.0 250.0
323.0 7.0 100.0 246.0
325.0 2.0 105.0 256.0
325.0 0.0 107.0 261.0
301.0 -11.0 107.0 261.0
304.0 -3.0 102.0 250.0
313.0 -2.0 102.0 250.0
318.0 -3.0 105.0 256.0
316.0 4.0 102.0 250.0
315.0 10.0 102.0 250.0
323.0 13.0 102.0 250.0
326.0 8.0 107.0 261.0
328.0 4.0 109.0 266.0
335.0 2.0 113.0 277.0
333.0 -3.0 115.0 282.0
320.0 -2.0 113.0 277.0
317.0 2.0 109.0 266.0
315.0 -4.0 113.0 277.0
320.0 -2.0 113.0 277.0
317.0 -6.0 118.0 288.0
319.0 -2.0 115.0 282.0
320.0 3.0 111.0 271.0
317.0 -2.0 115.0 282.0
310.0 -7.0 120.0 294.0
301.0 -3.0 118.0 288.0
299.0 -3.0 118.0 288.0
298.0 3.0 113.0 277.0
297.0 5.0 111.0 271.0
297.0 6.0 109.0 266.0
297.0 4.0 111.0 271.0
300.0 1.0 111.0 271.0
300.0 -6.0 115.0 282.0
299.0 -14.0 120.0 294.0
298.0 -13.0 120.0 294.0
294.0 -14.0 125.0 305.0
295.0 -8.0 120.0 294.0
284.0 -7.0 123.0 299.0
277.0 -4.0 120.0 294.0
279.0 -6.0 123.0 299.0
287.0 -3.0 120.0 294.0
288.0 -3.0 118.0 288.0
286.0 -9.0 123.0 299.0
290.0 -5.0 118.0 288.0
297.0 -6.0 118.0 288.0
301.0 -2.0 113.0 277.0
301.0 -4.0 113.0 277.0
301.0 -1.0 111.0 271.0
302.0 4.0 107.0 261.0
305.0 9.0 102.0 250.0
304.0 8.0 105.0 256.0
301.0 6.0 109.0 266.0
298.0 5.0 111.0 271.0
288.0 4.0 113.0 277.0
283.0 9.0 109.0 266.0
283.0 14.0 109.0 266.0
282.0 15.0 111.0 271.0
281.0 19.0 107.0 261.0
276.0 19.0 107.0 261.0
274.0 22.0 102.0 250.0
269.0 16.0 107.0 261.0
265.0 16.0 107.0 261.0
264.0 11.0 111.0 271.0
268.0 15.0 111.0 271.0
267.0 10.0 115.0 282.0
270.0 9.0 115.0 282.0
269.0 6.0 118.0 288.0
281.0 15.0 113.0 277.0
287.0 19.0 111.0 271.0
294.0 24.0 107.0 261.0
294.0 20.0 111.0 271.0
293.0 14.0 115.0 282.0
295.0 18.0 113.0 277.0
293.0 16.0 115.0 282.0
295.0 22.0 111.0 271.0
290.0 17.0 115.0 282.0
289.0 22.0 113.0 277.0
283.0 19.0 115.0 282.0
283.0 22.0 113.0 277.0
284.0 26.0 109.0 266.0
284.0 28.0 107.0 261.0
284.0 31.0 105.0 256.0
282.0 27.0 109.0 266.0
283.0 30.0 107.0 261.0
281.0 31.0 107.0 261.0
280.0 30.0 109.0 266.0
282.0 30.0 109.0 266.0
284.0 35.0 105.0 256.0
286.0 33.0 109.0 266.0
287.0 32.0 109.0 266.0
286.0 31.0 109.0 266.0
284.0 30.0 111.0 271.0
283.0 32.0 109.0 266.0
279.0 38.0 105.0 256.0
279.0 38.0 107.0 261.0
276.0 43.0 107.0 261.0
276.0 45.0 105.0 256.0
275.0 48.0 102.0 250.0
275.0 45.0 105.0 256.0
276.0 49.0 102.0 250.0
276.0 61.0 99.0 241.0
274.0 64.0 99.0 241.0
274.0 69.0 97.0 236.0
276.0 71.0 97.0 236.0
277.0 76.0 95.0 231.0
277.0 84.0 91.0 222.0
276.0 88.0 91.0 222.0
278.0 91.0 89.0 218.0
280.0 95.0 87.0 214.0
277.0 90.0 91.0 222.0
268.0 57.0 95.0 231.0
265.0 46.0 99.0 241.0
222.0 79.0 97.0 236.0
225.0 81.0 93.0 227.0
228.0 69.0 95.0 231.0
231.0 63.0 97.0 236.0
279.0 40.0 100.0 246.0
280.0 36.0 105.0 256.0
285.0 33.0 109.0 266.0
284.0 32.0 111.0 271.0
279.0 26.0 115.0 282.0
275.0 23.0 118.0 288.0
276.0 24.0 118.0 288.0
279.0 27.0 115.0 282.0
285.0 33.0 111.0 271.0
286.0 27.0 115.0 282.0
296.0 26.0 115.0 282.0
298.0 21.0 120.0 294.0
307.0 20.0 120.0 294.0
310.0 19.0 120.0 294.0
318.0 20.0 115.0 282.0
319.0 19.0 118.0 288.0
323.0 19.0 120.0 294.0
313.0 44.0 118.0 288.0
316.0 50.0 118.0 288.0
321.0 57.0 113.0 277.0
321.0 61.0 109.0 266.0
318.0 56.0 113.0 277.0
313.0 55.0 111.0 271.0
312.0 57.0 107.0 261.0
310.0 44.0 111.0 271.0
309.0 33.0 113.0 277.0
311.0 20.0 118.0 288.0
309.0 12.0 123.0 299.0
306.0 20.0 118.0 288.0
309.0 18.0 120.0 294.0
306.0 15.0 123.0 299.0
304.0 5.0 128.0 312.0
322.0 9.0 123.0 299.0
273.0 24.0 118.0 288.0
282.0 28.0 113.0 277.0
280.0 26.0 115.0 282.0
279.0 22.0 115.0 282.0
279.0 22.0 113.0 277.0
279.0 18.0 115.0 282.0
274.0 31.0 111.0 271.0
270.0 26.0 115.0 282.0
271.0 19.0 120.0 294.0
277.0 23.0 115.0 282.0
277.0 30.0 113.0 277.0
269.0 42.0 109.0 266.0
266.0 42.0 109.0 266.0
279.0 33.0 107.0 261.0
277.0 28.0 111.0 271.0
277.0 30.0 109.0 266.0
277.0 30.0 109.0 266.0
241.0 66.0 105.0 256.0
239.0 69.0 100.0 246.0
238.0 67.0 97.0 236.0
236.0 58.0 100.0 246.0
232.0 46.0 105.0 256.0
228.0 41.0 107.0 261.0
222.0 38.0 111.0 271.0
221.0 41.0 109.0 266.0
221.0 43.0 109.0 266.0
223.0 48.0 105.0 256.0
223.0 48.0 105.0 256.0
219.0 43.0 109.0 266.0
215.0 47.0 107.0 261.0
212.0 45.0 109.0 266.0
207.0 48.0 107.0 261.0
205.0 50.0 107.0 261.0
203.0 57.0 105.0 256.0
201.0 59.0 107.0 261.0
203.0 69.0 102.0 250.0
202.0 71.0 102.0 250.0
202.0 76.0 100.0 246.0
201.0 79.0 99.0 241.0
200.0 82.0 95.0 231.0
201.0 82.0 93.0 227.0
201.0 77.0 95.0 231.0
202.0 79.0 93.0 227.0
203.0 76.0 93.0 227.0
201.0 70.0 97.0 236.0
207.0 77.0 93.0 227.0
209.0 78.0 93.0 227.0
214.0 84.0 91.0 222.0
216.0 88.0 89.0 218.0
221.0 96.0 86.0 210.0
226.0 104.0 82.0 201.0
228.0 109.0 79.0 194.0
227.0 110.0 79.0 194.0
226.0 115.0 76.0 186.0
225.0 117.0 75.0 182.0
223.0 118.0 75.0 182.0
221.0 117.0 76.0 186.0
219.0 117.0 78.0 190.0
219.0 117.0 78.0 190.0
217.0 118.0 78.0 190.0
217.0 116.0 79.0 194.0
217.0 114.0 79.0 194.0
215.0 110.0 81.0 197.0
222.0 101.0 82.0 201.0
225.0 91.0 86.0 210.0
233.0 82.0 89.0 218.0
237.0 76.0 91.0 222.0
240.0 76.0 95.0 231.0
312.0 55.0 99.0 241.0
313.0 48.0 102.0 250.0
310.0 42.0 107.0 261.0
310.0 37.0 111.0 271.0
307.0 33.0 115.0 282.0
305.0 29.0 120.0 294.0
308.0 30.0 118.0 288.0
312.0 25.0 120.0 294.0
