138.0 57.0 39.0 137.0
138.0 57.0 39.0 137.0
138.0 57.0 39.0 137.0
138.0 57.0 39.0 137.0
138.0 58.0 39.0 137.0
138.0 58.0 39.0 137.0
138.0 58.0 39.0 139.0
138.0 61.0 39.0 137.0
138.0 64.0 39.0 137.0
138.0 71.0 37.0 131.0
139.0 78.0 36.0 126.0
139.0 81.0 34.0 121.0
140.0 86.0 33.0 116.0
139.0 90.0 33.0 116.0
138.0 94.0 32.0 114.0
139.0 98.0 31.0 110.0
140.0 100.0 31.0 110.0
140.0 100.0 31.0 110.0
141.0 101.0 31.0 110.0
142.0 101.0 31.0 110.0
142.0 101.0 32.0 114.0
143.0 103.0 31.0 110.0
144.0 103.0 31.0 110.0
144.0 103.0 31.0 110.0
144.0 101.0 31.0 112.0
144.0 99.0 33.0 116.0
146.0 98.0 33.0 119.0
146.0 97.0 34.0 121.0
148.0 96.0 34.0 121.0
148.0 96.0 34.0 121.0
151.0 97.0 33.0 119.0
153.0 96.0 33.0 116.0
156.0 96.0 31.0 112.0
156.0 94.0 32.0 114.0
157.0 91.0 33.0 116.0
158.0 92.0 32.0 114.0
160.0 90.0 31.0 112.0
161.0 86.0 32.0 114.0
163.0 85.0 31.0 112.0
162.0 83.0 32.0 114.0
162.0 81.0 32.0 114.0
162.0 81.0 32.0 114.0
163.0 80.0 31.0 112.0
163.0 78.0 32.0 114.0
164.0 77.0 31.0 112.0
163.0 77.0 31.0 112.0
161.0 77.0 31.0 112.0
161.0 77.0 31.0 112.0
159.0 77.0 31.0 112.0
155.0 77.0 31.0 110.0
151.0 76.0 31.0 112.0
148.0 75.0 31.0 112.0
147.0 77.0 31.0 112.0
146.0 76.0 31.0 112.0
144.0 77.0 31.0 110.0
144.0 76.0 31.0 112.0
141.0 75.0 31.0 112.0
137.0 72.0 31.0 112.0
127.0 74.0 31.0 112.0
128.0 73.0 31.0 112.0
123.0 73.0 31.0 112.0
118.0 71.0 32.0 114.0
110.0 74.0 33.0 119.0
123.0 69.0 32.0 114.0
122.0 67.0 32.0 114.0
122.0 67.0 32.0 114.0
117.0 72.0 31.0 112.0
120.0 72.0 31.0 112.0
120.0 71.0 32.0 114.0
126.0 68.0 33.0 119.0
131.0 64.0 35.0 124.0
131.0 67.0 34.0 121.0
136.0 73.0 33.0 116.0
141.0 78.0 31.0 112.0
152.0 77.0 31.0 110.0
158.0 81.0 30.0 105.0
163.0 84.0 28.0 101.0
164.0 86.0 27.0 97.0
167.0 87.0 26.0 94.0
134.0 93.0 27.0 97.0
132.0 91.0 28.0 99.0
133.0 83.0 29.0 103.0
133.0 80.0 30.0 105.0
134.0 76.0 31.0 110.0
133.0 76.0 31.0 110.0
132.0 75.0 31.0 110.0
129.0 77.0 30.0 105.0
127.0 74.0 30.0 108.0
124.0 72.0 31.0 112.0
121.0 71.0 31.0 112.0
121.0 71.0 31.0 112.0
118.0 71.0 31.0 112.0
116.0 71.0 31.0 112.0
113.0 69.0 32.0 114.0
101.0 70.0 33.0 119.0
105.0 64.0 34.0 121.0
103.0 63.0 36.0 126.0
96.0 63.0 37.0 131.0
93.0 62.0 38.0 134.0
93.0 60.0 36.0 129.0
93.0 60.0 36.0 126.0
90.0 60.0 35.0 124.0
91.0 61.0 34.0 121.0
92.0 62.0 33.0 119.0
93.0 61.0 32.0 114.0
90.0 57.0 33.0 119.0
89.0 52.0 35.0 124.0
89.0 50.0 36.0 126.0
89.0 50.0 36.0 126.0
91.0 49.0 35.0 124.0
93.0 50.0 35.0 124.0
94.0 48.0 36.0 129.0
97.0 48.0 36.0 129.0
101.0 48.0 37.0 131.0
101.0 48.0 37.0 131.0
106.0 50.0 36.0 129.0
111.0 51.0 36.0 129.0
116.0 54.0 35.0 124.0
120.0 54.0 35.0 124.0
122.0 52.0 36.0 129.0
123.0 53.0 36.0 126.0
124.0 51.0 36.0 129.0
127.0 51.0 36.0 129.0
130.0 52.0 36.0 126.0
131.0 50.0 36.0 129.0
132.0 50.0 36.0 129.0
132.0 50.0 36.0 129.0
132.0 50.0 36.0 129.0
133.0 49.0 36.0 129.0
132.0 48.0 36.0 129.0
131.0 44.0 38.0 134.0
131.0 44.0 38.0 134.0
131.0 44.0 38.0 134.0
131.0 43.0 38.0 134.0
131.0 42.0 38.0 134.0
131.0 42.0 38.0 134.0
131.0 40.0 38.0 136.0
131.0 39.0 39.0 139.0
131.0 39.0 39.0 139.0
131.0 35.0 41.0 145.0
133.0 36.0 40.0 142.0
136.0 36.0 40.0 142.0
141.0 39.0 39.0 139.0
140.0 37.0 40.0 142.0
140.0 37.0 40.0 142.0
141.0 40.0 39.0 139.0
142.0 38.0 40.0 142.0
144.0 38.0 40.0 142.0
148.0 41.0 39.0 139.0
150.0 43.0 39.0 139.0
149.0 39.0 41.0 145.0
152.0 40.0 41.0 145.0
154.0 40.0 41.0 145.0
156.0 41.0 41.0 145.0
158.0 43.0 40.0 142.0
159.0 43.0 41.0 145.0
158.0 38.0 43.0 151.0
158.0 39.0 43.0 151.0
159.0 41.0 43.0 151.0
161.0 46.0 41.0 145.0
