163.0 44.0 47.0 164.0
164.0 40.0 47.0 167.0
164.0 36.0 48.0 170.0
165.0 33.0 49.0 174.0
164.0 32.0 50.0 177.0
165.0 30.0 51.0 181.0
168.0 38.0 49.0 174.0
166.0 38.0 50.0 177.0
161.0 33.0 52.0 184.0
161.0 25.0 55.0 192.0
163.0 30.0 52.0 184.0
167.0 20.0 55.0 192.0
168.0 16.0 57.0 199.0
168.0 14.0 58.0 203.0
169.0 17.0 58.0 203.0
172.0 21.0 57.0 199.0
171.0 22.0 57.0 199.0
170.0 17.0 59.0 207.0
169.0 18.0 58.0 203.0
168.0 13.0 59.0 207.0
163.0 3.0 62.0 216.0
163.0 2.0 63.0 220.0
162.0 2.0 63.0 220.0
162.0 4.0 62.0 216.0
163.0 3.0 63.0 220.0
162.0 1.0 63.0 220.0
162.0 1.0 63.0 220.0
155.0 -5.0 65.0 229.0
142.0 -29.0 68.0 238.0
135.0 -42.0 71.0 248.0
128.0 -51.0 73.0 257.0
122.0 -58.0 73.0 257.0
133.0 -14.0 70.0 247.0
132.0 -10.0 68.0 237.0
133.0 -6.0 65.0 228.0
135.0 0.0 62.0 219.0
136.0 6.0 60.0 211.0
140.0 9.0 58.0 203.0
146.0 12.0 57.0 199.0
152.0 19.0 54.0 191.0
156.0 25.0 52.0 183.0
154.0 29.0 51.0 180.0
155.0 36.0 49.0 173.0
153.0 52.0 47.0 166.0
153.0 54.0 45.0 160.0
154.0 60.0 44.0 153.0
156.0 63.0 42.0 147.0
154.0 63.0 44.0 153.0
152.0 64.0 44.0 153.0
152.0 65.0 43.0 150.0
152.0 68.0 42.0 147.0
153.0 70.0 41.0 144.0
151.0 71.0 42.0 147.0
150.0 73.0 42.0 147.0
151.0 74.0 41.0 144.0
147.0 73.0 43.0 150.0
143.0 74.0 44.0 153.0
140.0 74.0 43.0 150.0
135.0 76.0 42.0 147.0
129.0 72.0 44.0 153.0
123.0 68.0 44.0 156.0
115.0 64.0 46.0 163.0
109.0 61.0 46.0 163.0
105.0 58.0 46.0 163.0
101.0 56.0 47.0 166.0
98.0 58.0 47.0 166.0
97.0 57.0 49.0 173.0
95.0 51.0 51.0 180.0
95.0 49.0 52.0 183.0
95.0 49.0 53.0 187.0
95.0 50.0 53.0 187.0
96.0 56.0 51.0 180.0
112.0 52.0 49.0 173.0
113.0 54.0 47.0 166.0
114.0 58.0 45.0 160.0
115.0 62.0 44.0 153.0
118.0 63.0 42.0 147.0
121.0 63.0 40.0 142.0
124.0 65.0 39.0 136.0
124.0 65.0 39.0 136.0
125.0 65.0 39.0 136.0
126.0 67.0 38.0 133.0
128.0 68.0 38.0 133.0
132.0 68.0 37.0 131.0
134.0 68.0 37.0 131.0
137.0 71.0 36.0 128.0
137.0 71.0 36.0 128.0
140.0 72.0 35.0 123.0
141.0 72.0 34.0 121.0
144.0 73.0 34.0 118.0
145.0 72.0 34.0 121.0
148.0 77.0 34.0 118.0
149.0 77.0 32.0 114.0
150.0 82.0 31.0 109.0
149.0 83.0 32.0 114.0
150.0 90.0 34.0 118.0
152.0 94.0 32.0 114.0
155.0 96.0 32.0 112.0
158.0 96.0 32.0 114.0
161.0 96.0 32.0 114.0
164.0 95.0 33.0 116.0
166.0 96.0 32.0 114.0
166.0 96.0 32.0 114.0
169.0 95.0 32.0 114.0
171.0 92.0 33.0 116.0
173.0 90.0 33.0 116.0
172.0 87.0 34.0 121.0
172.0 86.0 36.0 126.0
172.0 96.0 35.0 123.0
169.0 102.0 34.0 118.0
169.0 104.0 34.0 118.0
167.0 107.0 34.0 118.0
170.0 84.0 35.0 123.0
169.0 82.0 35.0 123.0
169.0 80.0 36.0 128.0
167.0 84.0 35.0 123.0
165.0 85.0 34.0 118.0
161.0 82.0 35.0 123.0
161.0 81.0 35.0 123.0
156.0 74.0 36.0 128.0
152.0 73.0 38.0 133.0
148.0 72.0 39.0 139.0
146.0 71.0 39.0 139.0
143.0 68.0 40.0 142.0
144.0 70.0 39.0 136.0
144.0 70.0 40.0 142.0
147.0 72.0 39.0 136.0
153.0 75.0 37.0 131.0
156.0 79.0 36.0 126.0
158.0 80.0 37.0 131.0
160.0 84.0 39.0 136.0
158.0 84.0 40.0 142.0
161.0 87.0 39.0 136.0
162.0 80.0 38.0 133.0
164.0 78.0 37.0 131.0
168.0 76.0 36.0 128.0
169.0 79.0 35.0 123.0
168.0 74.0 36.0 128.0
167.0 69.0 38.0 133.0
164.0 68.0 38.0 133.0
158.0 62.0 39.0 139.0
151.0 59.0 41.0 144.0
143.0 56.0 43.0 150.0
135.0 53.0 44.0 156.0
128.0 57.0 44.0 156.0
122.0 61.0 43.0 150.0
118.0 62.0 43.0 150.0
114.0 64.0 42.0 147.0
111.0 65.0 42.0 147.0
110.0 67.0 42.0 147.0
109.0 67.0 43.0 150.0
109.0 69.0 44.0 153.0
109.0 72.0 44.0 153.0
111.0 75.0 43.0 150.0
112.0 79.0 43.0 150.0
114.0 86.0 41.0 144.0
116.0 86.0 43.0 150.0
120.0 90.0 42.0 147.0
124.0 91.0 41.0 144.0
126.0 89.0 41.0 144.0
130.0 91.0 39.0 139.0
134.0 92.0 38.0 133.0
136.0 91.0 37.0 131.0
137.0 94.0 36.0 126.0
139.0 102.0 35.0 123.0
145.0 79.0 36.0 128.0
140.0 78.0 38.0 133.0
137.0 77.0 37.0 131.0
136.0 76.0 39.0 136.0
130.0 76.0 37.0 131.0
127.0 78.0 36.0 126.0
124.0 75.0 37.0 131.0
122.0 79.0 36.0 126.0
120.0 83.0 35.0 123.0
121.0 83.0 35.0 123.0
119.0 87.0 34.0 118.0
120.0 88.0 33.0 116.0
120.0 89.0 34.0 118.0
120.0 88.0 35.0 123.0
118.0 89.0 35.0 123.0
117.0 89.0 34.0 118.0
118.0 88.0 35.0 123.0
117.0 85.0 36.0 128.0
115.0 99.0 36.0 126.0
115.0 98.0 36.0 128.0
112.0 95.0 37.0 131.0
111.0 94.0 39.0 136.0
109.0 89.0 39.0 139.0
107.0 70.0 39.0 136.0
102.0 65.0 40.0 142.0
98.0 65.0 39.0 136.0
94.0 68.0 39.0 136.0
89.0 70.0 38.0 133.0
84.0 67.0 39.0 136.0
81.0 64.0 39.0 136.0
79.0 62.0 39.0 139.0
79.0 68.0 38.0 133.0
82.0 69.0 38.0 133.0
88.0 70.0 37.0 131.0
91.0 73.0 36.0 128.0
93.0 75.0 36.0 128.0
96.0 76.0 35.0 123.0
96.0 78.0 34.0 121.0
97.0 79.0 35.0 123.0
97.0 79.0 35.0 123.0
97.0 78.0 35.0 123.0
97.0 76.0 36.0 128.0
99.0 76.0 36.0 126.0
100.0 77.0 34.0 121.0
110.0 75.0 36.0 126.0
117.0 72.0 36.0 126.0
119.0 68.0 37.0 131.0
122.0 64.0 39.0 136.0
122.0 60.0 40.0 142.0
123.0 60.0 41.0 144.0
124.0 62.0 40.0 142.0
122.0 62.0 42.0 147.0
121.0 62.0 44.0 153.0
122.0 60.0 44.0 156.0
121.0 57.0 45.0 160.0
120.0 60.0 44.0 156.0
119.0 62.0 44.0 153.0
116.0 60.0 44.0 156.0
114.0 58.0 45.0 160.0
113.0 61.0 44.0 156.0
113.0 62.0 44.0 153.0
114.0 62.0 43.0 150.0
119.0 66.0 42.0 147.0
122.0 65.0 44.0 153.0
126.0 67.0 44.0 153.0
129.0 69.0 44.0 153.0
130.0 72.0 43.0 150.0
135.0 76.0 41.0 144.0
137.0 76.0 40.0 142.0
136.0 74.0 42.0 147.0
135.0 75.0 41.0 144.0
134.0 73.0 43.0 150.0
137.0 74.0 41.0 144.0
139.0 72.0 41.0 144.0
143.0 69.0 42.0 147.0
145.0 66.0 42.0 147.0
148.0 63.0 44.0 153.0
152.0 62.0 45.0 160.0
147.0 59.0 47.0 166.0
146.0 74.0 47.0 166.0
148.0 80.0 45.0 160.0
150.0 79.0 45.0 160.0
152.0 79.0 45.0 160.0
156.0 80.0 44.0 153.0
147.0 60.0 45.0 160.0
149.0 67.0 44.0 156.0
151.0 75.0 43.0 150.0
155.0 81.0 41.0 144.0
147.0 68.0 41.0 144.0
146.0 63.0 41.0 144.0
145.0 67.0 39.0 139.0
147.0 70.0 39.0 139.0
151.0 78.0 38.0 133.0
156.0 80.0 36.0 128.0
163.0 89.0 36.0 128.0
168.0 92.0 35.0 123.0
173.0 92.0 34.0 118.0
178.0 92.0 32.0 114.0
180.0 86.0 32.0 114.0
181.0 81.0 34.0 118.0
181.0 80.0 34.0 121.0
179.0 80.0 34.0 121.0
178.0 86.0 33.0 116.0
176.0 84.0 34.0 118.0
171.0 90.0 32.0 114.0
152.0 87.0 34.0 118.0
141.0 80.0 34.0 121.0
126.0 88.0 35.0 123.0
117.0 85.0 36.0 128.0
118.0 89.0 35.0 123.0
112.0 87.0 36.0 128.0
109.0 81.0 37.0 131.0
108.0 77.0 39.0 136.0
110.0 82.0 37.0 131.0
113.0 86.0 36.0 126.0
117.0 91.0 35.0 123.0
120.0 95.0 34.0 121.0
124.0 102.0 33.0 116.0
126.0 104.0 34.0 121.0
128.0 112.0 34.0 118.0
138.0 58.0 35.0 123.0
137.0 55.0 36.0 128.0
139.0 52.0 38.0 133.0
141.0 47.0 39.0 139.0
148.0 41.0 41.0 144.0
149.0 38.0 43.0 150.0
151.0 37.0 44.0 156.0
149.0 36.0 46.0 163.0
150.0 35.0 48.0 169.0
150.0 35.0 49.0 173.0
148.0 38.0 51.0 180.0
147.0 41.0 51.0 180.0
145.0 44.0 52.0 183.0
143.0 46.0 52.0 183.0
139.0 50.0 52.0 183.0
136.0 51.0 53.0 187.0
130.0 55.0 52.0 183.0
128.0 53.0 54.0 191.0
129.0 52.0 54.0 191.0
129.0 56.0 52.0 183.0
129.0 50.0 54.0 191.0
132.0 51.0 53.0 187.0
132.0 50.0 53.0 187.0
132.0 53.0 52.0 183.0
134.0 48.0 53.0 187.0
135.0 46.0 54.0 191.0
138.0 47.0 54.0 191.0
141.0 45.0 54.0 191.0
143.0 44.0 54.0 191.0
144.0 43.0 54.0 191.0
143.0 43.0 54.0 191.0
140.0 40.0 55.0 195.0
138.0 44.0 53.0 187.0
138.0 45.0 52.0 183.0
133.0 43.0 54.0 191.0
131.0 45.0 53.0 187.0
128.0 45.0 53.0 187.0
128.0 47.0 54.0 191.0
131.0 51.0 53.0 187.0
131.0 50.0 53.0 187.0
133.0 51.0 54.0 191.0
137.0 55.0 53.0 187.0
142.0 61.0 52.0 183.0
143.0 58.0 53.0 187.0
143.0 61.0 52.0 183.0
141.0 59.0 54.0 191.0
140.0 60.0 53.0 187.0
136.0 59.0 52.0 183.0
133.0 57.0 51.0 180.0
127.0 51.0 53.0 187.0
122.0 47.0 53.0 187.0
122.0 48.0 52.0 183.0
117.0 44.0 51.0 180.0
112.0 42.0 52.0 183.0
109.0 41.0 52.0 183.0
107.0 41.0 50.0 176.0
105.0 39.0 51.0 180.0
103.0 38.0 51.0 180.0
102.0 38.0 52.0 183.0
102.0 38.0 52.0 183.0
102.0 38.0 51.0 180.0
102.0 39.0 50.0 176.0
101.0 41.0 49.0 173.0
100.0 43.0 47.0 166.0
99.0 45.0 46.0 163.0
98.0 46.0 46.0 163.0
96.0 44.0 47.0 166.0
95.0 46.0 46.0 163.0
97.0 49.0 44.0 156.0
98.0 49.0 45.0 160.0
99.0 50.0 45.0 160.0
103.0 54.0 44.0 156.0
106.0 57.0 44.0 153.0
109.0 59.0 44.0 153.0
115.0 61.0 44.0 153.0
117.0 62.0 43.0 150.0
120.0 59.0 44.0 156.0
123.0 58.0 45.0 160.0
126.0 63.0 44.0 153.0
129.0 64.0 43.0 150.0
131.0 64.0 44.0 153.0
134.0 64.0 43.0 150.0
136.0 66.0 42.0 147.0
135.0 66.0 42.0 147.0
137.0 64.0 43.0 150.0
137.0 64.0 44.0 153.0
139.0 64.0 43.0 150.0
140.0 63.0 43.0 150.0
152.0 80.0 41.0 144.0
149.0 81.0 40.0 142.0
147.0 86.0 39.0 136.0
141.0 90.0 38.0 133.0
138.0 90.0 39.0 136.0
135.0 95.0 37.0 131.0
132.0 101.0 36.0 126.0
130.0 104.0 36.0 126.0
129.0 107.0 34.0 121.0
128.0 110.0 34.0 121.0
128.0 112.0 34.0 118.0
129.0 112.0 34.0 121.0
128.0 111.0 36.0 126.0
130.0 112.0 34.0 121.0
133.0 112.0 34.0 121.0
141.0 111.0 34.0 121.0
146.0 110.0 34.0 118.0
151.0 107.0 35.0 123.0
151.0 106.0 36.0 126.0
155.0 103.0 36.0 128.0
161.0 99.0 36.0 128.0
167.0 93.0 38.0 133.0
171.0 88.0 39.0 139.0
174.0 85.0 41.0 144.0
178.0 89.0 39.0 139.0
181.0 100.0 38.0 133.0
186.0 95.0 38.0 133.0
194.0 87.0 36.0 128.0
198.0 88.0 36.0 126.0
201.0 91.0 34.0 121.0
201.0 88.0 36.0 126.0
204.0 93.0 35.0 123.0
206.0 95.0 34.0 121.0
211.0 102.0 33.0 116.0
211.0 105.0 34.0 121.0
217.0 107.0 34.0 121.0
223.0 106.0 34.0 121.0
226.0 108.0 34.0 118.0
229.0 107.0 34.0 118.0
232.0 104.0 35.0 123.0
231.0 103.0 34.0 121.0
226.0 100.0 35.0 123.0
223.0 94.0 36.0 128.0
217.0 84.0 38.0 133.0
217.0 80.0 39.0 139.0
217.0 72.0 38.0 133.0
208.0 53.0 39.0 139.0
207.0 68.0 38.0 133.0
201.0 42.0 39.0 139.0
200.0 45.0 38.0 133.0
200.0 44.0 39.0 136.0
200.0 39.0 40.0 142.0
200.0 43.0 42.0 147.0
201.0 40.0 41.0 144.0
196.0 38.0 41.0 144.0
193.0 35.0 42.0 147.0
190.0 47.0 42.0 147.0
192.0 53.0 42.0 147.0
187.0 54.0 40.0 142.0
191.0 70.0 39.0 136.0
187.0 79.0 37.0 131.0
183.0 86.0 39.0 136.0
