162.0 188.0 34.0 84.0
162.0 188.0 34.0 84.0
162.0 188.0 34.0 84.0
161.0 188.0 34.0 84.0
161.0 187.0 34.0 84.0
161.0 186.0 35.0 87.0
159.0 184.0 36.0 89.0
159.0 182.0 36.0 90.0
159.0 180.0 37.0 92.0
158.0 179.0 38.0 94.0
159.0 180.0 36.0 90.0
159.0 181.0 36.0 89.0
159.0 181.0 36.0 89.0
159.0 182.0 36.0 89.0
161.0 184.0 35.0 87.0
161.0 185.0 35.0 87.0
162.0 187.0 33.0 83.0
162.0 188.0 33.0 83.0
162.0 189.0 35.0 87.0
164.0 191.0 33.0 83.0
164.0 192.0 33.0 83.0
165.0 195.0 32.0 80.0
168.0 197.0 31.0 77.0
168.0 197.0 30.0 76.0
169.0 197.0 31.0 77.0
168.0 194.0 32.0 80.0
170.0 195.0 31.0 77.0
171.0 195.0 30.0 74.0
173.0 196.0 29.0 71.0
173.0 195.0 29.0 73.0
174.0 196.0 29.0 71.0
174.0 195.0 27.0 68.0
174.0 196.0 27.0 67.0
173.0 196.0 27.0 67.0
173.0 194.0 27.0 68.0
173.0 195.0 26.0 66.0
172.0 194.0 27.0 68.0
171.0 196.0 27.0 67.0
170.0 197.0 26.0 66.0
169.0 198.0 26.0 66.0
169.0 199.0 27.0 67.0
168.0 199.0 26.0 66.0
167.0 200.0 26.0 64.0
166.0 201.0 25.0 63.0
166.0 201.0 25.0 63.0
168.0 201.0 26.0 66.0
164.0 201.0 27.0 67.0
163.0 201.0 27.0 67.0
161.0 201.0 27.0 67.0
160.0 201.0 27.0 67.0
158.0 199.0 28.0 70.0
156.0 198.0 29.0 73.0
156.0 199.0 29.0 71.0
155.0 199.0 29.0 71.0
154.0 199.0 29.0 71.0
152.0 199.0 29.0 71.0
151.0 198.0 29.0 71.0
149.0 197.0 28.0 70.0
149.0 198.0 27.0 68.0
149.0 197.0 27.0 68.0
148.0 197.0 29.0 71.0
147.0 194.0 30.0 74.0
148.0 194.0 31.0 77.0
147.0 193.0 32.0 79.0
150.0 195.0 30.0 76.0
152.0 197.0 29.0 73.0
151.0 197.0 30.0 74.0
150.0 198.0 29.0 73.0
151.0 196.0 30.0 76.0
154.0 197.0 29.0 73.0
156.0 198.0 29.0 71.0
158.0 197.0 27.0 68.0
160.0 198.0 27.0 67.0
161.0 197.0 26.0 64.0
164.0 198.0 25.0 62.0
164.0 197.0 26.0 64.0
167.0 196.0 26.0 66.0
169.0 197.0 26.0 66.0
172.0 197.0 26.0 66.0
174.0 197.0 27.0 67.0
177.0 197.0 27.0 67.0
180.0 197.0 27.0 67.0
181.0 194.0 28.0 70.0
185.0 194.0 29.0 71.0
187.0 192.0 30.0 74.0
191.0 192.0 30.0 74.0
195.0 192.0 29.0 73.0
197.0 191.0 30.0 74.0
200.0 192.0 29.0 73.0
202.0 193.0 28.0 70.0
205.0 194.0 29.0 71.0
205.0 194.0 28.0 70.0
207.0 194.0 28.0 70.0
207.0 195.0 29.0 71.0
206.0 193.0 30.0 74.0
206.0 192.0 30.0 76.0
205.0 191.0 32.0 79.0
205.0 191.0 32.0 80.0
205.0 189.0 33.0 83.0
206.0 188.0 35.0 87.0
205.0 185.0 36.0 90.0
207.0 186.0 35.0 87.0
205.0 184.0 36.0 90.0
206.0 183.0 37.0 92.0
207.0 184.0 36.0 89.0
208.0 182.0 37.0 92.0
209.0 181.0 37.0 92.0
209.0 178.0 39.0 96.0
210.0 175.0 39.0 98.0
212.0 174.0 39.0 98.0
214.0 173.0 39.0 98.0
216.0 171.0 39.0 98.0
216.0 169.0 41.0 102.0
217.0 166.0 43.0 106.0
219.0 165.0 43.0 108.0
220.0 165.0 42.0 104.0
222.0 164.0 42.0 104.0
225.0 165.0 40.0 100.0
227.0 164.0 39.0 98.0
227.0 162.0 41.0 102.0
229.0 163.0 39.0 98.0
229.0 162.0 40.0 100.0
230.0 162.0 40.0 100.0
230.0 162.0 40.0 100.0
230.0 162.0 40.0 100.0
230.0 162.0 40.0 100.0
230.0 162.0 40.0 100.0
230.0 162.0 40.0 100.0
230.0 161.0 40.0 100.0
230.0 161.0 40.0 100.0
230.0 161.0 40.0 100.0
230.0 161.0 40.0 100.0
230.0 160.0 41.0 102.0
230.0 161.0 40.0 100.0
230.0 161.0 40.0 100.0
230.0 161.0 40.0 100.0
230.0 161.0 40.0 100.0
230.0 161.0 40.0 100.0
230.0 161.0 40.0 100.0
230.0 161.0 40.0 100.0
230.0 161.0 40.0 100.0
230.0 161.0 40.0 100.0
230.0 161.0 40.0 100.0
230.0 161.0 40.0 100.0
230.0 161.0 40.0 100.0
230.0 161.0 40.0 100.0
230.0 161.0 40.0 100.0
230.0 161.0 40.0 100.0
231.0 162.0 39.0 96.0
230.0 161.0 40.0 100.0
231.0 162.0 39.0 96.0
231.0 161.0 40.0 100.0
232.0 163.0 39.0 96.0
233.0 164.0 39.0 96.0
233.0 164.0 39.0 98.0
231.0 164.0 41.0 102.0
231.0 167.0 39.0 98.0
229.0 171.0 39.0 96.0
228.0 173.0 39.0 96.0
226.0 173.0 40.0 100.0
226.0 175.0 39.0 96.0
226.0 177.0 37.0 92.0
225.0 178.0 36.0 89.0
223.0 179.0 34.0 85.0
224.0 178.0 33.0 83.0
223.0 178.0 32.0 80.0
224.0 179.0 31.0 77.0
223.0 179.0 30.0 74.0
224.0 179.0 29.0 71.0
223.0 177.0 29.0 71.0
223.0 175.0 27.0 68.0
223.0 173.0 29.0 71.0
224.0 172.0 29.0 71.0
223.0 170.0 28.0 70.0
223.0 172.0 27.0 67.0
221.0 172.0 26.0 64.0
221.0 172.0 25.0 62.0
220.0 173.0 24.0 59.0
221.0 171.0 23.0 57.0
215.0 194.0 23.0 58.0
228.0 178.0 24.0 61.0
228.0 179.0 23.0 58.0
228.0 180.0 22.0 56.0
218.0 180.0 21.0 54.0
219.0 181.0 21.0 52.0
222.0 181.0 21.0 54.0
222.0 180.0 22.0 56.0
220.0 180.0 23.0 58.0
218.0 179.0 24.0 61.0
215.0 179.0 25.0 63.0
213.0 178.0 26.0 66.0
210.0 178.0 27.0 68.0
207.0 178.0 28.0 70.0
205.0 177.0 29.0 73.0
203.0 179.0 28.0 70.0
203.0 181.0 27.0 67.0
201.0 178.0 28.0 70.0
200.0 178.0 27.0 68.0
199.0 175.0 28.0 70.0
199.0 175.0 29.0 71.0
199.0 174.0 29.0 71.0
198.0 172.0 29.0 73.0
197.0 171.0 29.0 73.0
196.0 171.0 30.0 74.0
196.0 171.0 30.0 74.0
195.0 171.0 31.0 77.0
193.0 171.0 32.0 80.0
191.0 170.0 33.0 83.0
190.0 172.0 33.0 83.0
188.0 172.0 34.0 85.0
187.0 173.0 34.0 85.0
187.0 173.0 34.0 85.0
188.0 174.0 33.0 83.0
188.0 172.0 34.0 85.0
191.0 172.0 33.0 82.0
193.0 173.0 32.0 79.0
196.0 172.0 32.0 80.0
196.0 170.0 33.0 83.0
197.0 168.0 35.0 87.0
197.0 168.0 34.0 85.0
198.0 168.0 33.0 82.0
198.0 168.0 33.0 82.0
197.0 167.0 34.0 85.0
197.0 167.0 33.0 82.0
197.0 167.0 33.0 83.0
197.0 167.0 33.0 83.0
197.0 168.0 32.0 80.0
196.0 168.0 32.0 80.0
196.0 168.0 32.0 79.0
196.0 167.0 32.0 80.0
195.0 165.0 33.0 82.0
193.0 164.0 34.0 85.0
194.0 164.0 33.0 82.0
194.0 165.0 32.0 79.0
195.0 165.0 32.0 79.0
195.0 165.0 32.0 79.0
196.0 165.0 32.0 79.0
196.0 164.0 32.0 79.0
198.0 165.0 30.0 76.0
199.0 165.0 30.0 76.0
199.0 165.0 30.0 76.0
200.0 166.0 31.0 77.0
200.0 166.0 31.0 77.0
199.0 165.0 32.0 79.0
202.0 166.0 30.0 76.0
201.0 165.0 32.0 79.0
202.0 164.0 32.0 80.0
203.0 164.0 32.0 79.0
204.0 163.0 32.0 79.0
204.0 162.0 32.0 79.0
205.0 160.0 32.0 80.0
206.0 161.0 31.0 77.0
204.0 159.0 32.0 79.0
203.0 159.0 32.0 79.0
202.0 159.0 32.0 79.0
203.0 161.0 30.0 76.0
203.0 164.0 30.0 74.0
204.0 166.0 29.0 71.0
204.0 167.0 28.0 70.0
206.0 170.0 27.0 67.0
207.0 171.0 27.0 67.0
207.0 171.0 26.0 64.0
210.0 172.0 25.0 63.0
212.0 172.0 25.0 62.0
212.0 171.0 25.0 62.0
212.0 169.0 26.0 64.0
212.0 168.0 26.0 64.0
214.0 168.0 27.0 67.0
214.0 166.0 28.0 70.0
215.0 166.0 29.0 73.0
217.0 169.0 28.0 70.0
219.0 170.0 29.0 71.0
220.0 168.0 30.0 74.0
224.0 170.0 29.0 71.0
228.0 170.0 28.0 70.0
232.0 170.0 29.0 73.0
237.0 171.0 29.0 71.0
233.0 175.0 27.0 68.0
234.0 176.0 26.0 66.0
219.0 214.0 27.0 67.0
227.0 234.0 26.0 64.0
222.0 215.0 26.0 66.0
223.0 216.0 26.0 64.0
224.0 218.0 26.0 64.0
227.0 222.0 25.0 62.0
228.0 223.0 25.0 63.0
229.0 225.0 24.0 61.0
230.0 224.0 25.0 63.0
231.0 222.0 26.0 64.0
231.0 221.0 26.0 66.0
249.0 185.0 25.0 63.0
250.0 186.0 24.0 61.0
252.0 187.0 24.0 59.0
255.0 188.0 23.0 57.0
258.0 189.0 22.0 55.0
257.0 187.0 22.0 55.0
257.0 186.0 23.0 57.0
250.0 185.0 22.0 55.0
251.0 186.0 21.0 53.0
239.0 185.0 22.0 55.0
259.0 185.0 21.0 54.0
258.0 186.0 21.0 52.0
246.0 187.0 21.0 54.0
245.0 189.0 22.0 55.0
243.0 189.0 22.0 55.0
234.0 185.0 23.0 57.0
230.0 187.0 22.0 55.0
244.0 186.0 21.0 54.0
242.0 187.0 21.0 52.0
240.0 188.0 20.0 51.0
226.0 187.0 21.0 52.0
226.0 187.0 21.0 54.0
225.0 188.0 21.0 52.0
224.0 189.0 20.0 51.0
222.0 191.0 19.0 49.0
221.0 191.0 19.0 49.0
221.0 192.0 19.0 47.0
220.0 194.0 18.0 45.0
220.0 193.0 18.0 44.0
222.0 195.0 17.0 43.0
222.0 195.0 17.0 42.0
223.0 195.0 17.0 42.0
221.0 196.0 16.0 40.0
216.0 196.0 16.0 40.0
214.0 198.0 15.0 38.0
208.0 198.0 16.0 39.0
201.0 197.0 16.0 40.0
193.0 197.0 16.0 40.0
187.0 197.0 16.0 40.0
182.0 197.0 16.0 40.0
176.0 198.0 16.0 40.0
173.0 199.0 15.0 38.0
167.0 199.0 15.0 38.0
163.0 199.0 15.0 38.0
158.0 199.0 15.0 38.0
154.0 200.0 14.0 36.0
150.0 201.0 14.0 35.0
146.0 201.0 14.0 35.0
142.0 202.0 13.0 33.0
139.0 202.0 13.0 32.0
135.0 202.0 13.0 32.0
131.0 202.0 13.0 32.0
114.0 202.0 13.0 32.0
111.0 202.0 13.0 32.0
108.0 202.0 13.0 32.0
116.0 204.0 12.0 31.0
113.0 205.0 12.0 29.0
110.0 205.0 12.0 29.0
107.0 205.0 12.0 29.0
114.0 202.0 12.0 31.0
110.0 201.0 13.0 32.0
106.0 201.0 13.0 33.0
101.0 202.0 13.0 33.0
97.0 204.0 12.0 31.0
91.0 203.0 13.0 33.0
86.0 204.0 13.0 32.0
80.0 204.0 13.0 33.0
75.0 205.0 13.0 33.0
69.0 207.0 12.0 31.0
63.0 208.0 12.0 31.0
45.0 209.0 13.0 32.0
36.0 210.0 13.0 33.0
31.0 210.0 13.0 33.0
23.0 211.0 13.0 33.0
15.0 210.0 13.0 34.0
7.0 210.0 13.0 34.0
0.0 211.0 13.0 33.0
-5.0 211.0 13.0 33.0
6.0 212.0 13.0 32.0
10.0 214.0 12.0 31.0
14.0 212.0 13.0 32.0
25.0 213.0 13.0 32.0
53.0 213.0 13.0 33.0
51.0 212.0 13.0 34.0
47.0 213.0 13.0 33.0
42.0 216.0 12.0 31.0
39.0 216.0 12.0 30.0
34.0 216.0 12.0 30.0
28.0 218.0 11.0 29.0
24.0 218.0 11.0 28.0
16.0 219.0 11.0 28.0
7.0 219.0 11.0 28.0
0.0 220.0 10.0 27.0
11.0 247.0 11.0 28.0
10.0 250.0 11.0 27.0
4.0 250.0 11.0 28.0
1.0 250.0 11.0 29.0
-3.0 241.0 12.0 30.0
4.0 221.0 12.0 31.0
1.0 222.0 12.0 30.0
-3.0 223.0 11.0 29.0
8.0 223.0 11.0 28.0
6.0 223.0 11.0 27.0
2.0 223.0 10.0 26.0
8.0 225.0 10.0 25.0
7.0 225.0 9.0 24.0
20.0 224.0 10.0 25.0
18.0 224.0 10.0 25.0
20.0 222.0 10.0 26.0
29.0 222.0 10.0 26.0
