16.0 88.0 19.0 51.0
18.0 88.0 18.0 50.0
20.0 88.0 18.0 50.0
21.0 88.0 18.0 50.0
23.0 89.0 18.0 49.0
25.0 89.0 17.0 48.0
27.0 90.0 17.0 47.0
28.0 89.0 17.0 48.0
29.0 90.0 18.0 49.0
30.0 89.0 18.0 50.0
32.0 91.0 18.0 49.0
34.0 91.0 17.0 48.0
36.0 91.0 17.0 46.0
38.0 92.0 17.0 47.0
39.0 92.0 17.0 46.0
41.0 92.0 17.0 46.0
43.0 92.0 17.0 47.0
44.0 91.0 17.0 48.0
45.0 91.0 18.0 49.0
47.0 91.0 17.0 48.0
48.0 91.0 18.0 49.0
51.0 91.0 17.0 48.0
52.0 92.0 18.0 49.0
53.0 92.0 18.0 49.0
56.0 91.0 17.0 48.0
57.0 91.0 17.0 48.0
59.0 91.0 17.0 48.0
61.0 91.0 17.0 48.0
63.0 91.0 17.0 48.0
64.0 92.0 18.0 49.0
66.0 91.0 18.0 49.0
68.0 91.0 17.0 48.0
69.0 91.0 18.0 49.0
71.0 90.0 17.0 48.0
73.0 91.0 17.0 47.0
75.0 91.0 17.0 47.0
76.0 90.0 17.0 48.0
77.0 92.0 18.0 49.0
79.0 92.0 18.0 49.0
81.0 92.0 18.0 49.0
82.0 92.0 18.0 49.0
85.0 91.0 17.0 48.0
86.0 91.0 17.0 48.0
89.0 92.0 17.0 47.0
89.0 91.0 18.0 49.0
91.0 91.0 17.0 48.0
92.0 91.0 18.0 49.0
94.0 91.0 18.0 49.0
96.0 91.0 18.0 49.0
97.0 90.0 18.0 50.0
99.0 91.0 18.0 49.0
101.0 91.0 18.0 49.0
103.0 91.0 17.0 48.0
105.0 92.0 17.0 47.0
107.0 92.0 17.0 47.0
108.0 91.0 18.0 49.0
110.0 90.0 17.0 48.0
112.0 90.0 17.0 48.0
114.0 91.0 17.0 47.0
116.0 91.0 17.0 47.0
117.0 90.0 17.0 48.0
118.0 90.0 17.0 48.0
119.0 90.0 18.0 49.0
121.0 91.0 18.0 49.0
122.0 89.0 18.0 50.0
123.0 89.0 18.0 50.0
125.0 89.0 18.0 50.0
127.0 89.0 18.0 50.0
129.0 91.0 18.0 49.0
131.0 91.0 18.0 49.0
133.0 91.0 18.0 49.0
135.0 89.0 19.0 52.0
136.0 91.0 18.0 49.0
138.0 92.0 18.0 49.0
140.0 91.0 18.0 49.0
142.0 87.0 19.0 52.0
143.0 88.0 18.0 50.0
144.0 89.0 18.0 50.0
145.0 88.0 18.0 50.0
148.0 88.0 19.0 52.0
149.0 88.0 18.0 50.0
151.0 88.0 19.0 52.0
153.0 90.0 18.0 49.0
155.0 90.0 18.0 49.0
157.0 90.0 18.0 49.0
159.0 89.0 17.0 48.0
160.0 89.0 18.0 49.0
162.0 88.0 17.0 48.0
164.0 89.0 17.0 47.0
165.0 90.0 18.0 49.0
166.0 91.0 18.0 49.0
168.0 90.0 18.0 49.0
170.0 91.0 17.0 47.0
172.0 91.0 18.0 49.0
173.0 89.0 18.0 50.0
174.0 91.0 18.0 49.0
177.0 89.0 17.0 48.0
179.0 90.0 17.0 48.0
180.0 90.0 17.0 46.0
182.0 90.0 17.0 48.0
183.0 90.0 18.0 49.0
185.0 90.0 18.0 49.0
187.0 90.0 18.0 49.0
188.0 91.0 18.0 49.0
191.0 89.0 17.0 48.0
192.0 90.0 18.0 49.0
194.0 89.0 17.0 48.0
196.0 89.0 17.0 48.0
197.0 89.0 18.0 49.0
199.0 89.0 17.0 48.0
200.0 90.0 18.0 49.0
202.0 90.0 17.0 48.0
203.0 89.0 17.0 48.0
204.0 87.0 18.0 49.0
206.0 86.0 18.0 49.0
208.0 86.0 17.0 48.0
209.0 86.0 17.0 48.0
210.0 86.0 18.0 49.0
210.0 81.0 19.0 52.0
210.0 80.0 20.0 54.0
212.0 80.0 20.0 56.0
214.0 79.0 20.0 56.0
216.0 79.0 21.0 57.0
218.0 80.0 21.0 57.0
219.0 80.0 20.0 55.0
222.0 83.0 20.0 54.0
226.0 86.0 19.0 52.0
228.0 88.0 18.0 49.0
230.0 88.0 18.0 49.0
232.0 88.0 17.0 48.0
233.0 89.0 17.0 48.0
235.0 88.0 17.0 48.0
237.0 89.0 17.0 47.0
239.0 87.0 17.0 48.0
240.0 87.0 18.0 49.0
241.0 85.0 19.0 52.0
243.0 85.0 19.0 52.0
245.0 85.0 19.0 53.0
247.0 85.0 19.0 52.0
248.0 87.0 18.0 49.0
250.0 87.0 18.0 49.0
252.0 86.0 17.0 48.0
254.0 86.0 17.0 48.0
255.0 85.0 17.0 48.0
256.0 86.0 18.0 49.0
257.0 84.0 18.0 50.0
260.0 86.0 18.0 49.0
261.0 85.0 18.0 50.0
263.0 87.0 18.0 49.0
265.0 85.0 18.0 50.0
267.0 86.0 19.0 52.0
268.0 86.0 18.0 50.0
270.0 87.0 18.0 49.0
272.0 86.0 18.0 50.0
273.0 86.0 18.0 50.0
276.0 87.0 18.0 49.0
278.0 85.0 19.0 52.0
279.0 86.0 18.0 50.0
281.0 88.0 18.0 49.0
283.0 86.0 19.0 52.0
285.0 85.0 19.0 52.0
286.0 86.0 18.0 50.0
288.0 86.0 18.0 50.0
290.0 86.0 18.0 50.0
292.0 85.0 19.0 52.0
294.0 86.0 19.0 52.0
295.0 87.0 18.0 49.0
297.0 85.0 19.0 52.0
298.0 87.0 18.0 49.0
300.0 85.0 19.0 52.0
302.0 84.0 19.0 52.0
303.0 85.0 18.0 50.0
305.0 85.0 18.0 50.0
306.0 86.0 18.0 50.0
309.0 87.0 18.0 49.0
