692.0 439.0 24.0 79.0
689.0 438.0 24.0 79.0
687.0 438.0 24.0 79.0
684.0 438.0 24.0 79.0
682.0 440.0 23.0 75.0
679.0 438.0 23.0 78.0
676.0 437.0 23.0 78.0
673.0 436.0 23.0 78.0
670.0 436.0 23.0 77.0
667.0 436.0 23.0 75.0
665.0 435.0 23.0 77.0
662.0 434.0 23.0 75.0
660.0 431.0 23.0 78.0
657.0 430.0 23.0 78.0
655.0 430.0 23.0 75.0
653.0 430.0 23.0 75.0
650.0 430.0 23.0 75.0
647.0 430.0 23.0 75.0
643.0 431.0 23.0 75.0
640.0 430.0 22.0 74.0
638.0 432.0 21.0 71.0
634.0 429.0 22.0 74.0
633.0 430.0 21.0 71.0
630.0 429.0 21.0 71.0
627.0 428.0 21.0 71.0
624.0 427.0 21.0 71.0
622.0 426.0 21.0 71.0
619.0 426.0 21.0 71.0
617.0 425.0 21.0 71.0
614.0 425.0 21.0 70.0
612.0 425.0 21.0 70.0
609.0 424.0 21.0 70.0
606.0 424.0 21.0 70.0
603.0 423.0 21.0 70.0
600.0 422.0 21.0 70.0
598.0 422.0 21.0 71.0
595.0 420.0 22.0 72.0
592.0 418.0 23.0 75.0
591.0 418.0 22.0 72.0
590.0 418.0 21.0 71.0
587.0 416.0 21.0 70.0
585.0 416.0 21.0 70.0
583.0 417.0 21.0 71.0
579.0 417.0 21.0 70.0
577.0 418.0 20.0 68.0
574.0 417.0 20.0 68.0
571.0 416.0 21.0 70.0
568.0 416.0 21.0 70.0
566.0 415.0 21.0 70.0
563.0 415.0 20.0 68.0
561.0 413.0 20.0 68.0
559.0 412.0 21.0 71.0
556.0 412.0 20.0 68.0
554.0 412.0 20.0 67.0
551.0 412.0 20.0 67.0
549.0 412.0 20.0 67.0
547.0 412.0 20.0 67.0
544.0 412.0 20.0 67.0
541.0 411.0 20.0 67.0
538.0 411.0 20.0 67.0
537.0 410.0 20.0 66.0
534.0 409.0 20.0 66.0
532.0 408.0 20.0 67.0
530.0 407.0 20.0 67.0
528.0 406.0 20.0 67.0
526.0 405.0 20.0 67.0
524.0 404.0 20.0 66.0
521.0 404.0 20.0 67.0
519.0 404.0 20.0 66.0
517.0 404.0 20.0 66.0
515.0 405.0 19.0 64.0
513.0 406.0 19.0 63.0
510.0 405.0 19.0 64.0
508.0 405.0 18.0 62.0
505.0 404.0 19.0 64.0
503.0 403.0 19.0 64.0
501.0 402.0 19.0 64.0
499.0 401.0 19.0 63.0
497.0 400.0 19.0 64.0
495.0 400.0 19.0 63.0
493.0 399.0 19.0 64.0
491.0 400.0 18.0 62.0
489.0 400.0 18.0 62.0
487.0 400.0 18.0 62.0
485.0 399.0 18.0 62.0
482.0 398.0 19.0 64.0
479.0 397.0 20.0 66.0
477.0 398.0 19.0 63.0
475.0 396.0 18.0 62.0
474.0 396.0 19.0 63.0
472.0 394.0 18.0 62.0
471.0 394.0 18.0 61.0
469.0 394.0 18.0 61.0
466.0 394.0 18.0 59.0
464.0 394.0 18.0 59.0
463.0 394.0 18.0 59.0
461.0 395.0 17.0 57.0
459.0 395.0 17.0 57.0
457.0 395.0 17.0 56.0
454.0 394.0 17.0 57.0
452.0 393.0 17.0 58.0
450.0 392.0 17.0 58.0
448.0 391.0 18.0 61.0
446.0 390.0 17.0 58.0
444.0 389.0 18.0 61.0
442.0 389.0 18.0 59.0
440.0 389.0 18.0 59.0
438.0 389.0 18.0 59.0
437.0 388.0 17.0 58.0
435.0 389.0 17.0 57.0
433.0 389.0 17.0 57.0
430.0 388.0 18.0 59.0
429.0 387.0 18.0 61.0
427.0 386.0 18.0 61.0
425.0 386.0 18.0 59.0
424.0 385.0 17.0 58.0
422.0 384.0 18.0 61.0
421.0 383.0 17.0 58.0
419.0 383.0 17.0 58.0
418.0 382.0 17.0 58.0
416.0 383.0 17.0 57.0
415.0 384.0 17.0 56.0
412.0 384.0 17.0 57.0
410.0 385.0 16.0 55.0
408.0 384.0 17.0 57.0
406.0 384.0 16.0 55.0
404.0 383.0 17.0 57.0
402.0 382.0 17.0 57.0
400.0 381.0 17.0 56.0
398.0 380.0 17.0 57.0
397.0 380.0 17.0 56.0
395.0 380.0 16.0 55.0
393.0 379.0 17.0 57.0
392.0 379.0 17.0 56.0
389.0 379.0 17.0 57.0
388.0 379.0 17.0 57.0
386.0 380.0 16.0 55.0
384.0 379.0 17.0 57.0
382.0 377.0 17.0 58.0
380.0 378.0 17.0 57.0
379.0 377.0 17.0 56.0
377.0 376.0 17.0 57.0
376.0 376.0 16.0 55.0
375.0 375.0 17.0 56.0
373.0 374.0 17.0 57.0
371.0 375.0 16.0 55.0
370.0 375.0 16.0 55.0
368.0 376.0 16.0 53.0
366.0 376.0 16.0 53.0
364.0 376.0 16.0 53.0
362.0 376.0 16.0 53.0
360.0 376.0 16.0 53.0
359.0 375.0 15.0 52.0
358.0 374.0 15.0 52.0
354.0 372.0 16.0 54.0
354.0 373.0 15.0 52.0
352.0 372.0 15.0 51.0
350.0 372.0 15.0 51.0
349.0 372.0 15.0 51.0
347.0 371.0 16.0 53.0
345.0 370.0 16.0 54.0
343.0 370.0 16.0 54.0
341.0 370.0 16.0 54.0
340.0 371.0 16.0 53.0
338.0 369.0 16.0 54.0
338.0 370.0 15.0 52.0
335.0 368.0 16.0 54.0
334.0 369.0 16.0 53.0
333.0 368.0 15.0 51.0
331.0 367.0 16.0 53.0
330.0 366.0 15.0 51.0
329.0 366.0 16.0 53.0
328.0 366.0 15.0 52.0
326.0 366.0 16.0 53.0
325.0 366.0 15.0 52.0
323.0 367.0 15.0 50.0
321.0 367.0 15.0 50.0
319.0 367.0 15.0 50.0
318.0 366.0 15.0 50.0
315.0 365.0 15.0 51.0
313.0 365.0 16.0 53.0
312.0 364.0 15.0 51.0
311.0 363.0 15.0 52.0
309.0 363.0 15.0 51.0
308.0 362.0 15.0 52.0
305.0 362.0 16.0 53.0
305.0 362.0 15.0 52.0
303.0 363.0 15.0 51.0
302.0 362.0 15.0 52.0
300.0 362.0 15.0 51.0
298.0 362.0 15.0 51.0
297.0 361.0 15.0 52.0
295.0 361.0 15.0 52.0
292.0 359.0 16.0 54.0
291.0 359.0 16.0 53.0
291.0 358.0 15.0 52.0
289.0 358.0 15.0 51.0
288.0 358.0 15.0 50.0
286.0 358.0 15.0 50.0
285.0 358.0 15.0 50.0
283.0 358.0 15.0 51.0
281.0 359.0 14.0 49.0
279.0 359.0 14.0 49.0
277.0 359.0 14.0 49.0
276.0 358.0 15.0 50.0
274.0 358.0 15.0 50.0
273.0 358.0 14.0 48.0
271.0 357.0 14.0 49.0
270.0 356.0 15.0 50.0
268.0 355.0 15.0 50.0
267.0 355.0 15.0 50.0
265.0 355.0 15.0 50.0
264.0 355.0 15.0 50.0
262.0 356.0 14.0 48.0
260.0 356.0 14.0 49.0
259.0 355.0 15.0 50.0
257.0 355.0 15.0 50.0
255.0 354.0 15.0 50.0
254.0 354.0 15.0 50.0
252.0 353.0 15.0 50.0
251.0 352.0 15.0 52.0
249.0 352.0 15.0 50.0
248.0 351.0 15.0 50.0
247.0 351.0 15.0 50.0
245.0 351.0 14.0 48.0
244.0 351.0 14.0 48.0
242.0 352.0 14.0 48.0
240.0 352.0 14.0 46.0
238.0 353.0 14.0 46.0
237.0 353.0 14.0 46.0
235.0 352.0 14.0 46.0
233.0 351.0 14.0 48.0
231.0 351.0 14.0 48.0
230.0 351.0 14.0 46.0
228.0 350.0 14.0 47.0
227.0 349.0 14.0 48.0
225.0 348.0 15.0 50.0
224.0 348.0 14.0 48.0
222.0 349.0 14.0 47.0
220.0 349.0 14.0 47.0
220.0 350.0 13.0 45.0
218.0 350.0 13.0 45.0
216.0 349.0 14.0 47.0
214.0 349.0 14.0 47.0
213.0 348.0 14.0 48.0
211.0 347.0 14.0 49.0
211.0 347.0 14.0 48.0
209.0 346.0 14.0 47.0
208.0 345.0 14.0 48.0
207.0 346.0 14.0 46.0
205.0 345.0 14.0 46.0
204.0 346.0 13.0 45.0
203.0 346.0 13.0 45.0
201.0 346.0 14.0 46.0
200.0 347.0 13.0 44.0
199.0 347.0 13.0 44.0
197.0 347.0 13.0 44.0
196.0 346.0 13.0 44.0
194.0 345.0 13.0 45.0
192.0 344.0 14.0 46.0
191.0 344.0 14.0 46.0
189.0 342.0 14.0 48.0
188.0 343.0 14.0 47.0
187.0 343.0 13.0 45.0
185.0 343.0 14.0 47.0
185.0 344.0 13.0 45.0
183.0 344.0 13.0 45.0
183.0 344.0 13.0 44.0
181.0 344.0 13.0 44.0
180.0 343.0 13.0 44.0
178.0 343.0 13.0 44.0
176.0 342.0 14.0 46.0
174.0 341.0 14.0 47.0
174.0 340.0 14.0 46.0
173.0 340.0 13.0 44.0
172.0 340.0 13.0 44.0
171.0 340.0 13.0 44.0
170.0 340.0 13.0 44.0
168.0 340.0 13.0 44.0
167.0 341.0 13.0 44.0
165.0 341.0 13.0 44.0
164.0 341.0 13.0 44.0
162.0 341.0 13.0 44.0
160.0 340.0 13.0 44.0
158.0 340.0 13.0 45.0
157.0 339.0 14.0 46.0
156.0 338.0 13.0 45.0
155.0 338.0 13.0 44.0
154.0 338.0 13.0 44.0
151.0 337.0 14.0 46.0
151.0 338.0 13.0 44.0
150.0 338.0 13.0 44.0
149.0 338.0 13.0 44.0
147.0 338.0 13.0 45.0
145.0 338.0 13.0 45.0
144.0 338.0 13.0 44.0
142.0 338.0 13.0 45.0
142.0 338.0 13.0 44.0
140.0 337.0 13.0 44.0
139.0 336.0 13.0 44.0
138.0 336.0 13.0 44.0
136.0 335.0 14.0 46.0
136.0 335.0 13.0 44.0
134.0 335.0 13.0 43.0
133.0 336.0 13.0 43.0
132.0 336.0 12.0 42.0
130.0 336.0 12.0 42.0
129.0 338.0 12.0 41.0
128.0 338.0 12.0 41.0
126.0 337.0 12.0 41.0
125.0 337.0 12.0 41.0
123.0 335.0 12.0 42.0
122.0 334.0 12.0 42.0
121.0 335.0 12.0 41.0
120.0 334.0 12.0 41.0
118.0 334.0 12.0 39.0
117.0 333.0 12.0 40.0
116.0 333.0 12.0 40.0
115.0 334.0 12.0 40.0
115.0 335.0 12.0 41.0
114.0 335.0 12.0 41.0
113.0 334.0 12.0 41.0
112.0 333.0 12.0 42.0
111.0 333.0 12.0 41.0
110.0 332.0 12.0 42.0
109.0 331.0 12.0 42.0
108.0 332.0 12.0 41.0
107.0 331.0 12.0 39.0
106.0 331.0 12.0 39.0
105.0 330.0 12.0 40.0
104.0 331.0 12.0 39.0
103.0 331.0 12.0 40.0
102.0 332.0 12.0 39.0
101.0 332.0 12.0 39.0
100.0 332.0 12.0 39.0
99.0 332.0 12.0 39.0
98.0 331.0 12.0 41.0
97.0 331.0 12.0 41.0
95.0 330.0 12.0 39.0
95.0 329.0 12.0 41.0
94.0 329.0 12.0 41.0
93.0 328.0 12.0 41.0
92.0 328.0 12.0 41.0
91.0 328.0 12.0 41.0
90.0 328.0 12.0 41.0
89.0 329.0 12.0 39.0
88.0 329.0 12.0 39.0
88.0 328.0 12.0 41.0
86.0 328.0 12.0 41.0
85.0 327.0 12.0 40.0
84.0 328.0 12.0 39.0
83.0 327.0 12.0 39.0
82.0 326.0 12.0 39.0
81.0 326.0 12.0 39.0
80.0 326.0 12.0 39.0
80.0 325.0 12.0 41.0
79.0 326.0 12.0 39.0
78.0 325.0 12.0 40.0
77.0 326.0 12.0 39.0
76.0 326.0 12.0 39.0
75.0 326.0 12.0 39.0
74.0 325.0 12.0 40.0
73.0 326.0 12.0 39.0
72.0 325.0 12.0 39.0
71.0 325.0 12.0 39.0
70.0 324.0 12.0 39.0
69.0 324.0 12.0 39.0
68.0 324.0 12.0 39.0
68.0 324.0 11.0 38.0
67.0 324.0 11.0 37.0
67.0 324.0 11.0 37.0
64.0 323.0 12.0 39.0
64.0 323.0 12.0 39.0
64.0 325.0 11.0 37.0
62.0 324.0 12.0 39.0
61.0 323.0 12.0 39.0
60.0 323.0 12.0 39.0
59.0 323.0 12.0 39.0
58.0 321.0 12.0 40.0
57.0 322.0 12.0 39.0
57.0 321.0 12.0 39.0
56.0 320.0 12.0 39.0
55.0 320.0 12.0 39.0
54.0 320.0 12.0 39.0
54.0 320.0 12.0 39.0
53.0 321.0 12.0 39.0
52.0 321.0 12.0 39.0
51.0 321.0 12.0 39.0
50.0 321.0 12.0 39.0
49.0 321.0 12.0 39.0
48.0 320.0 12.0 39.0
47.0 320.0 12.0 39.0
46.0 319.0 12.0 39.0
46.0 320.0 11.0 37.0
44.0 318.0 12.0 39.0
43.0 318.0 12.0 39.0
44.0 319.0 11.0 37.0
42.0 318.0 11.0 36.0
42.0 319.0 11.0 37.0
41.0 319.0 11.0 36.0
41.0 319.0 11.0 37.0
40.0 319.0 11.0 37.0
39.0 319.0 11.0 37.0
38.0 319.0 11.0 37.0
37.0 318.0 11.0 37.0
37.0 318.0 11.0 37.0
35.0 316.0 12.0 39.0
34.0 315.0 12.0 39.0
33.0 315.0 12.0 39.0
33.0 315.0 12.0 39.0
32.0 315.0 12.0 39.0
31.0 315.0 12.0 39.0
