130.0 132.0 31.0 115.0
130.0 132.0 31.0 115.0
130.0 132.0 31.0 115.0
130.0 132.0 30.0 112.0
130.0 131.0 31.0 115.0
129.0 130.0 31.0 115.0
129.0 129.0 31.0 115.0
129.0 128.0 31.0 115.0
129.0 127.0 31.0 117.0
129.0 127.0 31.0 115.0
129.0 126.0 31.0 117.0
128.0 127.0 31.0 115.0
128.0 127.0 31.0 115.0
127.0 127.0 31.0 115.0
127.0 127.0 31.0 117.0
126.0 126.0 31.0 117.0
125.0 125.0 30.0 112.0
125.0 123.0 31.0 117.0
125.0 123.0 31.0 115.0
125.0 122.0 29.0 110.0
125.0 122.0 29.0 110.0
125.0 122.0 29.0 110.0
125.0 123.0 29.0 108.0
125.0 124.0 28.0 106.0
125.0 124.0 28.0 106.0
125.0 122.0 29.0 108.0
125.0 122.0 29.0 108.0
125.0 121.0 29.0 108.0
125.0 119.0 29.0 110.0
125.0 118.0 29.0 110.0
125.0 118.0 29.0 108.0
125.0 117.0 29.0 110.0
125.0 117.0 29.0 110.0
125.0 118.0 29.0 108.0
124.0 118.0 29.0 108.0
124.0 118.0 29.0 108.0
123.0 118.0 29.0 108.0
123.0 117.0 29.0 108.0
123.0 115.0 29.0 110.0
122.0 114.0 29.0 110.0
122.0 114.0 29.0 108.0
122.0 113.0 29.0 108.0
122.0 114.0 28.0 106.0
122.0 114.0 28.0 106.0
124.0 116.0 27.0 102.0
122.0 115.0 28.0 104.0
124.0 116.0 27.0 102.0
122.0 114.0 28.0 106.0
123.0 113.0 28.0 106.0
123.0 113.0 28.0 104.0
123.0 111.0 28.0 104.0
123.0 110.0 28.0 106.0
123.0 109.0 28.0 106.0
124.0 110.0 27.0 102.0
122.0 109.0 28.0 104.0
124.0 111.0 27.0 102.0
123.0 111.0 27.0 102.0
123.0 111.0 27.0 102.0
123.0 111.0 27.0 102.0
122.0 110.0 27.0 102.0
122.0 109.0 27.0 102.0
122.0 108.0 27.0 102.0
121.0 108.0 26.0 100.0
121.0 107.0 26.0 100.0
121.0 107.0 26.0 100.0
121.0 108.0 26.0 100.0
121.0 108.0 26.0 98.0
121.0 108.0 26.0 98.0
121.0 108.0 26.0 98.0
121.0 107.0 26.0 98.0
121.0 106.0 26.0 98.0
121.0 105.0 26.0 98.0
122.0 104.0 26.0 100.0
122.0 103.0 26.0 100.0
122.0 103.0 26.0 100.0
122.0 103.0 26.0 100.0
122.0 103.0 26.0 100.0
121.0 103.0 26.0 100.0
121.0 104.0 26.0 98.0
120.0 104.0 26.0 98.0
120.0 103.0 26.0 98.0
121.0 103.0 25.0 96.0
119.0 101.0 26.0 98.0
119.0 101.0 26.0 98.0
119.0 100.0 26.0 98.0
119.0 100.0 26.0 98.0
120.0 101.0 25.0 96.0
120.0 101.0 25.0 96.0
120.0 101.0 25.0 96.0
120.0 101.0 25.0 94.0
120.0 101.0 25.0 94.0
120.0 101.0 25.0 94.0
120.0 100.0 25.0 94.0
121.0 99.0 25.0 96.0
121.0 99.0 24.0 92.0
121.0 97.0 25.0 96.0
121.0 97.0 25.0 96.0
121.0 97.0 25.0 96.0
121.0 99.0 24.0 92.0
121.0 99.0 24.0 92.0
121.0 99.0 24.0 92.0
120.0 99.0 24.0 92.0
120.0 98.0 24.0 92.0
120.0 97.0 24.0 92.0
120.0 96.0 24.0 92.0
120.0 96.0 24.0 92.0
119.0 95.0 24.0 92.0
119.0 95.0 24.0 92.0
119.0 95.0 24.0 92.0
119.0 95.0 24.0 92.0
119.0 95.0 24.0 92.0
119.0 95.0 24.0 92.0
119.0 95.0 24.0 92.0
120.0 94.0 24.0 92.0
119.0 94.0 24.0 92.0
119.0 93.0 24.0 90.0
119.0 92.0 24.0 90.0
119.0 91.0 24.0 92.0
119.0 91.0 24.0 90.0
120.0 92.0 23.0 88.0
120.0 93.0 23.0 88.0
119.0 93.0 23.0 88.0
117.0 92.0 24.0 90.0
117.0 92.0 24.0 90.0
118.0 92.0 23.0 88.0
118.0 91.0 23.0 88.0
117.0 90.0 23.0 88.0
116.0 89.0 24.0 90.0
115.0 88.0 24.0 90.0
117.0 89.0 23.0 88.0
117.0 89.0 23.0 88.0
116.0 90.0 23.0 88.0
116.0 90.0 23.0 87.0
116.0 90.0 23.0 87.0
116.0 90.0 23.0 87.0
116.0 89.0 23.0 87.0
116.0 88.0 23.0 88.0
115.0 87.0 23.0 87.0
115.0 86.0 23.0 87.0
115.0 86.0 23.0 87.0
115.0 86.0 23.0 87.0
115.0 86.0 23.0 87.0
114.0 87.0 23.0 85.0
114.0 87.0 23.0 85.0
113.0 87.0 23.0 85.0
113.0 86.0 23.0 87.0
112.0 86.0 23.0 87.0
112.0 85.0 23.0 87.0
111.0 85.0 23.0 85.0
111.0 85.0 23.0 85.0
111.0 83.0 23.0 87.0
111.0 84.0 23.0 85.0
111.0 86.0 22.0 83.0
111.0 86.0 22.0 83.0
110.0 86.0 22.0 83.0
110.0 86.0 22.0 83.0
111.0 86.0 22.0 83.0
111.0 85.0 22.0 83.0
110.0 84.0 22.0 83.0
110.0 83.0 22.0 83.0
110.0 82.0 22.0 83.0
110.0 82.0 22.0 83.0
110.0 82.0 22.0 83.0
110.0 82.0 22.0 83.0
110.0 82.0 22.0 82.0
109.0 82.0 22.0 82.0
109.0 82.0 22.0 82.0
108.0 82.0 22.0 82.0
108.0 82.0 22.0 83.0
107.0 81.0 22.0 83.0
107.0 80.0 22.0 83.0
107.0 79.0 22.0 82.0
107.0 79.0 22.0 82.0
106.0 79.0 22.0 82.0
106.0 79.0 22.0 82.0
106.0 79.0 22.0 82.0
106.0 80.0 21.0 80.0
106.0 80.0 21.0 80.0
107.0 79.0 21.0 80.0
106.0 79.0 22.0 82.0
106.0 78.0 22.0 82.0
106.0 77.0 22.0 82.0
106.0 76.0 22.0 82.0
106.0 76.0 21.0 80.0
106.0 77.0 21.0 78.0
106.0 77.0 21.0 78.0
106.0 77.0 21.0 80.0
106.0 77.0 21.0 80.0
105.0 77.0 21.0 80.0
105.0 77.0 21.0 78.0
105.0 77.0 21.0 78.0
104.0 76.0 21.0 78.0
104.0 76.0 20.0 77.0
104.0 75.0 21.0 78.0
104.0 75.0 21.0 78.0
104.0 75.0 21.0 78.0
104.0 75.0 21.0 78.0
103.0 75.0 21.0 78.0
103.0 75.0 21.0 78.0
103.0 76.0 21.0 78.0
104.0 75.0 21.0 78.0
104.0 75.0 21.0 78.0
104.0 74.0 21.0 78.0
103.0 73.0 22.0 82.0
103.0 73.0 22.0 82.0
103.0 73.0 22.0 82.0
103.0 72.0 21.0 78.0
102.0 72.0 21.0 78.0
102.0 73.0 20.0 77.0
102.0 73.0 20.0 77.0
102.0 73.0 20.0 77.0
101.0 73.0 20.0 77.0
101.0 73.0 20.0 77.0
101.0 72.0 20.0 77.0
101.0 72.0 20.0 75.0
101.0 72.0 20.0 75.0
101.0 71.0 20.0 74.0
101.0 71.0 20.0 74.0
101.0 71.0 20.0 74.0
101.0 71.0 20.0 74.0
101.0 72.0 20.0 74.0
101.0 72.0 20.0 74.0
101.0 72.0 20.0 74.0
101.0 71.0 20.0 74.0
101.0 70.0 20.0 74.0
101.0 70.0 20.0 74.0
101.0 69.0 20.0 74.0
101.0 68.0 20.0 74.0
100.0 68.0 20.0 74.0
100.0 69.0 20.0 74.0
101.0 70.0 19.0 72.0
100.0 69.0 20.0 74.0
100.0 69.0 20.0 74.0
99.0 69.0 20.0 74.0
99.0 69.0 20.0 74.0
99.0 69.0 20.0 74.0
100.0 68.0 19.0 72.0
99.0 67.0 20.0 74.0
100.0 67.0 19.0 72.0
100.0 67.0 19.0 72.0
100.0 67.0 19.0 72.0
100.0 68.0 19.0 72.0
100.0 68.0 19.0 72.0
100.0 68.0 19.0 72.0
100.0 68.0 19.0 72.0
100.0 68.0 19.0 72.0
100.0 67.0 19.0 71.0
101.0 66.0 19.0 72.0
101.0 65.0 19.0 72.0
101.0 65.0 19.0 72.0
101.0 65.0 19.0 72.0
101.0 65.0 19.0 72.0
100.0 66.0 19.0 71.0
100.0 66.0 19.0 71.0
100.0 66.0 19.0 71.0
100.0 66.0 19.0 71.0
100.0 65.0 19.0 71.0
100.0 65.0 19.0 71.0
100.0 64.0 18.0 70.0
101.0 63.0 19.0 72.0
101.0 63.0 19.0 72.0
101.0 63.0 19.0 72.0
101.0 63.0 19.0 72.0
101.0 64.0 18.0 70.0
101.0 65.0 18.0 68.0
101.0 64.0 18.0 68.0
102.0 64.0 18.0 68.0
102.0 63.0 18.0 70.0
102.0 62.0 18.0 70.0
102.0 62.0 18.0 70.0
102.0 62.0 18.0 70.0
102.0 61.0 18.0 70.0
102.0 61.0 18.0 70.0
102.0 61.0 18.0 70.0
102.0 61.0 18.0 70.0
102.0 61.0 18.0 70.0
102.0 62.0 18.0 68.0
101.0 62.0 18.0 68.0
101.0 62.0 18.0 68.0
101.0 60.0 18.0 70.0
101.0 60.0 18.0 70.0
101.0 59.0 18.0 70.0
101.0 60.0 18.0 68.0
101.0 60.0 18.0 68.0
101.0 60.0 18.0 68.0
101.0 60.0 18.0 68.0
101.0 60.0 18.0 68.0
103.0 61.0 17.0 66.0
101.0 61.0 18.0 67.0
101.0 60.0 18.0 68.0
101.0 59.0 18.0 68.0
101.0 58.0 18.0 68.0
101.0 58.0 18.0 68.0
101.0 57.0 18.0 68.0
101.0 58.0 18.0 67.0
101.0 58.0 18.0 67.0
101.0 59.0 18.0 67.0
101.0 59.0 18.0 67.0
101.0 59.0 18.0 67.0
101.0 59.0 18.0 67.0
101.0 58.0 18.0 67.0
101.0 57.0 18.0 68.0
100.0 56.0 18.0 68.0
100.0 56.0 18.0 68.0
100.0 56.0 18.0 68.0
100.0 56.0 18.0 68.0
100.0 57.0 18.0 67.0
102.0 57.0 17.0 66.0
102.0 58.0 17.0 64.0
102.0 57.0 17.0 66.0
102.0 58.0 17.0 64.0
102.0 57.0 17.0 66.0
102.0 56.0 17.0 66.0
102.0 56.0 17.0 66.0
102.0 55.0 17.0 66.0
102.0 54.0 17.0 66.0
102.0 54.0 17.0 66.0
100.0 54.0 18.0 67.0
100.0 55.0 18.0 67.0
101.0 55.0 17.0 66.0
101.0 56.0 17.0 64.0
100.0 55.0 18.0 67.0
101.0 55.0 17.0 66.0
100.0 55.0 17.0 64.0
100.0 54.0 17.0 66.0
100.0 53.0 17.0 66.0
100.0 54.0 17.0 64.0
100.0 53.0 17.0 66.0
100.0 54.0 17.0 64.0
100.0 54.0 17.0 64.0
100.0 54.0 17.0 64.0
100.0 54.0 17.0 64.0
100.0 54.0 17.0 64.0
100.0 54.0 17.0 64.0
100.0 53.0 17.0 64.0
100.0 53.0 17.0 63.0
100.0 53.0 17.0 63.0
100.0 52.0 17.0 64.0
100.0 52.0 17.0 63.0
100.0 52.0 17.0 63.0
100.0 53.0 17.0 63.0
100.0 53.0 17.0 63.0
100.0 53.0 17.0 63.0
99.0 53.0 17.0 63.0
99.0 53.0 17.0 63.0
99.0 52.0 17.0 64.0
99.0 52.0 17.0 64.0
99.0 51.0 17.0 64.0
99.0 51.0 17.0 64.0
99.0 50.0 17.0 64.0
99.0 51.0 17.0 63.0
99.0 51.0 17.0 63.0
99.0 52.0 16.0 61.0
99.0 52.0 16.0 61.0
99.0 51.0 16.0 62.0
99.0 51.0 16.0 62.0
99.0 51.0 16.0 62.0
99.0 50.0 17.0 63.0
99.0 49.0 17.0 63.0
99.0 49.0 16.0 62.0
99.0 49.0 16.0 62.0
99.0 49.0 16.0 62.0
99.0 49.0 16.0 62.0
99.0 49.0 16.0 62.0
99.0 49.0 16.0 62.0
99.0 49.0 16.0 62.0
99.0 49.0 16.0 62.0
98.0 49.0 16.0 62.0
98.0 48.0 16.0 62.0
99.0 49.0 16.0 61.0
98.0 49.0 16.0 61.0
98.0 49.0 16.0 61.0
98.0 49.0 16.0 61.0
99.0 49.0 16.0 61.0
98.0 49.0 16.0 59.0
98.0 49.0 16.0 59.0
98.0 49.0 16.0 59.0
98.0 49.0 16.0 59.0
99.0 49.0 16.0 59.0
99.0 48.0 16.0 59.0
99.0 48.0 16.0 59.0
99.0 47.0 16.0 59.0
99.0 47.0 16.0 59.0
99.0 47.0 16.0 59.0
99.0 47.0 16.0 59.0
99.0 48.0 16.0 59.0
99.0 48.0 16.0 59.0
99.0 48.0 16.0 59.0
99.0 49.0 15.0 57.0
99.0 48.0 15.0 57.0
98.0 47.0 16.0 59.0
99.0 47.0 15.0 57.0
99.0 46.0 15.0 58.0
98.0 46.0 16.0 59.0
99.0 46.0 15.0 58.0
98.0 46.0 16.0 59.0
98.0 46.0 16.0 59.0
99.0 47.0 15.0 57.0
99.0 47.0 15.0 57.0
99.0 47.0 15.0 58.0
99.0 47.0 15.0 57.0
99.0 46.0 15.0 58.0
99.0 45.0 15.0 58.0
99.0 45.0 15.0 58.0
98.0 45.0 15.0 57.0
99.0 45.0 15.0 58.0
98.0 45.0 15.0 57.0
98.0 45.0 15.0 57.0
98.0 45.0 15.0 58.0
98.0 45.0 15.0 58.0
98.0 45.0 15.0 58.0
97.0 45.0 15.0 58.0
97.0 44.0 15.0 58.0
97.0 44.0 15.0 58.0
97.0 44.0 15.0 58.0
97.0 44.0 15.0 58.0
97.0 44.0 15.0 58.0
96.0 44.0 15.0 58.0
96.0 44.0 15.0 57.0
96.0 44.0 15.0 57.0
96.0 44.0 15.0 57.0
96.0 44.0 15.0 57.0
96.0 44.0 15.0 57.0
95.0 43.0 15.0 57.0
95.0 43.0 15.0 57.0
95.0 42.0 15.0 57.0
95.0 42.0 15.0 56.0
95.0 42.0 15.0 57.0
95.0 42.0 15.0 57.0
94.0 42.0 15.0 56.0
94.0 42.0 15.0 56.0
94.0 42.0 15.0 56.0
93.0 43.0 15.0 57.0
93.0 43.0 14.0 55.0
93.0 42.0 15.0 56.0
93.0 41.0 15.0 56.0
93.0 41.0 15.0 56.0
93.0 42.0 14.0 55.0
93.0 42.0 14.0 55.0
93.0 43.0 14.0 55.0
93.0 43.0 14.0 55.0
93.0 43.0 14.0 55.0
92.0 41.0 15.0 56.0
92.0 41.0 15.0 56.0
93.0 42.0 14.0 55.0
93.0 42.0 14.0 55.0
93.0 42.0 14.0 55.0
93.0 41.0 14.0 55.0
92.0 39.0 15.0 56.0
92.0 39.0 15.0 56.0
92.0 40.0 15.0 56.0
92.0 40.0 15.0 56.0
92.0 42.0 14.0 55.0
92.0 40.0 15.0 56.0
92.0 41.0 14.0 55.0
92.0 41.0 14.0 55.0
92.0 40.0 14.0 55.0
92.0 40.0 14.0 55.0
92.0 40.0 14.0 55.0
92.0 40.0 14.0 55.0
92.0 40.0 14.0 55.0
92.0 40.0 14.0 55.0
91.0 41.0 14.0 53.0
91.0 40.0 14.0 54.0
92.0 40.0 14.0 55.0
92.0 39.0 14.0 54.0
92.0 39.0 14.0 54.0
92.0 38.0 14.0 54.0
92.0 37.0 15.0 56.0
92.0 38.0 14.0 54.0
92.0 38.0 14.0 54.0
92.0 38.0 14.0 54.0
92.0 39.0 14.0 53.0
92.0 38.0 14.0 54.0
92.0 38.0 14.0 54.0
92.0 38.0 14.0 54.0
92.0 38.0 14.0 54.0
92.0 39.0 14.0 53.0
92.0 38.0 14.0 53.0
92.0 37.0 14.0 54.0
92.0 37.0 14.0 55.0
92.0 37.0 14.0 55.0
92.0 37.0 14.0 55.0
92.0 37.0 14.0 55.0
92.0 37.0 14.0 54.0
92.0 38.0 14.0 53.0
92.0 38.0 14.0 53.0
93.0 37.0 14.0 54.0
93.0 37.0 14.0 55.0
94.0 37.0 14.0 55.0
94.0 36.0 14.0 55.0
94.0 36.0 14.0 55.0
94.0 36.0 14.0 55.0
94.0 36.0 14.0 55.0
94.0 37.0 14.0 53.0
94.0 37.0 14.0 53.0
94.0 37.0 14.0 53.0
94.0 36.0 14.0 54.0
94.0 37.0 14.0 53.0
93.0 36.0 14.0 53.0
