213.0 121.0 21.0 95.0
212.0 119.0 21.0 96.0
211.0 118.0 21.0 96.0
208.0 117.0 21.0 95.0
208.0 115.0 21.0 96.0
207.0 114.0 21.0 96.0
207.0 113.0 21.0 96.0
208.0 112.0 21.0 96.0
209.0 111.0 21.0 96.0
208.0 109.0 22.0 100.0
211.0 107.0 21.0 98.0
214.0 107.0 22.0 100.0
217.0 107.0 22.0 100.0
219.0 109.0 21.0 96.0
218.0 109.0 21.0 96.0
217.0 110.0 20.0 94.0
216.0 110.0 20.0 94.0
216.0 109.0 21.0 96.0
213.0 107.0 22.0 100.0
212.0 105.0 22.0 102.0
214.0 104.0 21.0 98.0
214.0 103.0 22.0 100.0
214.0 102.0 22.0 100.0
215.0 102.0 22.0 100.0
216.0 101.0 22.0 100.0
219.0 103.0 21.0 96.0
219.0 103.0 21.0 96.0
217.0 101.0 22.0 100.0
218.0 101.0 21.0 96.0
219.0 100.0 21.0 96.0
218.0 98.0 20.0 94.0
219.0 98.0 20.0 94.0
221.0 99.0 20.0 93.0
222.0 98.0 21.0 96.0
222.0 97.0 22.0 100.0
222.0 97.0 22.0 100.0
223.0 98.0 21.0 96.0
222.0 98.0 20.0 94.0
223.0 98.0 20.0 94.0
223.0 97.0 20.0 94.0
223.0 99.0 20.0 93.0
222.0 101.0 20.0 94.0
222.0 102.0 21.0 98.0
224.0 106.0 21.0 96.0
223.0 108.0 22.0 100.0
223.0 109.0 21.0 98.0
222.0 109.0 21.0 98.0
222.0 112.0 20.0 94.0
221.0 114.0 20.0 91.0
219.0 114.0 20.0 91.0
215.0 114.0 20.0 91.0
212.0 113.0 20.0 93.0
207.0 111.0 20.0 91.0
203.0 109.0 20.0 93.0
200.0 107.0 19.0 89.0
200.0 105.0 20.0 93.0
199.0 103.0 21.0 96.0
198.0 103.0 21.0 96.0
198.0 104.0 21.0 98.0
199.0 106.0 21.0 96.0
200.0 107.0 21.0 96.0
202.0 110.0 20.0 93.0
203.0 112.0 20.0 93.0
204.0 113.0 20.0 93.0
206.0 112.0 20.0 93.0
203.0 110.0 21.0 96.0
201.0 111.0 20.0 93.0
203.0 111.0 20.0 93.0
205.0 110.0 20.0 93.0
208.0 108.0 20.0 94.0
214.0 109.0 20.0 93.0
220.0 106.0 20.0 94.0
223.0 104.0 20.0 91.0
224.0 102.0 20.0 93.0
220.0 101.0 20.0 94.0
215.0 100.0 20.0 93.0
209.0 100.0 20.0 91.0
203.0 104.0 19.0 87.0
198.0 101.0 20.0 91.0
198.0 97.0 20.0 93.0
196.0 91.0 21.0 96.0
196.0 83.0 20.0 94.0
198.0 77.0 21.0 96.0
201.0 74.0 20.0 93.0
202.0 73.0 20.0 93.0
203.0 69.0 21.0 96.0
204.0 67.0 21.0 98.0
206.0 66.0 22.0 102.0
205.0 67.0 23.0 104.0
205.0 74.0 22.0 100.0
204.0 80.0 22.0 102.0
204.0 86.0 22.0 102.0
205.0 91.0 22.0 100.0
205.0 92.0 22.0 102.0
205.0 97.0 22.0 100.0
207.0 101.0 21.0 98.0
209.0 104.0 21.0 98.0
209.0 111.0 20.0 94.0
208.0 118.0 20.0 91.0
207.0 122.0 20.0 91.0
207.0 126.0 19.0 87.0
205.0 127.0 20.0 91.0
205.0 128.0 20.0 93.0
205.0 129.0 20.0 91.0
206.0 129.0 20.0 91.0
205.0 129.0 20.0 91.0
204.0 129.0 20.0 91.0
204.0 127.0 20.0 94.0
206.0 125.0 21.0 96.0
205.0 123.0 20.0 94.0
206.0 122.0 20.0 93.0
206.0 120.0 19.0 89.0
207.0 117.0 20.0 93.0
207.0 114.0 21.0 96.0
207.0 114.0 20.0 93.0
208.0 113.0 20.0 93.0
208.0 113.0 20.0 93.0
208.0 113.0 20.0 93.0
208.0 114.0 20.0 91.0
211.0 117.0 19.0 87.0
210.0 119.0 18.0 84.0
211.0 121.0 17.0 81.0
212.0 124.0 17.0 77.0
212.0 123.0 17.0 81.0
214.0 124.0 17.0 79.0
216.0 123.0 17.0 81.0
216.0 122.0 18.0 84.0
217.0 122.0 18.0 84.0
220.0 122.0 19.0 86.0
221.0 122.0 19.0 89.0
222.0 122.0 20.0 91.0
224.0 123.0 20.0 91.0
225.0 125.0 20.0 91.0
227.0 126.0 19.0 89.0
226.0 126.0 20.0 91.0
228.0 127.0 19.0 89.0
229.0 127.0 19.0 89.0
229.0 126.0 20.0 91.0
232.0 125.0 20.0 93.0
233.0 122.0 21.0 96.0
233.0 120.0 21.0 98.0
233.0 119.0 21.0 98.0
235.0 119.0 21.0 96.0
234.0 118.0 20.0 94.0
235.0 119.0 20.0 93.0
235.0 118.0 20.0 93.0
234.0 118.0 20.0 93.0
233.0 117.0 20.0 93.0
234.0 117.0 19.0 89.0
234.0 117.0 19.0 87.0
233.0 115.0 18.0 84.0
233.0 113.0 19.0 86.0
234.0 113.0 19.0 87.0
235.0 112.0 19.0 87.0
234.0 110.0 19.0 89.0
235.0 111.0 19.0 86.0
235.0 111.0 19.0 87.0
235.0 110.0 19.0 87.0
234.0 110.0 19.0 86.0
235.0 110.0 19.0 87.0
234.0 107.0 20.0 91.0
236.0 106.0 20.0 93.0
237.0 105.0 20.0 93.0
238.0 104.0 20.0 93.0
238.0 104.0 20.0 93.0
237.0 104.0 20.0 91.0
239.0 106.0 19.0 87.0
239.0 106.0 19.0 86.0
238.0 107.0 18.0 84.0
237.0 108.0 18.0 82.0
237.0 109.0 17.0 81.0
236.0 110.0 17.0 79.0
233.0 108.0 18.0 82.0
231.0 106.0 19.0 86.0
229.0 106.0 19.0 87.0
227.0 103.0 20.0 91.0
227.0 104.0 19.0 87.0
225.0 104.0 19.0 86.0
223.0 104.0 19.0 86.0
222.0 103.0 19.0 89.0
222.0 104.0 19.0 86.0
221.0 104.0 19.0 86.0
220.0 104.0 19.0 87.0
219.0 103.0 19.0 87.0
219.0 102.0 19.0 89.0
219.0 102.0 19.0 89.0
220.0 103.0 19.0 87.0
220.0 103.0 19.0 87.0
219.0 104.0 19.0 87.0
218.0 105.0 18.0 84.0
219.0 106.0 19.0 87.0
218.0 108.0 18.0 84.0
218.0 109.0 19.0 86.0
217.0 110.0 18.0 84.0
217.0 110.0 18.0 84.0
218.0 109.0 19.0 86.0
217.0 109.0 18.0 82.0
218.0 107.0 18.0 84.0
219.0 107.0 19.0 86.0
219.0 106.0 19.0 87.0
218.0 107.0 18.0 84.0
217.0 108.0 18.0 82.0
216.0 108.0 19.0 86.0
214.0 110.0 18.0 82.0
212.0 111.0 19.0 86.0
211.0 111.0 19.0 86.0
210.0 111.0 19.0 86.0
210.0 111.0 19.0 87.0
210.0 110.0 19.0 87.0
209.0 110.0 19.0 86.0
209.0 113.0 18.0 82.0
209.0 115.0 18.0 84.0
210.0 118.0 19.0 86.0
209.0 122.0 18.0 84.0
209.0 127.0 18.0 82.0
209.0 131.0 18.0 82.0
209.0 134.0 18.0 84.0
209.0 136.0 19.0 87.0
209.0 136.0 19.0 86.0
209.0 137.0 18.0 84.0
209.0 137.0 18.0 84.0
209.0 138.0 18.0 82.0
210.0 138.0 18.0 82.0
210.0 138.0 18.0 82.0
210.0 138.0 19.0 86.0
210.0 138.0 19.0 86.0
210.0 138.0 19.0 86.0
210.0 138.0 19.0 86.0
210.0 138.0 19.0 86.0
209.0 138.0 19.0 86.0
208.0 138.0 19.0 86.0
206.0 137.0 19.0 89.0
206.0 137.0 19.0 87.0
204.0 136.0 19.0 87.0
202.0 135.0 19.0 87.0
200.0 135.0 19.0 86.0
198.0 136.0 18.0 84.0
196.0 137.0 18.0 82.0
196.0 138.0 17.0 81.0
196.0 139.0 17.0 81.0
195.0 138.0 18.0 82.0
197.0 138.0 17.0 81.0
198.0 140.0 17.0 77.0
199.0 138.0 17.0 81.0
200.0 137.0 18.0 82.0
204.0 137.0 18.0 82.0
207.0 135.0 19.0 86.0
209.0 136.0 18.0 84.0
211.0 137.0 18.0 82.0
213.0 136.0 18.0 84.0
215.0 135.0 19.0 86.0
215.0 135.0 19.0 86.0
216.0 134.0 19.0 87.0
216.0 132.0 18.0 84.0
217.0 131.0 17.0 81.0
217.0 129.0 17.0 81.0
218.0 126.0 17.0 81.0
219.0 125.0 17.0 79.0
219.0 124.0 17.0 77.0
218.0 123.0 17.0 79.0
216.0 122.0 17.0 81.0
215.0 122.0 17.0 81.0
215.0 122.0 17.0 81.0
214.0 123.0 17.0 81.0
212.0 123.0 17.0 81.0
211.0 123.0 17.0 81.0
211.0 126.0 17.0 77.0
210.0 125.0 17.0 79.0
209.0 124.0 17.0 81.0
209.0 124.0 17.0 81.0
209.0 125.0 17.0 79.0
208.0 124.0 17.0 81.0
206.0 123.0 18.0 82.0
206.0 124.0 17.0 81.0
204.0 124.0 17.0 81.0
201.0 124.0 17.0 81.0
198.0 124.0 17.0 81.0
197.0 124.0 17.0 79.0
194.0 122.0 18.0 82.0
192.0 120.0 19.0 86.0
190.0 119.0 18.0 82.0
190.0 117.0 19.0 86.0
188.0 117.0 19.0 87.0
186.0 115.0 19.0 87.0
184.0 113.0 18.0 84.0
182.0 111.0 19.0 86.0
182.0 109.0 19.0 86.0
181.0 108.0 19.0 87.0
179.0 107.0 19.0 87.0
176.0 106.0 19.0 86.0
173.0 105.0 19.0 86.0
172.0 104.0 18.0 82.0
175.0 103.0 17.0 79.0
175.0 99.0 17.0 79.0
175.0 98.0 16.0 76.0
174.0 96.0 17.0 79.0
173.0 96.0 17.0 79.0
172.0 95.0 17.0 79.0
170.0 96.0 17.0 77.0
168.0 94.0 17.0 79.0
166.0 94.0 17.0 79.0
162.0 91.0 18.0 82.0
160.0 91.0 18.0 82.0
160.0 89.0 19.0 86.0
159.0 88.0 18.0 82.0
160.0 90.0 17.0 79.0
159.0 89.0 17.0 79.0
157.0 90.0 17.0 77.0
156.0 92.0 16.0 74.0
154.0 93.0 17.0 77.0
153.0 94.0 17.0 79.0
150.0 94.0 17.0 81.0
149.0 97.0 17.0 79.0
148.0 97.0 17.0 79.0
147.0 95.0 17.0 79.0
147.0 94.0 17.0 81.0
147.0 94.0 17.0 79.0
147.0 93.0 17.0 79.0
146.0 93.0 17.0 79.0
145.0 93.0 17.0 79.0
144.0 93.0 17.0 79.0
142.0 92.0 17.0 81.0
141.0 92.0 17.0 81.0
140.0 92.0 17.0 81.0
139.0 92.0 17.0 81.0
138.0 91.0 18.0 82.0
138.0 90.0 18.0 84.0
138.0 90.0 18.0 84.0
138.0 90.0 18.0 84.0
139.0 90.0 18.0 84.0
139.0 91.0 18.0 84.0
140.0 93.0 19.0 87.0
140.0 96.0 18.0 84.0
141.0 99.0 18.0 84.0
142.0 104.0 18.0 82.0
143.0 106.0 18.0 84.0
145.0 108.0 19.0 87.0
148.0 108.0 19.0 86.0
153.0 108.0 19.0 87.0
164.0 105.0 19.0 86.0
171.0 104.0 19.0 89.0
171.0 102.0 20.0 91.0
171.0 102.0 20.0 91.0
172.0 104.0 19.0 87.0
172.0 104.0 19.0 87.0
169.0 103.0 19.0 89.0
165.0 103.0 20.0 93.0
161.0 103.0 20.0 91.0
157.0 103.0 20.0 91.0
154.0 103.0 20.0 91.0
151.0 101.0 20.0 94.0
150.0 99.0 21.0 98.0
149.0 100.0 21.0 96.0
148.0 99.0 21.0 96.0
147.0 99.0 21.0 96.0
146.0 99.0 21.0 96.0
146.0 100.0 20.0 94.0
145.0 101.0 20.0 94.0
145.0 101.0 20.0 94.0
144.0 101.0 20.0 94.0
142.0 102.0 20.0 93.0
141.0 99.0 21.0 96.0
141.0 94.0 21.0 98.0
143.0 91.0 20.0 94.0
143.0 90.0 21.0 96.0
143.0 90.0 21.0 96.0
145.0 88.0 22.0 100.0
153.0 89.0 21.0 98.0
157.0 91.0 22.0 100.0
159.0 93.0 22.0 100.0
161.0 98.0 21.0 98.0
163.0 103.0 20.0 94.0
163.0 105.0 21.0 98.0
163.0 108.0 21.0 98.0
164.0 111.0 21.0 98.0
163.0 113.0 22.0 100.0
163.0 114.0 22.0 102.0
165.0 116.0 21.0 98.0
164.0 116.0 22.0 102.0
162.0 116.0 23.0 104.0
161.0 119.0 22.0 102.0
160.0 121.0 21.0 98.0
157.0 122.0 22.0 100.0
155.0 123.0 21.0 98.0
154.0 123.0 21.0 96.0
154.0 120.0 20.0 94.0
155.0 115.0 20.0 94.0
155.0 109.0 21.0 96.0
155.0 102.0 22.0 100.0
156.0 97.0 22.0 102.0
158.0 93.0 22.0 100.0
162.0 90.0 21.0 96.0
165.0 87.0 20.0 94.0
170.0 85.0 21.0 96.0
170.0 83.0 21.0 98.0
171.0 85.0 20.0 94.0
171.0 86.0 20.0 94.0
171.0 86.0 21.0 98.0
170.0 88.0 22.0 100.0
167.0 91.0 22.0 100.0
164.0 96.0 21.0 98.0
161.0 100.0 21.0 96.0
157.0 105.0 20.0 93.0
152.0 109.0 20.0 91.0
148.0 114.0 20.0 93.0
145.0 118.0 20.0 93.0
141.0 119.0 20.0 94.0
140.0 121.0 20.0 91.0
140.0 121.0 20.0 94.0
140.0 121.0 20.0 94.0
143.0 120.0 20.0 94.0
146.0 117.0 21.0 96.0
148.0 114.0 21.0 98.0
149.0 113.0 21.0 96.0
149.0 111.0 21.0 96.0
151.0 109.0 20.0 94.0
154.0 107.0 20.0 91.0
156.0 103.0 20.0 94.0
157.0 104.0 20.0 91.0
158.0 101.0 20.0 94.0
159.0 99.0 20.0 91.0
159.0 96.0 20.0 94.0
160.0 92.0 21.0 98.0
161.0 91.0 21.0 96.0
162.0 90.0 21.0 96.0
161.0 89.0 20.0 94.0
160.0 91.0 20.0 91.0
159.0 90.0 20.0 91.0
157.0 91.0 20.0 93.0
156.0 91.0 20.0 93.0
155.0 93.0 19.0 89.0
153.0 94.0 19.0 86.0
150.0 94.0 19.0 87.0
147.0 91.0 20.0 91.0
147.0 92.0 19.0 87.0
143.0 89.0 20.0 91.0
142.0 88.0 20.0 91.0
142.0 89.0 19.0 87.0
142.0 87.0 20.0 91.0
142.0 84.0 20.0 94.0
143.0 81.0 20.0 94.0
144.0 78.0 20.0 94.0
145.0 77.0 20.0 94.0
146.0 77.0 20.0 93.0
147.0 75.0 20.0 94.0
149.0 76.0 20.0 93.0
150.0 74.0 20.0 94.0
152.0 74.0 20.0 93.0
155.0 75.0 20.0 91.0
161.0 75.0 20.0 91.0
163.0 78.0 20.0 91.0
163.0 85.0 20.0 91.0
164.0 89.0 20.0 91.0
165.0 93.0 20.0 91.0
165.0 98.0 20.0 91.0
166.0 102.0 19.0 87.0
166.0 101.0 19.0 89.0
165.0 101.0 20.0 91.0
166.0 102.0 19.0 89.0
166.0 104.0 19.0 86.0
166.0 104.0 19.0 86.0
166.0 106.0 18.0 82.0
165.0 107.0 19.0 86.0
162.0 109.0 19.0 89.0
161.0 113.0 19.0 86.0
159.0 115.0 18.0 84.0
158.0 117.0 19.0 86.0
156.0 118.0 18.0 84.0
155.0 119.0 18.0 84.0
155.0 120.0 19.0 87.0
153.0 120.0 19.0 89.0
153.0 121.0 19.0 87.0
153.0 120.0 19.0 87.0
154.0 120.0 19.0 86.0
155.0 119.0 19.0 86.0
155.0 120.0 19.0 86.0
155.0 120.0 19.0 86.0
156.0 120.0 19.0 86.0
155.0 121.0 19.0 86.0
154.0 121.0 18.0 82.0
155.0 118.0 19.0 86.0
154.0 115.0 18.0 84.0
154.0 114.0 19.0 86.0
154.0 113.0 18.0 82.0
155.0 108.0 19.0 86.0
154.0 107.0 18.0 82.0
154.0 105.0 19.0 86.0
156.0 103.0 18.0 84.0
159.0 101.0 18.0 82.0
162.0 98.0 18.0 82.0
164.0 96.0 19.0 86.0
164.0 95.0 18.0 82.0
165.0 92.0 19.0 86.0
165.0 91.0 19.0 87.0
166.0 91.0 19.0 87.0
166.0 90.0 19.0 87.0
166.0 89.0 19.0 87.0
165.0 89.0 19.0 86.0
166.0 89.0 19.0 87.0
167.0 89.0 19.0 87.0
167.0 89.0 19.0 86.0
167.0 89.0 19.0 86.0
168.0 89.0 19.0 86.0
168.0 89.0 19.0 86.0
169.0 88.0 19.0 86.0
169.0 87.0 19.0 87.0
169.0 86.0 18.0 84.0
169.0 85.0 19.0 86.0
167.0 85.0 19.0 87.0
166.0 84.0 19.0 87.0
163.0 84.0 18.0 84.0
162.0 86.0 17.0 81.0
160.0 87.0 17.0 81.0
158.0 89.0 17.0 79.0
156.0 89.0 17.0 79.0
153.0 89.0 17.0 81.0
150.0 90.0 17.0 79.0
147.0 88.0 17.0 81.0
144.0 86.0 18.0 82.0
141.0 84.0 19.0 86.0
139.0 83.0 18.0 82.0
139.0 83.0 17.0 81.0
139.0 84.0 17.0 79.0
138.0 84.0 17.0 79.0
137.0 85.0 17.0 79.0
135.0 84.0 17.0 81.0
134.0 84.0 17.0 81.0
134.0 84.0 17.0 81.0
133.0 85.0 17.0 79.0
133.0 85.0 17.0 79.0
132.0 83.0 18.0 82.0
131.0 84.0 18.0 82.0
133.0 88.0 17.0 79.0
133.0 91.0 18.0 82.0
137.0 98.0 17.0 79.0
140.0 103.0 17.0 79.0
143.0 110.0 17.0 77.0
148.0 114.0 17.0 79.0
154.0 118.0 17.0 77.0
157.0 119.0 17.0 79.0
157.0 120.0 17.0 77.0
156.0 118.0 17.0 81.0
155.0 115.0 17.0 81.0
153.0 111.0 17.0 79.0
153.0 107.0 17.0 79.0
153.0 104.0 17.0 79.0
154.0 99.0 16.0 76.0
154.0 94.0 17.0 79.0
153.0 93.0 17.0 77.0
151.0 89.0 17.0 81.0
151.0 89.0 17.0 79.0
151.0 89.0 17.0 77.0
150.0 87.0 17.0 79.0
147.0 84.0 17.0 81.0
138.0 82.0 18.0 84.0
132.0 79.0 18.0 84.0
127.0 76.0 18.0 84.0
122.0 72.0 19.0 87.0
114.0 66.0 20.0 91.0
112.0 59.0 20.0 94.0
130.0 47.0 21.0 98.0
152.0 42.0 22.0 102.0
178.0 35.0 23.0 104.0
214.0 30.0 24.0 109.0
237.0 28.0 25.0 113.0
226.0 25.0 26.0 118.0
218.0 23.0 27.0 122.0
232.0 23.0 28.0 127.0
246.0 18.0 29.0 133.0
246.0 15.0 30.0 138.0
241.0 17.0 31.0 143.0
236.0 17.0 33.0 149.0
228.0 22.0 34.0 155.0
229.0 34.0 35.0 162.0
234.0 43.0 34.0 155.0
233.0 48.0 34.0 155.0
225.0 58.0 35.0 162.0
213.0 73.0 35.0 158.0
199.0 81.0 35.0 162.0
189.0 83.0 37.0 168.0
182.0 84.0 36.0 165.0
178.0 86.0 35.0 158.0
172.0 85.0 35.0 162.0
167.0 86.0 35.0 158.0
170.0 83.0 34.0 155.0
173.0 79.0 35.0 158.0
175.0 73.0 35.0 158.0
179.0 68.0 36.0 165.0
185.0 67.0 35.0 162.0
189.0 70.0 34.0 155.0
188.0 68.0 35.0 158.0
187.0 69.0 34.0 155.0
187.0 76.0 33.0 149.0
183.0 82.0 31.0 143.0
180.0 84.0 31.0 143.0
179.0 84.0 33.0 149.0
173.0 85.0 34.0 155.0
