136.0 35.0 52.0 182.0
133.163726807 39.3008117676 48.736656189 176.490447998
126.916282654 40.5609741211 47.463924408 174.227386475
126.916282654 40.5609741211 47.463924408 174.227386475
117.106590271 40.2974243164 49.5536880493 178.967575073
115.403846741 42.9068717957 53.3169364929 179.65725708
118.642501831 56.2647323608 52.0692138672 169.843231201
122.413917542 63.7782096863 51.8994140625 162.198822021
122.413917542 63.7782096863 51.8994140625 162.198822021
117.633666992 37.5085029602 53.5271835327 171.395080566
101.743736267 8.17916584015 52.3874130249 178.081512451
112.046958923 37.9844169617 55.5624313354 170.348831177
116.814407349 38.9912033081 54.6747932434 175.882064819
117.959815979 36.4944725037 51.5050544739 180.267623901
126.622909546 42.1459159851 51.790058136 181.26512146
126.535301208 42.8200492859 51.6531143188 180.785797119
134.408935547 40.5597457886 51.9515266418 181.830230713
134.835342407 40.4469985962 52.6419296265 184.246658325
136.021133423 26.1418037415 53.7584609985 188.154510498
136.064605713 24.5284309387 53.6549301147 187.792160034
147.119232178 20.6284294128 53.8186531067 188.365188599
148.280532837 26.1118507385 53.9543762207 188.840209961
148.347946167 26.1665649414 54.1282157898 189.448654175
150.818862915 30.7690620422 54.3351211548 190.172821045
151.23928833 25.7747077942 54.5321540833 190.862426758
150.28276062 36.7610244751 53.1323776245 185.963226318
151.18862915 40.8988113403 53.3225784302 186.628921509
151.782836914 37.6541595459 53.7496337891 188.123626709
155.038787842 35.3944473267 54.7224311829 191.528411865
157.493225098 21.3775196075 53.7716674805 191.640670776
157.354431152 0.0 53.6908378601 187.917861938
159.22277832 0.976063549519 54.498260498 190.743850708
157.52545166 6.54379272461 56.0930366516 196.325546265
154.522903442 20.235666275 56.717590332 198.511489868
150.492462158 34.5467033386 56.7009658813 198.453292847
152.220504761 32.912940979 56.9734611511 199.407012939
153.907226562 32.6467666626 57.243812561 200.353240967
157.828216553 29.5941047668 58.1159973145 203.405899048
154.324432373 26.5995082855 58.9715995789 206.400482178
158.623733521 30.3932685852 57.8876647949 202.606719971
156.183273315 33.6774482727 56.9493293762 199.322540283
155.493560791 33.3901977539 56.8314743042 198.910064697
155.593795776 32.3419914246 57.3308906555 200.658004761
155.38192749 27.9246406555 58.5929946899 205.075363159
156.682098389 27.4191703796 58.7374153137 205.580841064
155.349822998 28.549779892 58.4143791199 204.45022583
154.228729248 31.8016872406 57.4852600098 201.198318481
155.129180908 23.2495536804 58.351398468 204.229812622
155.537750244 20.8544178009 58.7044754028 203.273239136
159.357940674 11.3175935745 60.7594223022 208.223022461
159.160064697 15.0409135818 62.6743888855 211.498168945
152.684173584 12.6240901947 62.837059021 219.929656982
156.185028076 18.1590442657 62.1863632202 210.783355713
167.381500244 22.2031784058 61.3820419312 199.408325195
167.992431641 27.6796417236 61.8512802124 197.335906982
170.841888428 26.3449211121 61.5736198425 197.159317017
168.022720337 32.9392166138 60.9638786316 198.166946411
171.02583313 32.4140548706 61.0643844604 200.144836426
171.436126709 37.441783905 58.9927139282 194.558532715
171.436126709 37.441783905 58.9927139282 194.558532715
171.436126709 37.441783905 58.9927139282 194.558532715
171.436126709 37.441783905 58.9927139282 194.558532715
171.436126709 37.441783905 58.9927139282 194.558532715
171.436126709 37.441783905 58.9927139282 194.558532715
171.436126709 37.441783905 58.9927139282 194.558532715
171.436126709 37.441783905 58.9927139282 194.558532715
171.436126709 37.441783905 58.9927139282 194.558532715
171.436126709 37.441783905 58.9927139282 194.558532715
171.436126709 37.441783905 58.9927139282 194.558532715
171.436126709 37.441783905 58.9927139282 194.558532715
171.436126709 37.441783905 58.9927139282 194.558532715
171.436126709 37.441783905 58.9927139282 194.558532715
171.436126709 37.441783905 58.9927139282 194.558532715
171.436126709 37.441783905 58.9927139282 194.558532715
171.436126709 37.441783905 58.9927139282 194.558532715
171.436126709 37.441783905 58.9927139282 194.558532715
171.436126709 37.441783905 58.9927139282 194.558532715
171.436126709 37.441783905 58.9927139282 194.558532715
171.436126709 37.441783905 58.9927139282 194.558532715
171.436126709 37.441783905 58.9927139282 194.558532715
171.436126709 37.441783905 58.9927139282 194.558532715
171.436126709 37.441783905 58.9927139282 194.558532715
171.436126709 37.441783905 58.9927139282 194.558532715
171.436126709 37.441783905 58.9927139282 194.558532715
171.436126709 37.441783905 58.9927139282 194.558532715
171.436126709 37.441783905 58.9927139282 194.558532715
171.436126709 37.441783905 58.9927139282 194.558532715
171.436126709 37.441783905 58.9927139282 194.558532715
171.436126709 37.441783905 58.9927139282 194.558532715
171.436126709 37.441783905 58.9927139282 194.558532715
171.436126709 37.441783905 58.9927139282 194.558532715
171.436126709 37.441783905 58.9927139282 194.558532715
171.436126709 37.441783905 58.9927139282 194.558532715
171.436126709 37.441783905 58.9927139282 194.558532715
171.436126709 37.441783905 58.9927139282 194.558532715
171.436126709 37.441783905 58.9927139282 194.558532715
171.436126709 37.441783905 58.9927139282 194.558532715
171.436126709 37.441783905 58.9927139282 194.558532715
171.436126709 37.441783905 58.9927139282 194.558532715
171.436126709 37.441783905 58.9927139282 194.558532715
171.436126709 37.441783905 58.9927139282 194.558532715
217.33972168 9.86259746552 64.7089309692 222.257614136
217.33972168 9.86259746552 64.7089309692 222.257614136
220.603240967 21.0545940399 65.3183288574 211.881988525
216.617675781 15.8317975998 63.8550415039 217.082183838
220.236984253 18.7437992096 62.833946228 213.61088562
220.816558838 21.7810764313 62.0547714233 210.961990356
224.671783447 24.4492530823 61.345500946 208.550750732
226.744232178 23.2279930115 61.4226455688 208.812988281
224.909057617 24.4681758881 61.5946540833 204.372924805
225.063156128 27.167093277 62.8954391479 204.286361694
226.91545105 23.0543498993 61.0568313599 207.569366455
226.294113159 25.9202766418 60.0052108765 203.994262695
227.320648193 31.4435844421 59.2881088257 201.556411743
230.517044067 33.4598999023 57.3277511597 194.891967773
230.506713867 39.1166763306 55.8031005859 189.708755493
231.944702148 45.0307617188 55.0118789673 187.018890381
233.482833862 46.7228012085 54.793712616 186.277191162
234.38180542 45.3248100281 54.3053092957 184.61680603
236.831054688 45.9890441895 54.3310317993 184.70425415
239.003219604 41.0319709778 54.4229545593 185.01675415
238.784133911 48.9282646179 53.9896354675 183.543624878
