298.0 149.0 67.0 122.0
299.406860352 147.070877075 66.3707427979 121.079391479
299.415405273 148.678314209 66.0109176636 120.198997498
298.570495605 148.630340576 66.2031860352 118.167076111
298.094543457 149.101211548 65.8540496826 117.672035217
297.560791016 148.20803833 65.4913330078 112.441329956
296.521789551 146.29385376 62.7085266113 107.797523499
295.574462891 147.151351929 63.1822395325 107.899612427
295.001190186 148.241485596 64.5836029053 108.414657593
294.548187256 149.521392822 68.5731430054 113.085983276
293.753173828 147.776397705 68.0397872925 107.097633362
294.04675293 147.331115723 68.4747161865 124.685325623
287.216949463 148.350646973 65.5422286987 117.170188904
286.604614258 149.156723022 67.5480880737 122.998031616
282.984924316 140.214752197 67.1297454834 122.680931091
280.11517334 140.476287842 66.3785171509 118.716941833
281.773925781 136.615203857 65.5431060791 120.110290527
274.684692383 140.021972656 65.5974960327 116.637023926
273.7265625 141.435546875 64.7092132568 117.674087524
270.361175537 141.22984314 65.3552703857 117.942337036
265.780456543 136.914871216 61.9174919128 116.590621948
262.798797607 137.878219604 65.3986129761 116.697799683
259.627227783 140.126876831 66.4854812622 110.599914551
274.261291504 139.707977295 67.3600311279 112.65549469
284.749694824 132.832473755 66.2045440674 117.502075195
302.090759277 124.406234741 69.0000534058 119.880638123
296.920501709 124.290786743 67.7468490601 123.359962463
300.336486816 129.496902466 70.9021835327 121.940574646
296.904968262 127.88041687 68.6566925049 125.016700745
295.748199463 121.10295105 69.4756011963 126.507858276
297.398620605 123.209495544 69.2635955811 126.121826172
295.434753418 126.612472534 70.9091796875 123.834915161
299.975158691 130.123321533 71.3380661011 125.765663147
295.316741943 132.172103882 75.1657867432 113.768508911
292.479797363 134.951629639 75.8786773682 113.301673889
293.658508301 126.075538635 72.0734786987 124.471664429
292.440979004 124.328048706 75.8589019775 117.624145508
294.55581665 122.144119263 71.3046112061 129.838287354
291.907226562 128.977508545 75.5741119385 123.272109985
295.942260742 127.350265503 75.2793121338 122.734764099
295.41204834 127.999313354 73.9712524414 125.411422729
296.026672363 123.525466919 73.4776535034 128.905960083
299.29675293 123.184143066 74.0720672607 130.98336792
301.453308105 120.991439819 73.7477035522 131.655853271
306.586212158 118.838058472 75.3317871094 129.68927002
305.620178223 118.971328735 73.4412994385 130.491165161
307.041442871 123.322975159 75.5140151978 126.929275513
305.395751953 122.011642456 73.8678436279 134.505722046
304.364807129 122.494522095 74.5287322998 135.709136963
304.984436035 124.680038452 78.1153411865 129.798614502
304.623687744 121.384239197 76.6764755249 134.577468872
308.301086426 123.643882751 76.3151016235 129.613082886
306.085266113 120.84236145 74.8277587891 136.253631592
305.418762207 119.633773804 75.5059967041 137.488616943
306.984222412 120.763259888 75.7880020142 138.002120972
306.356842041 125.502944946 74.4857940674 135.630950928
306.715057373 122.327194214 74.2552337646 132.900024414
310.618560791 124.42250824 74.3076400757 135.306564331
313.303222656 124.533409119 75.6896209717 130.111236572
317.768463135 125.719543457 73.7920913696 134.367797852
321.367919922 127.561561584 73.9525375366 134.659973145
319.363708496 125.44278717 73.2192687988 133.324768066
321.989929199 125.758827209 73.1367340088 133.174468994
325.190368652 121.131370544 71.7335662842 130.619430542
320.427246094 124.577468872 71.9516601562 131.016540527
323.850158691 123.648132324 72.3043365479 131.658737183
326.948303223 121.644790649 71.6261138916 130.423751831
333.450286865 127.05934906 72.5245361328 123.068603516
335.588287354 128.677841187 71.5273361206 120.949157715
339.383728027 129.469863892 71.1017608643 118.837547302
340.079742432 129.222320557 70.4861679077 117.204811096
339.43157959 126.461486816 68.8631134033 125.392616272
340.911956787 129.738525391 71.2833862305 119.917579651
341.843902588 130.282012939 69.0957107544 120.086471558
346.551635742 131.462585449 65.9538040161 120.095069885
346.10848999 128.77545166 65.6808547974 119.598060608
344.050201416 130.37600708 68.2361297607 119.248123169
346.623809814 131.310211182 68.1697158813 118.740341187
352.657897949 125.794143677 66.3673629761 120.848129272
348.568481445 129.167205811 66.6072158813 121.284866333
351.381835938 128.41255188 66.1574783325 120.465942383
353.376403809 126.661941528 66.6695785522 121.398414612
351.911315918 129.114059448 67.1109161377 122.202041626
358.018493652 128.395462036 67.9680404663 123.762771606
358.518341064 128.510421753 67.6366424561 123.159339905
361.364593506 127.93397522 66.1816482544 120.509933472
363.466674805 125.240524292 68.4169235229 118.83782959
363.560180664 126.015441895 66.4012908936 120.909866333
366.594573975 126.415420532 66.0360641479 120.2448349
369.300262451 125.512496948 65.9821395874 120.146652222
372.15423584 125.770584106 64.6298294067 117.68422699
371.522766113 130.252319336 65.8124237061 114.29725647
374.51776123 131.795150757 65.514251709 119.294662476
375.706787109 125.948776245 65.2594680786 118.830734253
375.652313232 129.17868042 64.532661438 117.507301331
379.0050354 128.980499268 64.5251922607 117.49369812
380.764434814 125.231307983 63.7501716614 116.082458496
382.70111084 126.433692932 64.3689498901 117.209190369
381.275787354 123.634605408 64.2642822266 117.018592834
382.713928223 123.69783783 64.7360687256 117.877662659
383.551361084 124.568893433 63.373840332 115.397193909
387.194732666 123.07585144 63.6756095886 115.946678162
385.673706055 120.654968262 63.9101257324 116.373703003
388.458831787 121.250389099 63.3924064636 115.430992126
386.668365479 120.973937988 62.6113166809 114.008712769
388.020782471 119.121238708 63.2669563293 115.202560425
386.677520752 123.49281311 65.0202255249 112.059326172
383.267211914 121.768638611 68.359375 108.521728516
383.883148193 121.300064087 66.2148208618 109.505516052
386.372253418 121.54221344 64.4473724365 117.351989746
382.007415771 116.82170105 64.9203109741 118.213157654
380.806884766 117.677017212 64.860824585 118.104820251
378.838592529 117.028381348 67.1106643677 116.595748901
376.446960449 113.067100525 65.724647522 119.677749634
376.601074219 116.860488892 66.4189300537 120.941970825
376.270172119 115.870201111 65.7172088623 119.664207458
372.214050293 117.140724182 72.1673431396 110.164550781
372.63848877 115.241088867 71.5022354126 114.317733765
372.488647461 113.194114685 67.475730896 122.866287231
372.167785645 114.396224976 67.1918258667 122.349327087
370.162689209 113.099197388 67.0883407593 122.160903931
375.243652344 111.718360901 67.4334716797 122.789352417
370.175842285 114.569801331 66.5227813721 121.131080627
369.541931152 114.719528198 66.310836792 120.745140076
368.423278809 111.842819214 67.2169647217 122.395118713
367.014099121 112.025680542 68.4036636353 124.555969238
365.756256104 111.765487671 68.5243530273 124.775718689
367.510559082 106.489723206 68.9278106689 125.510375977
363.748382568 110.686050415 68.4759368896 124.687576294
363.868896484 106.29561615 69.6004180908 121.063026428
367.433044434 111.032608032 66.9052963257 121.827613831
363.027130127 105.240516663 66.8262634277 121.683700562
362.790039062 106.78037262 66.8263778687 121.683914185
362.200744629 109.849449158 67.8468551636 123.542098999
362.599639893 107.4401474 68.3127593994 124.390464783
359.406890869 111.506980896 69.1911773682 125.989967346
358.734344482 111.719543457 70.3891983032 128.171417236
361.929992676 107.952804565 70.2997741699 122.076194763
358.314361572 109.128623962 68.737663269 125.164161682
358.333312988 109.369628906 69.2245254517 126.050682068
359.92855835 113.294250488 68.4972229004 124.726333618
359.40447998 112.79133606 70.5198287964 128.40927124
360.298339844 110.352294922 71.1910552979 129.631500244
359.673919678 110.308776855 71.0981292725 129.462280273
363.260467529 111.844436646 69.9991226196 127.461097717
360.347229004 113.236694336 70.1366958618 127.711593628
364.549041748 112.757034302 70.3106231689 128.028289795
364.467285156 115.352928162 69.6029510498 126.739700317
363.013671875 115.75075531 69.834487915 127.161315918
367.546508789 117.527481079 69.238822937 126.076675415
369.653289795 115.473678589 68.9788513184 125.603309631
368.332580566 117.374839783 69.1180648804 125.856796265
369.292388916 120.434585571 68.4602508545 124.658981323
371.408050537 117.25 69.7506408691 127.008644104
367.12689209 116.6224823 71.4700546265 130.139541626
361.505187988 124.432167053 71.8748703003 128.039642334
361.949523926 129.178146362 72.6854019165 125.639381409
362.199127197 126.346717834 70.4184799194 128.224761963
356.426513672 130.784011841 75.6043243408 119.150047302
354.108642578 128.538543701 76.9487915039 119.364501953
351.124572754 131.442245483 73.001373291 122.968826294
351.556793213 129.609222412 75.3216552734 115.09312439
348.185882568 129.019866943 72.9838104248 121.607254028
349.17578125 131.572418213 75.9338912964 116.150596619
345.559173584 134.915374756 76.4449234009 114.800415039
344.436218262 133.641571045 75.5558166504 113.404830933
344.59375 137.442184448 77.609703064 109.703430176
339.478759766 137.295135498 73.9532241821 112.807815552
341.082458496 139.210113525 75.5509185791 106.648643494
343.477355957 139.218551636 75.9544830322 107.407333374
343.67779541 136.823486328 72.4069671631 105.446289062
345.057617188 136.786697388 74.6752471924 105.268615723
341.484436035 136.755203247 74.631362915 105.643371582
339.328033447 137.474578857 72.491065979 104.204147339
338.762298584 138.230438232 72.9898910522 104.035690308
342.133666992 137.921966553 73.3953857422 102.572509766
341.478820801 140.664352417 72.8618011475 103.903968811
341.428314209 144.975372314 72.9225463867 103.011558533
340.920349121 141.437347412 70.8921127319 108.50970459
342.967926025 132.204071045 66.7872924805 121.612747192
341.104614258 133.784805298 66.167678833 120.484481812
337.681976318 133.429016113 65.6757507324 119.588722229
337.407653809 130.887664795 66.8456573486 121.718994141
334.907012939 131.30632019 67.571472168 123.040626526
332.707885742 134.653396606 67.6218109131 123.132301331
330.811981201 134.516448975 67.4323348999 122.78729248
329.280090332 134.223953247 69.7712478638 120.776161194
327.222167969 132.744400024 68.7268753052 121.212356567
323.943664551 128.921417236 67.589050293 123.072654724
322.562072754 131.525100708 68.0463104248 123.905258179
319.949493408 128.724685669 67.4634017944 122.843849182
316.180358887 126.84135437 67.9459381104 123.722488403
315.904449463 127.123092651 66.8661499023 121.756324768
311.927429199 127.818946838 67.5168609619 118.846313477
312.917541504 127.847702026 65.4741973877 119.221694946
308.754943848 123.979019165 65.1380157471 118.609542847
306.748901367 124.560935974 64.3390274048 117.154663086
307.8671875 122.58253479 64.186088562 116.876182556
308.224853516 120.906028748 64.7146987915 117.838722229
307.980651855 118.14024353 65.4084091187 119.101890564
306.934082031 116.49772644 65.3091125488 118.921081543
305.464752197 121.297546387 67.5906219482 118.94367981
305.718322754 123.259719849 67.4966125488 113.614234924
308.705657959 124.067886353 64.2635879517 117.017288208
306.976501465 122.866836548 65.9254989624 114.977905273
306.972839355 122.273193359 64.2440414429 116.981704712
308.096984863 126.278419495 68.6651382446 107.560829163
308.315368652 125.756729126 70.278213501 97.9287643433
312.653930664 126.963562012 68.8627166748 100.261146545
314.929870605 129.596710205 66.91796875 104.088272095
316.504577637 125.952804565 67.2532958984 101.911026001
317.59564209 124.643875122 67.7908325195 103.137451172
318.146911621 126.810012817 68.053817749 104.333450317
319.015228271 124.545555115 70.7989883423 103.571495056
322.417419434 121.010169983 67.10597229 111.43800354
324.191497803 117.009132385 65.215057373 113.214050293
326.380218506 120.561767578 63.6709403992 115.93813324
330.36920166 118.898521423 63.8648872375 116.291297913
332.392974854 112.983901978 64.3291320801 117.136642456
333.94921875 111.369422913 63.9687728882 116.480453491
337.631744385 109.560630798 63.6275520325 115.859130859
338.783538818 113.922462463 63.2673950195 115.203323364
342.166809082 117.676246643 63.4156112671 115.473205566
342.660644531 116.384742737 61.1471557617 111.342575073
345.476135254 119.048461914 62.0891609192 113.057861328
345.554473877 116.77015686 61.470161438 111.930725098
346.530548096 116.741958618 60.9685668945 111.017379761
347.927185059 115.854904175 61.2715644836 111.569114685
346.925872803 119.274009705 62.164806366 109.955833435
351.665588379 111.423927307 61.5494384766 112.075111389
350.758483887 108.722366333 61.9330215454 112.773582458
350.84753418 109.620056152 61.6234321594 112.209861755
355.158599854 110.689941406 62.1375198364 113.145957947
355.011779785 106.317581177 62.0753288269 113.032714844
354.742431641 101.734107971 62.5015068054 113.808738708
354.963195801 100.535102844 63.3756790161 115.400497437
355.538116455 108.197914124 63.9496879578 116.445701599
357.135223389 109.203773499 63.5671577454 115.749160767
358.436126709 105.738769531 62.8662948608 114.472961426
356.407196045 104.145835876 62.6988143921 114.167991638
358.834350586 105.518959045 62.4617233276 113.73626709
358.61505127 104.636924744 62.3311767578 113.498558044
359.177978516 109.72883606 61.4013137817 111.805374146
359.909912109 105.673477173 61.8036079407 112.537918091
359.654846191 110.288803101 62.9106330872 114.553688049
360.16696167 109.541992188 62.9029426575 114.53968811
362.642974854 108.751998901 62.7104377747 114.189147949
358.73324585 108.929580688 63.4756393433 115.582496643
364.945922852 108.81337738 64.2502593994 116.992980957
362.470733643 109.795898438 64.1663589478 116.840209961
362.848632812 110.031021118 63.6455078125 115.891784668
361.706329346 109.074020386 64.364730835 117.201416016
366.242614746 112.238746643 64.336479187 117.149978638
361.905456543 108.560348511 63.7313613892 116.048118591
359.547607422 110.549232483 63.4561767578 115.547042847
357.608673096 111.438095093 63.2115287781 115.101577759
358.585449219 109.392807007 62.919670105 114.570144653
361.358306885 106.463119507 63.2703933716 115.208763123
362.352111816 107.806274414 63.6640319824 115.925537109
364.367675781 108.212356567 64.9157867432 118.204872131
363.429534912 108.557189941 65.8254852295 119.861343384
367.214538574 108.117530823 67.4172134399 117.658065796
367.020751953 110.476394653 70.3272323608 112.376220703
367.530334473 109.800392151 70.1095352173 111.801498413
371.401916504 109.284194946 66.0786590576 120.322341919
371.282897949 112.191970825 68.3882598877 117.4921875
372.10369873 111.903121948 71.833190918 116.053756714
376.368835449 105.421463013 67.345451355 122.62902832
374.649749756 108.316246033 71.2218093872 116.458946228
381.962890625 105.287353516 67.4333343506 122.789039612
383.373138428 107.095726013 67.795425415 123.448379517
388.080871582 114.183120728 71.128868103 117.474838257
385.682128906 116.76839447 72.6658554077 112.676635742
390.627044678 111.434692383 69.0782775879 121.444381714
395.086425781 114.956710815 68.1201782227 124.039710999
395.964263916 115.837684631 68.5106582642 124.750732422
398.548278809 112.497154236 68.0781478882 123.963180542
394.531951904 112.231239319 68.66822052 125.037643433
392.512786865 111.829490662 69.4734649658 126.50390625
390.078063965 111.011207581 70.1028213501 127.649902344
389.110290527 108.923751831 72.1144561768 125.133827209
386.969299316 108.276000977 70.8421173096 128.996063232
385.402648926 111.819564819 70.4857025146 128.347076416
380.898498535 106.206466675 70.4441375732 128.271392822
376.945648193 108.286766052 70.8729400635 129.052200317
369.404693604 108.950279236 70.3883514404 128.169799805
363.730316162 111.474975586 72.1657791138 124.093200684
361.781097412 113.289047241 70.4203948975 128.228149414
354.807189941 115.226722717 70.4943161011 128.362762451
348.409423828 116.032058716 70.1339263916 127.706504822
341.669708252 118.107894897 70.0368118286 127.529663086
340.737854004 117.392623901 70.4752578735 128.328033447
335.766845703 115.805358887 70.9119873047 129.123275757
331.565002441 114.764663696 70.4564285278 128.293746948
328.805145264 112.234779358 72.5769500732 132.154998779
323.544708252 107.488693237 72.1105117798 131.305664062
312.103179932 110.902999878 73.0399017334 132.998001099
315.675842285 104.631858826 72.3875579834 131.810150146
308.927490234 104.917114258 73.6394424438 134.089706421
307.273345947 105.39188385 74.2892074585 131.937850952
302.696228027 98.8026580811 74.2853775024 135.265884399
305.217468262 97.8461456299 73.6407623291 134.09211731
304.409912109 97.7016906738 72.8424835205 132.638534546
301.16015625 100.429367065 73.8452758789 127.637817383
297.953582764 98.2680511475 72.181602478 131.435150146
299.94418335 102.302230835 71.2479553223 129.735092163
301.77935791 104.014938354 72.2876434326 131.628265381
301.443450928 103.73614502 72.1384735107 131.356628418
298.146911621 107.834915161 72.2261047363 131.516204834
300.364898682 107.176025391 70.5901031494 128.537200928
302.115447998 105.991134644 71.667930603 130.499832153
304.088317871 107.971351624 70.8779525757 129.061355591
305.161071777 106.658889771 71.3636627197 129.945770264
309.153625488 103.218772888 70.5074234009 128.386642456
306.210754395 104.824905396 71.0532226562 129.380493164
307.99005127 99.2914276123 70.9731903076 129.23475647
306.163238525 94.2548065186 70.7842712402 128.89074707
309.497894287 92.1867828369 71.7798309326 130.703567505
313.578704834 87.9095153809 71.7151565552 130.58581543
315.933349609 83.0590057373 71.5614471436 130.305938721
313.127044678 79.9636917114 71.5116729736 130.215301514
310.197174072 77.6851959229 72.6605529785 132.307296753
307.067443848 74.5525970459 73.929977417 134.618789673
307.038024902 77.4879837036 73.304145813 133.479217529
309.008300781 71.499786377 71.5184783936 130.22769165
304.833831787 70.1227722168 72.0737762451 131.238800049
302.302886963 71.9392242432 72.0103302002 131.123260498
300.656738281 76.8001556396 72.3116989136 131.672027588
298.521057129 74.3472442627 71.4941711426 130.183395386
294.974639893 90.8355712891 71.9117965698 130.943832397
297.003387451 83.9020004272 71.5903320312 130.35848999
292.907073975 86.6542510986 71.3399505615 129.902587891
286.995513916 87.9480667114 72.369430542 131.777145386
282.679626465 90.0187683105 72.2540283203 131.567001343
281.834838867 86.9491424561 73.1439361572 133.187423706
274.591125488 84.7621917725 72.0030136108 131.109939575
272.28793335 75.5758209229 72.5916290283 132.181747437
265.647277832 75.7520294189 73.014541626 132.951812744
268.989959717 72.9535064697 74.0639343262 134.862640381
269.840820312 68.6347503662 74.6743927002 135.974212646
268.901855469 66.5708770752 75.7427215576 137.919525146
267.579528809 64.6216812134 76.9408035278 140.101104736
270.516143799 59.0337104797 80.7596893311 138.2709198
273.833740234 57.973072052 78.5622253418 143.053543091
275.420959473 58.0619277954 78.5838088989 143.092849731
278.238494873 62.4333114624 79.0438079834 143.930450439
281.468200684 60.0015144348 79.3479232788 144.484207153
282.836700439 65.3781280518 78.7077484131 143.318511963
284.466522217 66.587638855 79.7898712158 145.28894043
292.647583008 68.0416870117 80.0308685303 145.727783203
291.776031494 76.825843811 79.4965667725 144.754882812
289.41229248 72.3685455322 79.0919570923 144.018112183
295.732574463 71.1189804077 78.928894043 143.721191406
294.916625977 70.945274353 79.569442749 144.887557983
287.734680176 72.6759643555 79.7075958252 145.13911438
290.805755615 70.0811157227 79.7347564697 145.188568115
288.670013428 63.0147323608 81.3340301514 148.10067749
286.556610107 58.8791313171 81.5976409912 148.580688477
286.158721924 58.031463623 81.2522506714 147.951766968
289.169128418 51.5966262817 81.2061920166 147.867889404
284.313781738 50.8186531067 81.685256958 148.740203857
284.158569336 51.4429931641 83.4931488037 152.032180786
278.435821533 46.8081169128 84.5719680786 153.99659729
284.631378174 48.0453872681 84.1849746704 153.291915894
282.736480713 46.0302314758 85.6719512939 155.999542236
282.527923584 44.3591918945 85.5608062744 155.797164917
