51.0 53.0 87.0 290.0
54.5033493042 53.4131851196 85.3983306885 288.038146973
56.3032836914 52.9251480103 86.0151367188 288.843933105
60.0960273743 53.5941886902 84.5114898682 287.035888672
63.073841095 55.3934326172 83.8927001953 283.551574707
66.1924285889 55.6381721497 83.805557251 283.722473145
69.9766998291 56.4001235962 83.1162338257 282.38180542
72.9379653931 58.1693496704 82.7177581787 280.50378418
76.0869979858 58.5631217957 83.27759552 278.77746582
79.2437667847 57.6904067993 82.6669616699 280.930847168
82.9945526123 59.1031684875 82.246055603 279.007232666
85.8433761597 59.0647964478 82.4578552246 279.147613525
89.3929290771 59.2438735962 81.4921722412 278.928619385
92.748008728 57.9310379028 81.2436065674 280.052337646
95.5348129272 59.203125 80.5717163086 277.388275146
98.7786941528 60.3274459839 79.6928939819 275.984069824
100.957580566 59.6387825012 80.653717041 275.845367432
104.438247681 59.9282722473 79.8467254639 275.133758545
106.708839417 61.7809066772 80.2977752686 273.024353027
109.989723206 62.7437438965 79.9231567383 271.036804199
112.802429199 61.9323120117 79.9219512939 272.299041748
115.725852966 62.8337287903 79.040725708 271.083007812
117.9427948 62.9683418274 79.2761077881 271.163726807
121.366577148 62.7011833191 79.373260498 272.738800049
123.453445435 62.1991271973 79.6219024658 272.79989624
126.872360229 62.0149841309 79.0600967407 272.083312988
129.71194458 62.0546455383 78.6057815552 272.56628418
132.779449463 61.9140014648 77.0523300171 271.564147949
134.023513794 63.4936294556 79.0142822266 269.855194092
137.014190674 63.949420929 77.8276824951 267.509124756
138.696182251 64.3804931641 78.0871200562 267.69241333
141.372756958 64.6514053345 76.4698944092 267.403411865
143.524520874 65.6040496826 76.1248550415 264.333007812
146.461242676 65.1429901123 75.7303314209 266.114807129
149.485839844 65.459274292 75.5406265259 264.958465576
151.86706543 64.6851806641 75.2724990845 265.984619141
154.279205322 65.5988006592 74.3045120239 262.823425293
155.653152466 66.443069458 75.6369247437 261.394287109
157.685592651 65.5870361328 76.4411773682 262.546325684
160.071456909 63.5794067383 75.8674316406 265.75970459
161.748336792 64.8559188843 77.4543304443 265.597412109
166.883010864 63.399772644 73.9270095825 266.308044434
166.40687561 61.5439224243 77.4027709961 266.766693115
166.360290527 60.6824035645 80.0927581787 271.137298584
168.481170654 62.5302505493 79.707862854 269.234985352
170.311309814 60.9685058594 79.4486846924 273.234222412
171.465042114 58.9563217163 80.3575057983 273.101379395
173.361206055 61.4401016235 79.9012832642 271.118774414
176.570602417 59.6962394714 77.9945220947 272.508911133
178.855911255 60.4494247437 78.1109085083 268.665435791
180.109695435 59.2665290833 78.44090271 268.82208252
182.257720947 64.2932281494 76.9664916992 268.143218994
185.000686646 65.790397644 76.1481018066 263.747650146
188.141616821 64.924621582 75.5135498047 268.581604004
187.198440552 66.2197494507 78.1960601807 266.296539307
191.362136841 62.6875991821 77.7135391235 266.055023193
191.561279297 64.2139663696 76.8549346924 261.816772461
195.378753662 61.6315078735 77.3114471436 263.666900635
197.753875732 66.1459655762 74.0010223389 262.425384521
198.416717529 62.2684249878 76.5158233643 263.416809082
200.427810669 61.5987739563 76.4202041626 257.800476074
201.558868408 65.253036499 75.4128341675 258.81362915
202.834472656 66.9481124878 73.9155883789 260.102355957
205.434524536 61.7660217285 74.5261154175 259.533874512
206.5519104 65.1973876953 73.4862442017 261.45791626
208.121673584 63.4524040222 73.9738006592 261.497741699
209.520782471 64.1227416992 73.2396697998 260.768310547
212.311920166 63.064239502 73.654586792 261.65536499
212.347122192 58.6953964233 73.462852478 262.528015137
212.845092773 60.0590934753 74.6758651733 267.057006836
215.486114502 58.9137077332 72.9850692749 265.612060547
215.301025391 60.1125984192 74.6287155151 267.418548584
216.083648682 59.6079483032 74.6003570557 266.761474609
218.194122314 60.2780532837 74.4390563965 267.576568604
216.625579834 57.4719619751 75.1481552124 267.545471191
218.830413818 56.2153434753 75.6365585327 270.491363525
222.381759644 56.1072692871 74.3834457397 270.138977051
224.759368896 57.4109115601 73.1522293091 269.447570801
225.897628784 59.224029541 72.7632598877 269.257965088
226.986785889 59.1152839661 74.6999664307 269.06930542
227.438018799 64.9558334351 73.110168457 263.940429688
230.547805786 63.1733016968 74.1129684448 258.200317383
229.319168091 59.47813797 73.6621170044 264.131164551
233.219284058 58.3716316223 71.4964675903 268.017272949
232.422729492 55.3845100403 71.6776885986 269.089538574
236.570755005 63.9187088013 72.2392425537 266.473907471
236.126861572 57.7763366699 72.4891815186 270.780700684
235.837478638 68.8744277954 73.9697647095 262.529846191
237.694000244 60.6167411804 72.6857681274 266.938049316
241.778961182 56.8433418274 69.7676696777 263.394714355
238.954498291 64.269821167 72.6571273804 254.177658081
242.687255859 58.2324333191 69.1517028809 262.734954834
243.423049927 66.4319763184 69.2220153809 264.577484131
242.72517395 54.6418228149 69.6549911499 263.926422119
242.862106323 63.7069206238 68.6452484131 258.153503418
246.691116333 59.9485855103 70.328994751 256.873718262
247.3230896 69.1564178467 69.1262817383 255.771575928
250.692550659 64.1790161133 67.7050933838 249.811889648
249.49055481 61.665813446 66.4849090576 254.174316406
251.556976318 63.3700065613 67.5102920532 253.047332764
253.941253662 61.4157600403 66.7354125977 249.971435547
256.103607178 61.2814559937 66.6480331421 249.820632935
255.35786438 64.4572143555 69.6705627441 241.232513428
258.230163574 66.2752151489 69.4473114014 241.397491455
257.792999268 63.8162727356 71.517250061 242.538848877
259.770812988 60.3190612793 70.4122772217 249.472442627
256.66986084 61.0535888672 71.8880233765 252.978118896
258.604400635 56.6596183777 71.6982498169 246.821212769
261.181945801 61.3945198059 71.2640838623 247.358444214
263.724822998 65.1654586792 69.9838104248 237.50692749
265.771057129 66.1519393921 67.9890518188 240.723312378
264.746734619 67.1344451904 69.8256988525 232.752120972
270.117858887 66.0450515747 67.4856567383 233.450775146
270.590423584 65.4607696533 66.9145965576 238.951782227
267.098724365 65.3034515381 68.9086608887 235.776031494
266.759094238 71.9159698486 69.2396697998 230.798736572
269.733795166 67.2732925415 66.8972930908 228.039642334
270.160400391 64.2348937988 66.7995452881 226.970657349
271.786437988 58.1655044556 65.6635894775 231.512908936
272.449127197 68.8188323975 65.49269104 227.506500244
272.236877441 63.4092826843 64.7428131104 229.043670654
270.42288208 59.2474594116 66.229019165 229.354827881
275.163665771 61.5077819824 64.7450714111 235.154953003
269.58203125 64.7838516235 68.5968322754 228.655883789
268.240142822 61.0491943359 68.941444397 229.804595947
269.800537109 61.5154495239 67.8667221069 235.108673096
268.135467529 61.2786865234 68.6425552368 228.808319092
269.284362793 64.9423446655 67.9892425537 226.630584717
270.777374268 54.8465805054 67.3870925903 224.623413086
269.696899414 60.1535110474 66.7400131226 222.46647644
270.822937012 62.5086593628 67.0509719849 223.503005981
271.391174316 61.1325149536 67.305770874 224.352340698
272.679473877 64.8959579468 66.8428726196 222.809356689
273.714935303 55.7968521118 66.1081619263 220.360321045
274.61416626 57.5297470093 66.3986968994 221.328765869
275.818847656 59.328540802 65.974571228 219.915008545
275.164245605 60.3877029419 65.1394805908 217.13142395
275.554321289 58.5041732788 64.0782775879 213.594085693
276.705932617 56.9532966614 64.6079559326 215.359695435
273.089660645 64.0833129883 65.6067886353 218.68913269
277.230163574 61.7930107117 65.3893432617 217.964324951
278.684997559 61.150188446 64.2972412109 214.323974609
283.152770996 60.115978241 64.4292373657 214.763961792
281.957824707 56.6577568054 64.7996673584 215.998703003
283.209899902 64.4922943115 64.1341705322 213.780395508
284.129455566 61.0403442383 63.9942817688 213.314117432
282.304382324 62.6810836792 64.7459411621 217.297393799
288.942321777 60.2975654602 63.9270858765 214.886505127
287.229705811 64.4898376465 63.2023735046 214.098480225
289.146453857 62.7453918457 62.8887443542 214.818023682
288.73336792 65.9498443604 63.2030334473 213.303070068
293.183776855 68.6780014038 61.922039032 214.67477417
292.143249512 63.7267875671 63.910774231 216.348754883
294.622497559 72.5714874268 62.115020752 211.03213501
295.000244141 71.2356338501 62.5041313171 208.284942627
297.173980713 70.2933731079 62.6637382507 209.68850708
295.476654053 77.0631866455 62.4468917847 206.077667236
298.060394287 70.617729187 61.0644950867 205.914276123
299.161499023 68.4770355225 60.7370796204 204.146286011
300.261169434 65.8693084717 61.6752624512 205.805786133
300.015441895 68.6022567749 61.6266593933 204.852249146
298.980224609 67.6222457886 61.01014328 203.284133911
299.540283203 71.0800476074 60.6587142944 204.720291138
300.918548584 77.3570709229 59.8048400879 199.489151001
301.702178955 66.7517776489 60.6298522949 200.712982178
300.021972656 71.5658950806 59.8131599426 198.188232422
302.139007568 71.3804244995 58.9908638 196.48374939
303.951019287 68.8820953369 59.6195907593 198.511276245
303.190368652 73.4734649658 59.0608634949 195.2837677
304.609924316 67.0939331055 59.186706543 197.133056641
303.766784668 75.1968154907 58.173828125 194.775177002
304.367858887 73.503112793 58.3292770386 195.627319336
305.877868652 80.1793670654 58.0022964478 192.198913574
306.291259766 72.5726699829 57.2193832397 190.640045166
307.332183838 81.3417510986 56.2080078125 186.007003784
308.564605713 79.8982315063 55.6249465942 184.474807739
310.188903809 81.8477859497 54.5891838074 181.168807983
311.289733887 78.9752197266 54.2827949524 182.287811279
311.007080078 84.9408111572 54.3455696106 176.24105835
312.180511475 84.3387451172 53.5783195496 175.664215088
313.166687012 86.8147354126 52.8152351379 173.027694702
313.983703613 83.9720458984 53.1880493164 173.149383545
314.13684082 85.1181182861 52.9177627563 170.257644653
315.554107666 82.4220809937 52.9141731262 174.062957764
313.902770996 84.4030303955 53.7573776245 172.662353516
314.633880615 85.9900588989 53.2911186218 172.303390503
316.560882568 82.9651641846 53.1158027649 173.50112915
317.186309814 83.759979248 52.370349884 169.9662323
318.18548584 78.9375839233 50.8475418091 172.107147217
317.245513916 81.1823272705 52.0689277649 171.806427002
319.892822266 84.1902694702 51.4250259399 168.972885132
321.365570068 84.3286514282 51.511920929 168.573959351
322.301300049 88.0696563721 50.6778144836 166.766448975
321.565979004 86.9785766602 52.266368866 167.569610596
320.03213501 88.5789337158 53.7560424805 165.549835205
322.702972412 89.2012786865 52.2004470825 165.023880005
322.957550049 87.4118499756 51.2815361023 163.503463745
323.604553223 88.6983184814 51.624584198 163.170043945
323.808227539 88.6829986572 51.1063919067 160.591278076
324.206298828 88.4856033325 51.6217460632 162.366119385
325.646087646 91.6936187744 49.331993103 157.328186035
325.834777832 88.960357666 50.1871261597 159.722976685
328.383026123 89.9019317627 49.390827179 159.091156006
328.053375244 91.7481765747 49.6789398193 155.790313721
327.569030762 92.7209320068 49.3670120239 155.087081909
328.691833496 89.9727020264 50.1421813965 157.632949829
328.384979248 89.3176116943 49.4698410034 156.191436768
329.50100708 92.9998931885 48.4313201904 153.733795166
330.63470459 89.5786819458 47.995765686 153.354202271
331.330749512 88.805229187 47.5113525391 154.116867065
331.433532715 89.5536956787 47.4462432861 153.417114258
332.511901855 90.4396362305 47.6989822388 153.792556763
332.39666748 89.6183776855 47.3227043152 153.197845459
331.870788574 87.32421875 48.5429496765 157.001022339
331.985198975 88.5943069458 48.1798934937 156.943878174
332.569244385 86.4951248169 48.4454841614 158.742828369
331.765228271 88.8555755615 48.0577850342 154.427947998
332.186462402 89.994392395 48.4202270508 154.187255859
332.01763916 87.3597869873 48.7652740479 154.365310669
333.547973633 87.5182495117 47.8233833313 154.387741089
333.152618408 88.9815216064 48.5305862427 153.311157227
333.158447266 89.012046814 48.5529251099 152.401275635
333.439758301 91.0148696899 47.5475578308 148.902923584
333.897033691 91.1420440674 47.7652702332 148.858612061
333.876281738 89.7845916748 47.5115013123 150.27142334
334.000549316 90.5253143311 47.3066101074 149.42565918
335.388122559 92.3542022705 46.6207046509 147.251541138
334.521026611 91.5072555542 46.8269615173 145.797164917
334.923522949 91.3136672974 46.635925293 145.781509399
335.381896973 93.4741439819 46.1090393066 144.660202026
334.783447266 91.7652435303 45.9652061462 145.421600342
335.080627441 93.0416488647 45.7280921936 143.387557983
336.465637207 93.1205596924 45.5015029907 145.566741943
336.273895264 88.7112197876 46.0262107849 147.926437378
336.140808105 91.2364349365 45.490852356 144.599441528
336.684387207 91.7062759399 45.2266845703 143.63130188
336.167663574 92.6108322144 45.2443771362 143.678329468
337.677947998 95.3184356689 45.194683075 141.491714478
337.384857178 93.5881195068 45.3126716614 142.402542114
336.702331543 92.9226837158 45.5219688416 141.786346436
336.01385498 91.3291320801 46.4981460571 144.792572021
335.312866211 88.5608062744 47.0398406982 145.93208313
335.936065674 89.2926025391 46.6447563171 146.34866333
337.202514648 89.3866653442 46.3464546204 147.521896362
336.764068604 93.518157959 46.4740066528 146.637313843
336.050628662 91.2814865112 46.381111145 146.850646973
335.954315186 86.9711227417 46.9602584839 148.595123291
336.293731689 89.6119003296 47.3958511353 148.786468506
336.172790527 91.8222045898 46.5337677002 146.752532959
335.292175293 88.423828125 45.8340568542 146.09677124
335.961761475 90.0280151367 45.5612831116 143.135406494
337.3409729 92.7763442993 44.754901886 141.84526062
337.703796387 94.0262985229 44.0204162598 138.511856079
337.168304443 93.9738006592 43.8965835571 138.17300415
337.285217285 94.3042373657 43.6095695496 137.692153931
337.868469238 97.3454437256 43.7455940247 137.282714844
336.853424072 94.5145111084 44.3596992493 138.952285767
337.386749268 93.0858612061 44.8117485046 138.781448364
337.220581055 96.5261688232 44.5244941711 138.647262573
336.86706543 97.370880127 43.8763656616 141.357681274
335.54788208 94.4534835815 44.8741264343 139.744049072
336.316497803 96.2570648193 44.1541671753 138.145736694
336.167602539 93.9350280762 45.0930557251 138.379364014
336.038024902 95.6678085327 45.3928985596 135.973831177
336.519897461 95.0577850342 44.6625595093 135.65586853
337.547546387 95.369644165 43.6121711731 134.277633667
338.619262695 97.6843261719 43.0431289673 133.512588501
337.232452393 98.1024627686 44.2964820862 131.838165283
336.790008545 97.2293777466 44.5565719604 131.950408936
337.656677246 91.8982772827 44.8494338989 136.051742554
337.625671387 95.6830596924 44.9517021179 134.397674561
336.904968262 94.1468887329 45.1952095032 134.983764648
337.875335693 93.3725967407 44.5990447998 135.76008606
338.585723877 95.5434112549 43.4091262817 135.576950073
339.997467041 94.0277557373 42.2684860229 134.049667358
340.18270874 95.729598999 42.0795860291 130.369445801
339.703796387 98.5253448486 42.3049697876 129.573806763
339.192047119 98.5707702637 42.3148117065 128.280426025
338.352172852 97.7798309326 43.7877311707 129.774475098
338.581634521 97.3471984863 43.2851867676 129.519134521
340.214019775 97.1753082275 41.245388031 127.674423218
340.63067627 97.5275650024 41.4386978149 126.677124023
339.20501709 97.4692230225 42.0810050964 125.851638794
339.172729492 96.6060409546 42.2164535522 127.925071716
340.053314209 97.1836395264 41.6535682678 127.066604614
340.506164551 97.2312469482 40.7385940552 124.743362427
340.229095459 99.5653533936 40.8764457703 122.656517029
340.475250244 98.5360794067 40.7969703674 123.099899292
341.563415527 98.2062988281 39.6805953979 120.462280273
342.295043945 99.2191314697 39.4479293823 120.152183533
343.12713623 100.456314087 38.9504356384 119.420547485
342.984954834 99.1410217285 39.3577957153 119.190963745
341.894165039 100.280357361 40.1492118835 120.049850464
340.863555908 99.6691436768 40.5240821838 119.978431702
341.982696533 100.347648621 40.145904541 118.630966187
342.289886475 99.4181060791 40.2738876343 121.268875122
342.02532959 101.812355042 40.2280349731 118.227050781
341.498748779 101.269248962 40.718082428 119.373374939
343.386047363 101.621078491 39.2465019226 117.999511719
343.52545166 99.4678955078 39.4165344238 118.718643188
342.698944092 101.767669678 39.6538772583 119.019569397
341.942565918 100.336875916 40.2541351318 118.58404541
344.085571289 102.736412048 39.1355552673 117.430992126
342.771697998 102.453842163 39.2266921997 116.781616211
343.54800415 103.264183044 38.583946228 114.501235962
344.271209717 102.900527954 37.9311523438 113.9165802
344.332946777 103.35282135 38.0361557007 114.044433594
344.286987305 105.421043396 37.7843742371 113.672592163
343.80178833 103.241134644 37.6292114258 111.971878052
343.749908447 107.141700745 38.0891723633 110.502944946
344.841369629 105.381263733 36.2709617615 108.82460022
344.926818848 106.215209961 36.5656852722 108.621109009
343.452972412 108.307655334 37.4399642944 109.348655701
344.413757324 107.757568359 37.0990066528 108.804367065
344.214172363 105.889938354 36.5832519531 109.345214844
343.568756104 106.830001831 36.6414794922 109.117126465
344.346130371 105.863685608 35.9218215942 108.11390686
342.981903076 106.558761597 37.2877120972 108.989967346
343.984924316 106.179641724 36.5709686279 108.434524536
343.827545166 107.598205566 36.5510177612 108.148727417
343.400817871 106.611915588 36.7656173706 107.85534668
343.369934082 105.860351562 36.4828720093 108.074256897
343.09564209 104.954429626 36.6192703247 109.034934998
342.37020874 104.46534729 36.3172035217 108.865867615
343.294067383 106.373924255 35.5808486938 105.426475525
343.542663574 106.308303833 35.5066261292 104.871017456
343.416564941 104.886367798 35.1711463928 104.374526978
343.826019287 106.085411072 34.5912628174 103.696899414
342.999450684 107.741256714 34.8740119934 103.115379333
343.459014893 106.597251892 34.43359375 103.24659729
344.3855896 106.464584351 33.8974723816 102.433364868
343.565246582 107.940406799 34.1413497925 101.49407959
342.346740723 107.744140625 35.1600227356 101.54548645
343.335113525 108.226356506 35.3049926758 102.895309448
343.209960938 109.170249939 34.9052848816 101.837173462
342.931884766 108.981872559 34.3175086975 99.3560256958
343.633148193 106.801086426 33.3315010071 100.282844543
343.662658691 109.465293884 33.0503959656 97.2819900513
344.628967285 110.16292572 32.629322052 96.7964096069
343.977203369 112.157272339 32.7070236206 95.1468658447
344.633361816 111.296958923 32.8575363159 96.1602401733
343.907714844 112.953384399 32.8922843933 95.0168762207
344.131530762 112.999046326 32.5073928833 96.2082061768
344.591949463 109.629005432 32.2218170166 98.0413970947
343.981658936 111.447891235 32.9004135132 94.3427963257
343.492858887 111.430030823 33.3842391968 95.0811309814
343.764831543 111.85319519 33.2944602966 93.6755371094
344.510742188 114.140052795 32.6328315735 93.2732391357
344.169769287 114.672195435 33.0355224609 95.1340179443
345.218078613 113.373512268 31.8767662048 91.462600708
345.166259766 114.257888794 32.0569229126 92.7128601074
