162.0 188.0 34.0 84.0
161.401702881 190.335372925 33.3023910522 82.8108444214
161.577362061 188.972290039 33.7298965454 83.8476867676
161.697479248 188.173370361 33.7250595093 83.4422607422
160.484298706 190.499313354 33.4106521606 82.5439682007
160.666275024 188.827514648 33.40858078 82.538848877
159.368560791 187.52053833 33.5089950562 82.7869262695
158.824737549 188.126464844 33.7018852234 83.2634887695
158.538253784 181.606842041 33.991027832 83.9778289795
159.195068359 182.985671997 33.8312454224 83.5830764771
158.354156494 183.540206909 34.0665473938 84.1644058228
157.577926636 185.682006836 34.0298652649 84.0737686157
155.535263062 186.223709106 34.236076355 84.5832290649
157.916107178 187.446243286 34.2409515381 84.5952682495
158.251174927 183.772644043 35.0170402527 86.5126647949
158.118453979 184.240463257 34.4439468384 87.8359603882
158.259033203 186.392044067 34.4517097473 89.5438766479
158.780029297 187.537857056 35.1570510864 90.1474761963
159.240432739 189.042175293 34.7185554504 89.1736068726
160.514556885 192.151092529 34.6956520081 86.5494232178
160.049713135 194.253768921 35.2004089355 86.8221588135
160.903884888 195.404022217 36.0315475464 83.2442474365
162.744934082 195.864089966 35.4701118469 83.7513504028
161.413604736 197.442550659 37.0221061707 80.9244232178
163.257843018 195.46206665 35.4209251404 83.8572845459
164.516601562 197.194778442 35.165096283 79.5204696655
165.408981323 196.078826904 35.0515213013 81.7564849854
167.457901001 197.289245605 34.8199691772 80.2953414917
168.806060791 195.999526978 32.3642349243 82.7957229614
169.406234741 196.778152466 32.9802627563 79.8706283569
170.111724854 195.269699097 32.7552680969 83.0807723999
168.218261719 192.549667358 33.8369255066 83.5970840454
167.230270386 192.494628906 34.027507782 84.0679397583
169.370056152 193.205718994 33.7684440613 83.4279022217
169.017822266 190.499038696 32.7066230774 85.7385101318
167.943939209 192.450714111 31.8136043549 83.6815109253
167.738922119 189.162063599 33.1938400269 83.1288452148
166.486846924 188.43737793 32.761756897 85.9775085449
165.074615479 191.263031006 33.6981697083 83.7489242554
163.962677002 193.385147095 33.9037895203 83.7622833252
163.141616821 195.252365112 34.3266792297 83.7128753662
161.36946106 192.945129395 34.6404838562 83.4297637939
160.847061157 195.003387451 33.741733551 80.996887207
159.760894775 195.381393433 33.2878494263 80.9141921997
159.504348755 196.394973755 33.0684432983 79.9001083374
158.746932983 196.083938599 33.6838798523 80.353187561
157.881530762 191.375656128 33.0974235535 81.7700805664
158.396514893 192.148193359 33.1362228394 81.8659286499
155.296310425 197.516448975 33.9156455994 80.8586883545
154.191864014 195.070892334 33.8671379089 81.2453994751
152.673782349 196.551864624 34.2171401978 81.183807373
151.839782715 194.200866699 33.9659957886 82.6632995605
150.965194702 196.084503174 33.6320114136 80.8792114258
151.198974609 197.609817505 32.7565994263 79.8554000854
150.723236084 200.263626099 33.2752418518 76.5847549438
150.499023438 200.396072388 32.5050125122 75.6357574463
147.077194214 195.801498413 33.6228027344 80.9349594116
147.166702271 197.15826416 32.0959091187 79.8470916748
145.690872192 196.313934326 32.0136413574 81.1435546875
144.521408081 190.279388428 33.1046142578 81.7878417969
143.81867981 193.174041748 33.094165802 81.7620162964
144.302810669 186.582778931 33.3392715454 82.3675689697
145.205596924 187.036636353 33.2374687195 82.116065979
145.304977417 189.628219604 33.2370491028 82.1150283813
145.138473511 190.986434937 33.2136001587 82.0570907593
146.672241211 190.86026001 33.2971572876 82.2635269165
143.570068359 191.261795044 33.8578414917 83.6487579346
146.080429077 191.731414795 33.9930229187 83.9827423096
142.18447876 192.748138428 33.860294342 83.6548309326
146.064605713 193.12260437 34.3644714355 85.3659744263
146.832839966 192.170776367 34.856048584 86.9646606445
149.048980713 189.207717896 34.7001838684 88.5755157471
154.949020386 194.344085693 34.8852500916 87.85987854
151.970794678 190.662261963 35.1163406372 87.5280838013
156.245132446 192.405319214 35.4122543335 88.7186813354
159.4347229 193.263137817 34.4382781982 87.9239654541
161.764190674 194.047225952 35.080493927 88.0646514893
163.745605469 192.907669067 35.1842422485 87.5745239258
164.250228882 192.854766846 35.6385993958 87.9203491211
167.204299927 193.570220947 35.2041931152 86.3370513916
170.692626953 193.969528198 35.2343139648 87.0103149414
172.268295288 193.481719971 35.2710494995 86.1939849854
174.730514526 190.749603271 35.0879821777 84.4330444336
175.55897522 189.931671143 36.509563446 84.0480880737
180.707382202 190.517440796 35.1705627441 81.6314086914
184.590026855 189.126083374 34.796672821 80.6558456421
189.567626953 187.783111572 34.7445640564 85.597946167
192.882598877 187.394363403 35.9364624023 89.3506546021
193.728057861 186.519454956 36.145904541 89.301612854
197.757965088 184.676361084 36.5459671021 90.2899932861
198.688247681 183.649414062 36.7925567627 90.8992156982
201.422561646 183.913543701 36.536781311 90.2672958374
202.025085449 185.16897583 36.3022537231 89.6878738403
200.777496338 188.540206909 36.1321792603 89.2676773071
200.9347229 186.133926392 36.2729873657 89.6155471802
200.413238525 187.880859375 36.6996688843 90.6696929932
200.891555786 190.517822266 36.5190238953 90.2234039307
200.240997314 188.978439331 35.5838508606 92.4227142334
200.376052856 188.867477417 35.9580383301 89.322517395
201.658355713 186.525222778 36.2982597351 89.6779937744
203.33505249 185.470535278 36.2933120728 89.6657714844
203.984909058 182.984954834 36.7648620605 90.8307723999
199.97303772 183.34538269 37.3110122681 92.1800765991
204.900344849 183.165649414 37.3605690002 92.3025054932
203.756149292 181.92086792 37.2840805054 92.1135406494
207.253463745 183.902862549 37.4413414001 92.5020751953
206.033203125 183.544219971 37.7054023743 93.1544570923
206.492706299 181.655212402 37.7880363464 93.3586044312
209.380126953 182.668014526 37.7806816101 93.3404388428
208.61416626 179.672805786 38.1616783142 94.2817230225
211.277862549 178.652786255 38.3532028198 94.7549057007
210.552886963 178.129562378 38.9110603333 96.133140564
213.253875732 177.260955811 39.2106208801 96.8732299805
215.342926025 173.343688965 39.2031555176 96.8547897339
215.200195312 174.92906189 38.9242858887 96.1658172607
217.363235474 171.694854736 39.6732368469 98.0161590576
217.562530518 172.266433716 40.6848983765 100.515556335
221.129394531 168.436477661 41.3622741699 102.189071655
221.529571533 167.062927246 40.995765686 101.283584595
224.621002197 166.434432983 40.8009338379 100.802230835
222.196853638 165.548675537 41.3476715088 102.152999878
225.899856567 162.774368286 41.6666030884 102.940940857
223.448974609 163.872665405 42.3128890991 104.537643433
225.90763855 161.172149658 42.5617446899 105.15246582
224.973098755 163.069229126 42.8571929932 105.882400513
225.821746826 163.594024658 42.8440208435 105.849853516
224.71635437 161.500152588 43.4009170532 107.225708008
223.257522583 164.00328064 43.5456390381 107.583267212
224.420440674 162.407791138 43.5022773743 107.476135254
226.666229248 161.143844604 43.9530944824 108.589920044
225.433837891 162.234619141 43.6732177734 107.898452759
226.1068573 160.942489624 43.6762428284 107.905921936
225.110839844 162.097412109 43.4872169495 107.438903809
226.162399292 160.343841553 42.8503952026 105.865585327
225.422576904 159.482391357 43.7229003906 108.021179199
228.76651001 159.709960938 43.0811386108 106.435653687
224.304031372 162.495223999 43.4999923706 107.470458984
226.602386475 161.52355957 43.6150588989 107.754737854
225.060745239 160.506088257 43.2582397461 106.873184204
225.426971436 160.952728271 43.819190979 108.259056091
228.230834961 159.658493042 43.5452194214 107.582191467
226.647613525 157.501800537 44.2956886292 109.436279297
224.118453979 161.748260498 43.7080154419 107.984390259
223.13192749 161.22416687 43.3610191345 107.79044342
226.211883545 161.992919922 42.4952926636 108.218788147
225.359664917 162.010986328 42.8325576782 109.730712891
226.129196167 161.144454956 42.5808029175 107.854507446
224.02722168 160.560821533 43.0602760315 109.347824097
224.44909668 162.364074707 42.9486274719 109.024208069
224.978057861 161.025650024 43.5500869751 109.915428162
224.700241089 160.443481445 43.4135856628 110.321212769
227.852203369 163.017379761 43.1586990356 106.62727356
226.055145264 160.881668091 42.0237121582 108.449623108
226.59262085 162.661132812 42.7370262146 107.739685059
225.840042114 165.010879517 42.5470657349 105.116188049
226.598434448 163.751220703 42.2547187805 105.535812378
228.881072998 168.323928833 40.1546401978 107.962539673
227.339477539 172.647247314 40.1931228638 101.97505188
228.176361084 177.954193115 38.2161483765 96.2537231445
227.514678955 180.795654297 36.7773933411 93.1801452637
227.34147644 181.893951416 36.4446411133 94.3550033569
227.519378662 178.238983154 35.7794685364 97.5048141479
226.04598999 178.47366333 35.7854728699 98.5324478149
225.823440552 175.531799316 34.4808883667 100.027732849
224.448760986 173.78994751 33.1433753967 100.399002075
222.368118286 174.734817505 34.2686042786 99.6203155518
221.356536865 173.124038696 34.1909141541 102.344703674
220.460113525 171.029006958 36.1619682312 104.255271912
220.456710815 170.393615723 38.8882904053 98.3330535889
218.050506592 166.874923706 37.5099449158 100.397415161
217.254516602 167.498443604 36.5905838013 97.2799224854
218.175460815 166.785186768 34.8845100403 95.2133331299
219.208694458 164.341278076 33.4424324036 96.0620269775
218.063796997 161.200286865 34.7753410339 96.2314224243
218.063796997 161.200286865 34.7753410339 96.2314224243
218.063796997 161.200286865 34.7753410339 96.2314224243
218.063796997 161.200286865 34.7753410339 96.2314224243
218.063796997 161.200286865 34.7753410339 96.2314224243
218.063796997 161.200286865 34.7753410339 96.2314224243
216.507125854 155.880599976 36.5976638794 98.028755188
217.42086792 156.282028198 38.532207489 99.3589630127
216.223754883 161.007629395 35.5568161011 102.695274353
215.62008667 163.205566406 29.4892463684 100.454345703
216.507492065 162.30708313 29.4170074463 100.722251892
215.838821411 160.392745972 31.3613128662 108.498756409
213.869308472 159.37991333 33.7296905518 108.485839844
212.860427856 158.358322144 32.7089767456 110.936080933
213.572555542 157.55065918 34.2994384766 111.516921997
212.454025269 162.767791748 35.2470550537 104.685447693
209.770599365 165.73109436 35.0376167297 103.760940552
209.459716797 168.255371094 36.0116195679 101.52532959
207.513183594 165.640762329 35.0625534058 101.819664001
206.592819214 169.491699219 35.9227180481 97.1900024414
205.989212036 171.395706177 36.3710021973 92.5698242188
204.072479248 171.338424683 37.7586936951 94.2884979248
201.678939819 173.879547119 36.5610923767 92.7938156128
200.000228882 173.951156616 35.8479652405 91.2182998657
201.608779907 172.364746094 35.6763458252 93.0747146606
202.098526001 171.188186646 35.4367752075 93.9947738647
201.246917725 169.505523682 35.5841407776 96.3058013916
198.020812988 168.954284668 35.4514770508 96.4965362549
197.357025146 168.304290771 34.3425445557 94.551322937
196.986465454 168.159500122 34.6059303284 95.5915756226
195.145111084 165.633377075 35.5315818787 97.9488372803
193.101470947 164.945068359 36.8657150269 98.0799865723
190.220947266 165.341339111 37.8545761108 99.996963501
186.793258667 162.051132202 40.3436508179 101.215042114
183.522125244 164.839691162 41.1079177856 101.560653687
183.350692749 163.625656128 41.4631347656 102.43825531
182.162643433 165.290115356 41.9168815613 103.559280396
180.786071777 165.957183838 42.7527275085 105.624313354
180.187133789 164.892700195 42.5563964844 105.139259338
180.160842896 164.705352783 42.3488349915 104.626464844
180.177139282 162.692016602 42.3934707642 104.736740112
180.95475769 162.785217285 41.9781265259 103.710609436
184.365966797 160.823852539 42.2075042725 104.277305603
182.608428955 160.743133545 42.5777359009 105.888526917
187.614837646 159.420684814 41.4208908081 105.743270874
187.575286865 157.381713867 41.7844352722 103.523605347
187.424041748 160.387039185 41.5968322754 103.400817871
189.597686768 158.482177734 41.5652542114 102.77722168
187.385635376 158.308868408 40.7699813843 100.725776672
188.255645752 160.171173096 40.6855430603 100.517173767
187.657745361 156.736541748 40.9422569275 101.151405334
188.805145264 158.530715942 41.8169937134 103.312515259
188.338012695 157.951461792 41.6489486694 102.897354126
186.116577148 158.974029541 40.9215583801 101.100280762
188.393676758 160.174407959 40.4505653381 100.587654114
186.307022095 157.666900635 40.8918571472 101.026901245
184.380569458 156.469390869 41.459312439 101.001243591
180.628616333 156.435958862 41.5964660645 102.767715454
181.466583252 154.664459229 41.7446403503 103.133804321
183.558685303 154.687484741 41.5526809692 102.659545898
183.582855225 155.329544067 41.0584945679 101.438613892
183.769195557 152.893661499 41.5712966919 102.705528259
182.898269653 153.098571777 42.1653518677 104.173194885
183.023223877 153.542816162 41.79845047 103.266723633
185.254638672 154.509185791 41.4830474854 102.487487793
184.699737549 154.283569336 41.8405647278 103.370765686
187.704498291 153.488616943 41.1973571777 104.234481812
189.104293823 153.48979187 41.7569389343 103.164161682
188.988601685 154.026245117 41.3031425476 102.043014526
190.734176636 155.553207397 40.8306007385 100.875564575
191.964920044 157.000045776 40.3671188354 99.7304840088
192.929153442 157.473358154 39.9151000977 100.702255249
193.287139893 155.534805298 40.9490776062 101.168266296
194.373809814 156.126907349 41.8171463013 103.312904358
199.731124878 152.882949829 39.2820243835 105.511901855
197.614608765 153.382232666 39.512462616 103.577354431
197.303405762 151.516357422 41.9259796143 103.581787109
198.533279419 149.204879761 41.1850280762 101.751197815
202.010955811 151.370040894 40.8927154541 101.029022217
199.858657837 151.017974854 40.7455978394 100.665565491
200.034790039 151.851272583 40.6740493774 100.48878479
197.744812012 149.615936279 40.6145629883 100.341812134
199.271606445 154.234710693 40.3983459473 99.8076324463
196.160858154 156.787872314 40.5882644653 100.276847839
194.104705811 155.748626709 39.5397148132 102.555885315
193.663955688 157.19631958 40.5487060547 100.179115295
191.208496094 157.122116089 40.0835990906 99.0300292969
196.141571045 159.318740845 40.0080833435 100.579788208
198.590042114 158.447662354 40.1797904968 99.2676849365
197.544036865 157.844909668 40.5747032166 100.243362427
200.388809204 161.314239502 40.4597167969 99.9592895508
199.3724823 156.977905273 40.8957672119 101.036582947
195.204223633 154.463287354 40.7818374634 100.755111694
199.266891479 154.995269775 40.0104179382 102.874855042
199.377227783 153.431350708 40.2682991028 99.4863739014
199.508239746 155.570663452 40.6041946411 100.316223145
202.69418335 155.277770996 40.8936538696 101.031356812
203.495697021 152.695526123 41.7406272888 103.123878479
207.78805542 153.817504883 41.7863883972 103.236938477
210.430175781 151.572143555 42.5420379639 105.10383606
213.01159668 156.138519287 42.8733558655 105.922386169
220.195846558 158.572311401 41.9258117676 101.543334961
222.649780273 159.542984009 41.3915557861 98.7229232788
231.250167847 161.145111084 37.243144989 95.6596298218
233.066680908 163.954116821 36.5734367371 92.6319503784
227.212371826 164.007492065 39.0892982483 103.707092285
231.804489136 157.132385254 40.7096328735 98.7566146851
237.145721436 157.884124756 39.3013076782 102.507919312
239.505340576 155.100830078 40.3869285583 100.77406311
241.091751099 159.981719971 40.6085128784 100.326904297
241.87361145 163.684143066 39.9032058716 98.5843734741
241.936447144 164.405288696 40.1096992493 99.0945358276
238.836624146 166.286529541 39.5387153625 99.4579467773
237.478057861 165.81362915 40.186504364 99.284286499
243.676559448 168.639602661 38.2179260254 98.7197570801
243.737060547 168.413986206 39.8912582397 98.1753616333
241.367095947 166.15486145 40.522026062 100.113227844
241.446166992 170.371612549 40.2251167297 99.3796768188
245.868652344 172.058883667 38.3502235413 100.653427124
246.356445312 171.956832886 38.6565055847 95.5042877197
247.406402588 170.602874756 38.5296134949 98.0430755615
248.761260986 173.612823486 38.8894424438 96.079750061
248.423736572 175.940795898 38.0343933105 93.6304626465
247.654251099 172.478775024 37.638420105 92.9889907837
244.024169922 173.076339722 37.4747085571 92.9051513672
248.499801636 172.326171875 37.4143447876 92.4353790283
246.777984619 173.033218384 37.2752990723 92.0918502808
247.476043701 169.238433838 37.8033981323 93.3965682983
247.118621826 172.164505005 38.0095672607 93.9059295654
248.68208313 170.138580322 38.5011367798 95.8709716797
251.937835693 161.370651245 38.7593460083 96.3428573608
249.849319458 165.347595215 38.6357192993 95.8507995605
249.849319458 165.347595215 38.6357192993 95.8507995605
242.7762146 184.849975586 38.1319389343 94.9881591797
237.844650269 176.722564697 37.6815567017 93.8551940918
239.630691528 174.82182312 38.123085022 94.186378479
239.091796875 170.886856079 37.4190063477 92.4468841553
236.239593506 169.610534668 37.7816848755 93.3429107666
238.206756592 166.981262207 37.2463569641 93.9510650635
235.853973389 163.571990967 38.2873268127 94.5921401978
234.317718506 166.283157349 38.9351081848 94.4925308228
230.890182495 168.261444092 39.7627944946 95.8140640259
232.175216675 167.773834229 39.2004852295 95.6079025269
230.436813354 168.395828247 39.2379264832 95.1719665527
229.381546021 169.359725952 40.1188774109 95.0666656494
228.698165894 166.626525879 39.1873970032 96.4377975464
224.013092041 170.670715332 39.6169509888 97.8076171875
221.294021606 171.755859375 40.5366210938 101.605911255
223.152542114 170.150436401 38.5458297729 96.6763458252
224.215621948 169.659698486 37.6674499512 95.8286972046
224.675125122 166.665679932 38.316078186 95.9041900635
223.74230957 169.445144653 39.0256843567 94.8937530518
222.17414856 162.741943359 38.9650344849 96.6481246948
223.628829956 165.08253479 38.8901786804 97.0801620483
224.25378418 165.848968506 38.1183395386 95.5122375488
223.725753784 166.111816406 39.6264076233 97.3863830566
222.733612061 162.053070068 41.3219680786 101.275733948
226.234863281 167.273590088 40.8825454712 101.110847473
224.373321533 165.448501587 41.90990448 104.255455017
222.749435425 165.068878174 43.0158462524 105.227401733
228.183013916 166.269866943 42.6681632996 100.997329712
231.775512695 162.871673584 42.2099113464 100.171234131
232.218215942 168.291595459 43.4936485291 102.598228455
234.522613525 163.048828125 43.4500999451 101.640731812
239.103439331 163.20916748 44.795879364 103.294090271
241.297576904 162.288589478 45.6858100891 104.372924805
243.032745361 164.268783569 45.8442764282 108.74936676
243.363037109 162.663803101 45.558303833 109.98134613
248.789138794 159.848800659 46.1240921021 113.953590393
251.790252686 157.139160156 46.8777236938 115.563415527
253.470733643 163.020828247 45.1879463196 111.496566772
253.586212158 159.647857666 46.7650527954 115.499572754
252.463821411 158.594406128 46.2936782837 114.733299255
255.841705322 159.084274292 46.8479003906 113.934616089
261.432495117 154.21496582 45.5970001221 113.117042542
261.432495117 154.21496582 45.5970001221 113.117042542
262.820373535 151.115631104 46.2319564819 113.365524292
264.133148193 157.917938232 47.0964736938 116.355918884
263.917053223 157.462600708 47.2325782776 116.692176819
269.257995605 161.131546021 48.382194519 119.126525879
269.717346191 160.73298645 48.6180534363 120.115127563
271.867950439 159.370285034 48.4717216492 119.753601074
275.605316162 160.226821899 48.0358352661 118.676712036
281.29510498 158.56463623 46.3047370911 117.572364807
279.174621582 158.669067383 45.897026062 116.589523315
279.553619385 159.399612427 45.8299865723 115.511741638
279.464141846 166.756011963 46.0036087036 115.084213257
281.656585693 165.402145386 45.5761528015 115.754318237
279.572570801 165.272064209 46.8050689697 115.636001587
279.729064941 167.420959473 47.1654472351 116.526351929
281.496826172 168.837554932 46.8172454834 115.666091919
284.437194824 167.896270752 46.5797958374 115.079444885
281.719177246 167.754196167 46.7000694275 115.376586914
282.568054199 164.155502319 47.0715103149 116.294265747
283.39263916 165.966094971 46.0989494324 113.891479492
287.855010986 165.036376953 45.7879714966 113.123168945
288.444213867 164.953170776 44.7776870728 110.627174377
289.49029541 165.775360107 45.2197685242 111.71937561
293.550231934 171.689224243 44.7388763428 110.531295776
296.84576416 165.396331787 45.9719429016 113.577682495
299.410583496 165.863021851 46.3801383972 114.586158752
302.336517334 165.209686279 46.7354507446 115.463973999
304.141387939 167.257446289 46.8978996277 115.865310669
305.565032959 164.711791992 47.8664550781 118.258201599
307.527770996 167.131195068 47.0654907227 116.279342651
310.209289551 167.043762207 46.3483581543 114.507606506
310.753112793 169.299530029 46.4520072937 114.763687134
310.753112793 169.299530029 46.4520072937 114.763687134
310.753112793 169.299530029 46.4520072937 114.763687134
319.699310303 174.56628418 44.8180923462 115.727966309
318.698150635 171.759780884 46.1766471863 114.083374023
323.984680176 171.905181885 44.2852401733 114.373512268
327.657775879 172.499465942 44.9612350464 111.080589294
325.70123291 173.98550415 44.2999572754 110.42137146
323.386932373 176.4425354 43.6890487671 107.937538147
322.976867676 175.153137207 43.7627754211 108.119689941
324.317199707 175.378509521 43.1507568359 106.607643127
327.527679443 173.588989258 43.0655097961 107.098678589
327.637695312 176.580459595 43.4628105164 107.378601074
329.690765381 178.256256104 43.6070747375 107.73500824
334.005279541 180.555511475 42.6936302185 108.069168091
329.70111084 181.753204346 44.1685180664 109.122116089
330.956695557 181.376525879 44.8678207397 110.849807739
335.121887207 176.99546814 44.1719970703 108.934814453
331.570739746 178.686279297 43.9993629456 108.704208374
334.478088379 175.477493286 44.1515426636 109.080177307
338.238647461 173.727172852 44.368106842 106.870788574
