163.0 44.0 47.0 164.0
161.067901611 44.1877555847 47.5950660706 165.337036133
162.931930542 34.4498405457 47.7353820801 169.646835327
164.991729736 26.9639339447 46.0420722961 172.679031372
164.907836914 25.1266841888 46.4342422485 174.76083374
163.802124023 25.9162445068 45.5444107056 175.697235107
161.331970215 18.6603431702 48.2187271118 168.252563477
162.600769043 5.57364368439 46.2894172668 171.981872559
161.542709351 2.28741908073 48.7841186523 170.225418091
161.063537598 1.76001131535 46.3309555054 174.677764893
160.503173828 0.365788280964 44.956615448 170.782363892
162.729858398 11.8520736694 45.2644119263 168.816757202
166.661773682 25.1256790161 44.3491363525 169.537322998
164.868988037 20.3283443451 45.0415687561 165.035324097
165.654693604 27.3075008392 46.0223045349 163.822296143
164.148635864 24.0555152893 46.0576095581 162.905899048
159.171020508 8.93914985657 46.0680618286 164.31791687
160.358032227 19.2090873718 46.0346298218 161.391967773
160.515655518 18.962978363 46.8206138611 162.262039185
161.539611816 25.2667808533 46.2517280579 158.602386475
161.195785522 37.3709526062 47.0325698853 158.698898315
160.968215942 42.9443511963 46.987537384 151.541122437
160.312713623 47.2930259705 46.9250411987 152.05859375
161.555099487 51.18983078 46.058681488 153.994171143
167.590240479 57.3120040894 44.9331970215 157.168945312
164.380432129 59.1309127808 45.2542953491 156.681488037
164.221588135 60.4342880249 44.3868675232 157.359451294
156.010284424 69.4579315186 45.0249710083 158.155212402
148.890167236 67.5263519287 45.8275108337 159.037414551
145.876342773 62.2301864624 45.6930618286 159.439605713
135.08039856 68.7600479126 44.9543228149 150.27180481
134.224807739 42.9047279358 45.2390594482 157.855422974
129.315841675 50.6549530029 47.9588546753 146.502655029
128.777862549 49.2397956848 47.2897262573 145.103820801
129.17036438 47.8906021118 47.4831619263 147.541793823
132.676956177 38.9060211182 46.6305809021 152.720840454
132.124603271 43.4217338562 47.2410049438 151.573898315
136.775634766 36.0920791626 45.728263855 153.85647583
141.330078125 37.9155311584 45.6260910034 153.457443237
148.089996338 41.0127487183 45.8503189087 149.128448486
152.844818115 37.9772109985 45.0024528503 153.409347534
155.985321045 55.2891616821 44.3423843384 146.405410767
154.900848389 60.1137084961 44.8570175171 146.145553589
154.124679565 61.3932609558 43.2507171631 147.748458862
154.178161621 60.9925003052 40.554561615 144.824462891
153.268508911 57.9404220581 43.7272262573 151.188934326
154.933837891 56.4562149048 43.34740448 153.322845459
153.200027466 56.2686462402 42.4781570435 153.235290527
149.722869873 63.3179130554 43.8775062561 153.917541504
149.770172119 66.6447372437 44.3305854797 152.658615112
151.368103027 66.8437042236 42.9065246582 146.225601196
152.718109131 64.8711395264 42.2137680054 147.880371094
149.943954468 71.331237793 42.2185668945 145.704040527
148.01322937 72.8733978271 42.8857040405 144.98928833
147.521820068 71.9122238159 43.4668655396 145.220123291
145.126663208 71.8638763428 44.0417366028 147.032516479
141.694366455 70.763633728 44.7404098511 149.057983398
135.503829956 76.5302886963 45.9702835083 146.293319702
131.166259766 72.0535125732 45.3408737183 150.762466431
124.662071228 64.0198516846 44.4066047668 152.973007202
118.146789551 64.8621673584 43.774181366 152.743804932
110.472106934 60.236656189 44.3276176453 154.674926758
107.718040466 61.8172721863 44.1406517029 154.02255249
102.959495544 61.5449295044 43.4638557434 151.660964966
98.7161102295 63.4688835144 43.1882514954 150.699264526
92.4222564697 59.8317070007 42.898601532 149.688598633
94.2762527466 66.4000473022 43.5119476318 151.828781128
95.542175293 68.5903549194 43.8996696472 153.181686401
99.1145477295 64.0611419678 44.0980453491 153.87387085
96.9884796143 73.0185089111 44.9344558716 156.792388916
95.3355560303 80.127532959 43.9396057129 153.320999146
96.0260467529 83.9839477539 46.1404914856 146.864822388
98.9685211182 86.1679916382 43.1922531128 143.139129639
104.058082581 84.4413986206 44.1328659058 145.106079102
102.943496704 86.23097229 44.9924926758 143.96711731
112.153282166 75.6386642456 44.6766586304 139.18560791
114.933570862 74.3535919189 44.6441802979 132.400421143
117.755371094 72.3109588623 45.1971664429 124.541748047
118.44102478 75.7076416016 43.3902931213 125.678833008
119.774024963 74.8526382446 41.4302139282 120.02066803
120.522720337 73.8656463623 41.9797401428 121.293479919
121.548484802 75.6503067017 41.4568519592 120.101547241
122.438674927 76.9337768555 41.0738525391 120.349891663
127.539962769 71.4211120605 39.3043212891 127.529075623
128.222091675 75.2572631836 38.9051132202 127.502906799
129.097015381 76.6537094116 40.5861587524 130.022109985
131.170913696 73.5520782471 39.1508789062 131.763442993
137.823516846 69.6475753784 36.2829360962 133.698547363
141.340866089 66.8942108154 34.0427894592 134.392242432
144.693084717 64.8902816772 33.5603256226 137.517807007
146.8775177 65.8804550171 33.6921348572 137.393753052
148.224761963 72.1576385498 33.5585021973 134.605621338
149.176269531 74.1466751099 32.9144668579 132.573730469
150.450180054 71.9134674072 32.3682632446 135.317016602
150.137115479 79.5604019165 32.1329421997 130.961471558
153.032119751 79.8933258057 30.7393226624 135.377227783
154.685653687 81.3373031616 31.0949039459 134.153717041
155.369995117 87.689956665 32.5795822144 127.851486206
155.997039795 85.0087890625 33.1126327515 129.376419067
157.238601685 85.7905197144 34.0068244934 126.418518066
158.294967651 83.1569290161 35.5771408081 127.919288635
160.033554077 86.0329055786 37.2524185181 127.53276062
160.556854248 85.6412277222 36.9235305786 126.923782349
161.233078003 85.3264312744 36.9179916382 126.101364136
162.886688232 83.4913482666 37.6837844849 127.844444275
163.700073242 75.5732421875 37.9206123352 125.986831665
162.116668701 79.6268920898 37.2546463013 129.324020386
165.638473511 77.3720321655 35.3121833801 131.055480957
168.389053345 78.2503051758 31.6487979889 139.612884521
166.868789673 72.5819320679 33.8542327881 133.846542358
169.093017578 88.3669662476 33.5241622925 131.302200317
167.667602539 81.8800506592 34.6793212891 126.475059509
163.410110474 83.6479568481 36.0122146606 120.896095276
161.108856201 88.4952011108 36.0752830505 122.146217346
158.619750977 87.8167724609 35.5268516541 126.752731323
157.001358032 89.8328094482 34.9464797974 128.921310425
154.609466553 87.9179534912 35.7103996277 125.519119263
152.726272583 83.5339813232 35.0917282104 125.23323822
151.571304321 82.4427871704 35.241607666 123.711929321
146.708114624 73.7876358032 35.6535720825 124.739120483
143.432907104 74.7007675171 35.748008728 123.58984375
143.273193359 72.5771331787 34.9361572266 122.609558105
142.474487305 71.7654724121 34.1982192993 123.678916931
142.583557129 66.1509399414 33.5378761292 122.314865112
140.766189575 71.0723953247 34.5144577026 123.549453735
140.842132568 67.5398788452 34.7938575745 124.292160034
143.480194092 73.6289596558 35.0328788757 122.242347717
147.884643555 72.3029708862 35.2563858032 123.022254944
149.644927979 66.6858444214 35.3016777039 123.180282593
155.271408081 73.0209503174 33.9247703552 129.026992798
156.526641846 77.9578399658 34.1898918152 129.683746338
156.961776733 79.3529205322 33.535320282 128.090499878
160.889862061 82.87890625 32.1361160278 133.025344849
161.620559692 76.7849578857 32.6424713135 132.329559326
160.886444092 78.3654708862 34.7912483215 122.679946899
161.180587769 75.5826568604 34.9490089417 120.332885742
161.235321045 73.1140136719 35.0570678711 120.900718689
162.226425171 73.4336700439 34.5441932678 120.537132263
159.799682617 70.8826446533 34.4933280945 120.359642029
156.146057129 69.2106018066 34.8470687866 121.593978882
148.663589478 72.6297607422 34.7838554382 121.373413086
143.321121216 70.1091842651 35.5371322632 124.001869202
136.940246582 72.3194656372 35.9004516602 125.269615173
130.466964722 67.8764801025 36.4536514282 127.199913025
124.301368713 73.5888519287 35.9766426086 125.535461426
119.721717834 66.3749237061 36.1635971069 126.187820435
114.682327271 60.0233879089 36.8947753906 128.73916626
110.763198853 66.3899002075 37.3708839417 130.400482178
111.933494568 68.1806640625 37.1021118164 129.462646484
109.687026978 72.9423828125 36.750415802 128.235443115
108.624855042 68.5489044189 37.1748428345 129.716415405
107.838058472 84.2872695923 36.8264579773 128.500778198
108.696899414 85.206703186 36.8698120117 128.652053833
109.629776001 87.9591598511 36.74634552 128.221237183
109.696266174 90.244102478 36.7711410522 128.307769775
109.806015015 94.8478393555 37.2807426453 130.085968018
113.615562439 100.776878357 37.3499641418 130.327514648
114.840232849 98.8794555664 38.09349823 132.921966553
118.077987671 98.310836792 38.2270698547 133.388031006
121.989089966 99.6792984009 39.3491592407 128.670623779
125.545089722 97.8111419678 39.2987709045 131.256546021
132.671936035 100.413223267 39.2165985107 120.799949646
133.181060791 99.6972427368 39.0429878235 120.734786987
133.842880249 96.4615478516 38.6585464478 124.164108276
133.403930664 89.6587142944 38.3690605164 127.169204712
133.593536377 80.084777832 37.2851791382 130.101425171
130.154449463 87.5872497559 37.8192024231 123.635437012
127.374488831 85.8911361694 36.9964828491 129.094070435
125.428237915 85.1724090576 36.677406311 127.980712891
123.988098145 80.7476196289 36.1960220337 126.300979614
120.93572998 76.4859619141 36.1086578369 125.996139526
117.600997925 79.3129577637 35.7806816101 124.851707458
116.540870667 83.5477371216 35.6342391968 124.34072113
115.647445679 80.7694015503 36.1678924561 126.202835083
115.237960815 81.6004333496 36.0839347839 125.909889221
116.290977478 85.2148742676 35.0443916321 122.282546997
115.650192261 84.8006820679 35.7856445312 118.079368591
116.562667847 84.1382827759 34.8451309204 121.587265015
116.07888031 90.3336257935 36.5797233582 116.746131897
114.994812012 88.9370498657 34.8477935791 121.596572876
113.368980408 90.2343139648 34.6262130737 120.823387146
112.319801331 85.626083374 34.4316329956 120.144424438
116.242408752 80.0907363892 34.1315231323 119.097244263
117.958267212 70.0110015869 34.0096321106 118.671913147
118.209457397 62.5747680664 34.0769920349 118.906944275
117.264541626 57.9421615601 34.0395774841 118.776405334
116.982559204 54.5656738281 34.7241744995 121.165206909
112.41481781 62.2026786804 34.9971351624 122.117652893
107.836547852 59.507610321 35.2327957153 122.939956665
104.711280823 59.0553703308 35.1706008911 122.722938538
99.8515472412 58.2436637878 35.3209037781 123.247398376
93.5540924072 55.8752441406 35.7815856934 124.854896545
88.3680038452 62.4252204895 36.0273475647 125.712440491
84.680847168 61.4241256714 36.0814704895 125.901290894
77.8168945312 61.9913711548 36.7194290161 128.127349854
79.1504745483 61.9173774719 37.4575576782 130.702972412
76.0829238892 70.4317626953 37.1330833435 129.570770264
81.7084197998 68.1582489014 38.0650558472 129.65461731
84.2049942017 68.4719161987 38.1264839172 130.612228394
86.3603057861 64.5451889038 37.861328125 132.111862183
86.3603057861 64.5451889038 37.861328125 132.111862183
88.2379989624 65.165435791 37.7294197083 131.651580811
93.0393066406 60.8641471863 38.2421150208 133.440567017
92.3786773682 65.5383987427 38.0497665405 132.769393921
90.2314910889 70.2128448486 37.5209350586 130.924118042
93.9422531128 62.2205085754 38.306312561 133.664581299
95.5005340576 60.9558601379 37.8145866394 131.948776245
95.8979110718 60.8953437805 37.5891113281 131.162017822
96.2608795166 67.6651763916 37.9885787964 132.555908203
102.421813965 64.0210037231 37.7676773071 131.785110474
108.751724243 57.4407653809 38.1537017822 133.132080078
112.92326355 58.8633117676 38.3970603943 133.981262207
116.698219299 63.9932136536 38.3569831848 133.841400146
118.969070435 56.7047615051 38.5046768188 134.356765747
120.772338867 55.4480209351 38.3099822998 133.677398682
120.989501953 57.0526924133 37.9459152222 132.407028198
122.225868225 52.1071052551 37.9013748169 132.251617432
120.38117981 61.9463691711 37.548992157 131.022018433
122.376342773 59.7865104675 37.3094406128 130.186126709
120.642501831 54.7114372253 37.6635360718 131.421707153
113.951805115 76.8608474731 38.7631835938 130.708953857
115.449928284 60.4905776978 39.0671691895 136.319488525
113.240219116 61.6505966187 38.7598648071 135.247177124
111.737365723 64.6082305908 38.2722358704 133.545654297
110.158790588 61.2733268738 38.197013855 133.283172607
109.737121582 56.1694412231 38.3549499512 133.834259033
111.608718872 62.576210022 38.2783966064 133.567138672
117.487449646 65.2050094604 38.4812011719 134.274795532
121.096481323 64.1190719604 38.2540969849 133.48236084
124.529312134 71.338973999 38.5662765503 134.571670532
127.600463867 72.7668075562 38.3330154419 133.757736206
129.003463745 75.1817016602 38.4186668396 134.056610107
132.326751709 77.111831665 38.2527389526 133.477630615
135.579223633 77.8983154297 38.4103469849 134.027572632
138.396331787 76.8575897217 38.0248031616 132.682281494
139.602508545 81.1014785767 38.4966087341 134.328567505
138.827178955 79.6282806396 38.3211364746 133.716278076
140.314071655 82.1841430664 38.2094726562 133.326644897
142.412002563 83.4401550293 38.583530426 134.631866455
135.746994019 74.32472229 38.9393043518 135.873291016
136.803665161 70.9109191895 38.8642044067 135.611236572
136.940643311 71.861656189 38.9628334045 135.95539856
140.413955688 69.8523101807 38.5961608887 134.675933838
144.340423584 83.8483428955 38.8764152527 135.653839111
146.512786865 72.4164276123 39.5452308655 137.987579346
135.874969482 36.9221191406 39.940246582 139.365936279
145.560958862 58.7332649231 40.2856254578 140.571090698
149.084014893 72.1426696777 40.8774032593 142.636016846
150.923980713 72.8949813843 40.7755661011 142.280670166
148.022644043 71.0978240967 41.3121109009 144.152862549
148.047149658 77.2744979858 41.1402320862 143.553115845
144.914474487 71.8247680664 41.8623542786 146.072860718
134.076980591 63.8590927124 41.4194450378 144.527389526
137.503067017 66.2389373779 41.7985038757 145.850067139
134.079391479 67.5887832642 40.9106063843 142.751876831
133.218841553 67.2795639038 40.6923522949 141.990310669
136.888137817 68.0911712646 40.1691818237 140.164764404
139.708282471 71.779876709 39.8058624268 138.897003174
147.927001953 70.5481719971 39.3749542236 137.3934021
158.49822998 77.6716156006 40.1136054993 139.970809937
160.111450195 66.9765014648 40.4596214294 141.178192139
162.429168701 68.5814971924 41.1702346802 143.657775879
163.608917236 67.707862854 41.7251243591 141.622268677
164.581802368 73.4784088135 40.9819412231 143.000762939
166.909988403 72.5132904053 41.5250167847 137.158706665
163.568634033 66.5473556519 40.3921279907 140.942687988
159.145797729 70.3170623779 40.2899971008 137.391479492
156.902069092 71.5853424072 40.1397705078 140.062088013
156.870941162 69.6615142822 39.4610214233 137.69367981
151.731719971 74.7145614624 39.3795547485 132.936233521
145.564620972 72.6000061035 39.1774177551 136.704071045
135.258850098 68.0735321045 39.7320327759 138.639328003
112.069618225 63.8778686523 40.6520004272 135.057983398
111.409141541 76.6333465576 40.8967552185 129.41758728
111.820877075 74.5581359863 40.8163452148 132.879089355
105.533691406 79.7716903687 39.4203796387 137.551849365
102.90637207 77.8143920898 39.4464302063 138.944061279
101.865180969 77.4838562012 39.9772872925 139.49508667
102.843261719 69.1226425171 39.9415092468 139.370254517
106.165306091 75.1600112915 40.1283760071 140.02230835
106.493247986 76.1907806396 39.7107086182 138.564910889
111.629440308 79.8530044556 39.5679092407 138.066619873
114.87147522 65.9670791626 39.9385299683 139.359832764
119.878494263 69.5175247192 39.9377326965 139.357055664
123.175559998 64.4832611084 40.0417747498 139.720092773
127.845108032 59.375629425 40.0430107117 139.724411011
130.610626221 59.3235473633 39.9678649902 139.462203979
133.616592407 56.3319396973 39.5366401672 137.957504272
138.626068115 53.4537582397 39.8427963257 139.025787354
144.53604126 46.8513374329 40.0348205566 139.69581604
146.114349365 45.9560432434 40.6216278076 141.743408203
147.42855835 49.4413528442 41.1639709473 143.63583374
148.482498169 43.2791748047 41.6561393738 145.35319519
148.773483276 46.6213150024 42.0012626648 146.5574646
147.067306519 49.9086418152 42.3655357361 147.828567505
147.090530396 52.3967514038 42.3961791992 147.93548584
143.309356689 60.5070495605 42.1370849609 147.031417847
141.136154175 56.0740242004 41.8792953491 146.131896973
138.925918579 65.5096817017 41.2878112793 144.068023682
134.138336182 74.2475204468 41.2179985046 143.824432373
132.468414307 69.9565048218 40.3943824768 140.950531006
125.192359924 89.8777084351 40.6891784668 141.979171753
125.067810059 89.2296524048 40.622844696 141.747711182
125.282859802 75.1153411865 40.9091873169 142.746856689
124.652427673 79.6932373047 41.1428909302 143.562332153
129.072113037 67.2509918213 41.7692832947 145.748046875
129.262329102 63.2573432922 41.5420303345 144.955062866
130.02204895 67.5597076416 41.2793464661 144.038467407
126.732398987 68.3670501709 40.9434318542 142.866363525
132.185394287 74.7764587402 41.1512031555 143.59135437
135.078659058 76.6380233765 40.7216720581 142.092559814
136.237823486 83.2853851318 40.7994918823 142.364105225
139.434890747 81.2986602783 40.843334198 142.517074585
142.059860229 74.639289856 40.861869812 142.581741333
142.939483643 74.4354400635 41.3588066101 144.315719604
142.797576904 66.6066665649 41.0009117126 143.066894531
140.568817139 58.6573410034 40.533531189 141.436019897
137.940322876 65.9191741943 40.1485214233 140.092590332
136.929290771 68.5335845947 40.4465293884 141.132446289
133.373947144 68.0952758789 40.8191604614 142.432693481
130.014068604 69.617980957 41.0869903564 143.367263794
125.857826233 69.5820770264 40.9137229919 142.762664795
125.933692932 78.7665252686 41.2717514038 144.011962891
128.532501221 85.5992050171 41.3950271606 144.442108154
130.203659058 71.4659881592 41.2865791321 144.063690186
131.658447266 84.1389465332 41.0312271118 143.172668457
134.044342041 82.8634414673 40.7689704895 142.257553101
139.394119263 85.3059844971 40.9920959473 143.036117554
140.517242432 89.6449890137 40.7785568237 142.290985107
139.127929688 88.0709686279 41.0869941711 143.367233276
140.670013428 88.7716751099 40.9782943726 142.987945557
139.330230713 88.3948440552 39.9606742859 139.437103271
135.244918823 86.0384063721 40.4589004517 141.175582886
132.413665771 87.2750549316 40.9137268066 142.762634277
127.218482971 87.0743255615 40.6508789062 141.845474243
122.307754517 78.1056060791 40.149597168 140.096328735
122.081253052 76.7150039673 39.8312492371 138.985488892
117.937355042 59.7057380676 39.7191848755 138.594451904
113.651893616 57.2299728394 40.1974563599 140.263305664
109.644226074 51.044506073 40.3822555542 140.90814209
106.770042419 46.5394859314 40.5155448914 141.37322998
106.031936646 50.1507072449 40.1670684814 140.15725708
103.041000366 45.8612594604 40.1523017883 140.105728149
102.995262146 59.0111503601 39.6394996643 138.316360474
100.901977539 46.1661224365 39.3499832153 137.306121826
102.017959595 45.8723945618 39.4955863953 136.725921631
100.600593567 48.5835723877 38.8604774475 135.598068237
101.151405334 50.1084022522 38.7498016357 135.211883545
99.7158966064 52.1038703918 38.8943061829 135.716110229
98.0321807861 46.827507019 38.5718955994 134.591094971
95.1081619263 51.7963638306 38.6382675171 134.822677612
95.4003448486 49.9725265503 38.7767410278 135.305862427
93.711227417 51.1562805176 38.6718025208 134.939682007
94.5827407837 55.951965332 38.1238517761 133.027679443
96.9689712524 56.6320571899 37.7782211304 131.821685791
99.0112304688 57.9420471191 37.5996055603 131.198455811
102.120506287 57.107635498 38.3031196594 132.640777588
105.569946289 63.3630752563 38.7084465027 135.067611694
107.772987366 60.740978241 38.4190864563 134.057937622
114.77696228 59.383934021 37.1875991821 129.760848999
115.752761841 68.2138824463 37.8256187439 131.987121582
119.201072693 65.8971557617 37.6483650208 131.368621826
121.652175903 61.4958724976 37.8769760132 132.166351318
124.34828186 67.3946914673 37.1254806519 129.544113159
125.294799805 63.3742599487 37.7791748047 131.825088501
128.427719116 68.132522583 37.7947616577 131.879486084
130.989959717 68.4531478882 38.0129089355 132.640686035
132.576400757 63.7483901978 37.6770324707 131.468704224
133.150192261 65.1754150391 36.9815063477 129.041778564
134.731735229 70.8405990601 36.5154647827 127.415588379
137.154785156 66.5676498413 36.5235404968 127.443771362
138.330978394 68.5918121338 36.8976821899 128.749298096
139.885742188 67.8218231201 36.664604187 127.936012268
147.866912842 89.2997665405 36.3230476379 130.447555542
145.166381836 88.5176849365 36.777015686 128.328277588
144.725021362 86.2058105469 36.5365905762 129.140594482
137.328521729 84.6945800781 37.0431900024 130.896148682
135.830886841 93.0193023682 35.812374115 131.448699951
133.583984375 96.7860565186 35.6997680664 131.973846436
128.237792969 100.061355591 37.4592704773 131.040924072
123.285621643 100.5728302 37.8487854004 132.068054199
121.866134644 100.62550354 37.5498466492 131.02494812
120.742233276 106.666786194 37.3477096558 130.319625854
120.970436096 109.551132202 37.5601272583 131.060836792
121.91318512 103.072799683 37.4987068176 130.846511841
123.516624451 105.45173645 36.8221054077 128.485595703
124.430076599 107.823280334 36.5709533691 127.609230042
127.385231018 104.905776978 36.2722625732 126.566993713
133.740753174 111.678001404 37.4100990295 121.113708496
137.315948486 109.605186462 36.8671340942 119.386764526
144.625152588 112.584030151 36.0810928345 117.675521851
143.399703979 110.598312378 34.5385665894 120.51751709
148.27142334 110.951461792 36.1486129761 118.314308167
155.086471558 104.610061646 36.5700683594 123.963645935
162.256515503 99.1615142822 37.1958236694 124.028244019
168.495040894 104.066200256 36.7270050049 126.035644531
171.451278687 97.5756988525 36.2128105164 125.014122009
175.42855835 103.853683472 36.0587272644 120.831298828
179.607849121 104.282737732 34.3302536011 119.487182617
181.916992188 98.8397827148 35.2411117554 122.968948364
191.595367432 82.1826248169 35.681552887 124.505813599
195.079986572 85.8479232788 35.1862220764 122.777420044
197.408233643 85.7405853271 35.502658844 123.881568909
196.66078186 86.5018692017 35.5805549622 124.153381348
197.611419678 88.3319168091 34.5875282288 120.688339233
200.185806274 89.2091827393 34.4434127808 120.185447693
201.214157104 95.0461044312 34.6683349609 120.970275879
205.214553833 101.726615906 34.7235412598 121.162902832
213.150436401 114.790367126 35.3960189819 117.986404419
214.877075195 108.965438843 35.0733146667 122.383377075
217.005340576 103.926963806 34.5093345642 120.41545105
218.993041992 107.936607361 34.589466095 120.695053101
215.909500122 100.933097839 34.2932052612 119.661300659
218.371063232 100.59715271 34.2572021484 119.535667419
216.9168396 98.6500091553 34.4062690735 120.055809021
216.790039062 96.7858734131 34.4415054321 120.178756714
209.510955811 79.439666748 35.4454154968 116.555397034
209.480880737 71.2744903564 35.6071586609 121.251052856
201.458816528 62.5173149109 34.8341140747 121.548706055
199.014083862 61.1387863159 35.1300010681 122.581161499
200.582244873 59.3077583313 35.3501052856 123.349182129
197.241470337 52.3334159851 35.5111045837 123.910972595
194.969741821 39.540271759 35.9416427612 125.413269043
195.323654175 34.7076950073 35.6281776428 124.319473267
196.021713257 39.1294441223 35.2434692383 122.977088928
198.136581421 52.0212211609 35.463722229 123.745643616
198.674804688 50.8454360962 36.4561271667 127.208496094
193.359207153 34.5396156311 36.1095962524 125.999313354
189.262145996 42.0838737488 35.717338562 124.630577087
192.736038208 63.5727233887 35.8143234253 124.968978882
188.759277344 65.1170120239 36.1710891724 126.213867188
187.363861084 68.7910308838 36.0248603821 125.703613281
185.892944336 79.5651855469 37.4531669617 115.527244568
175.167877197 67.6940383911 36.2001647949 126.315284729
176.895355225 85.7029800415 36.7027511597 128.069000244
