138.0 57.0 39.0 137.0
139.03817749 58.9488601685 38.4251060486 135.356536865
138.002716064 58.9795722961 38.3346672058 137.399475098
138.181365967 57.0918960571 38.3113174438 136.104827881
137.855026245 63.2992362976 38.7536392212 132.845397949
137.841186523 60.7926330566 38.2498016357 133.388031006
139.404876709 60.4055557251 38.3331947327 131.792068481
137.712158203 61.6187744141 38.485370636 126.891075134
138.599319458 68.8713607788 38.5711135864 127.735290527
138.508071899 69.6869354248 38.7839202881 129.446731567
138.342605591 80.0748062134 39.9827384949 122.901504517
138.177093506 77.3205947876 41.0219993591 125.65486908
137.844314575 84.8667755127 40.90467453 122.082717896
138.294082642 87.9636383057 40.5596389771 121.642921448
138.720870972 89.6660919189 41.4179458618 120.775436401
139.205474854 92.1385726929 40.4532165527 122.736709595
140.133590698 95.7541732788 40.9351119995 117.953231812
140.483978271 96.911239624 41.2667121887 118.330795288
141.639434814 96.2086639404 40.7292671204 120.406433105
142.412948608 96.5065612793 42.0443992615 118.265525818
143.041107178 98.9284896851 41.1672554016 119.155715942
143.933685303 88.325378418 38.7546272278 129.436172485
144.18838501 90.9083633423 39.9995079041 129.161102295
141.55581665 100.031112671 44.1062011719 118.85798645
143.761062622 96.1555480957 43.2327194214 123.650024414
145.235641479 87.9036636353 43.1572494507 130.358779907
145.66468811 91.2396621704 42.2121810913 135.774307251
145.67868042 94.3304214478 42.8927688599 128.745056152
147.541046143 86.3879241943 43.1691207886 129.215240479
151.835479736 77.8359603882 41.7559623718 136.230880737
149.345779419 87.4321746826 44.4937477112 125.421463013
150.820068359 84.1199111938 44.1188011169 127.276184082
151.593521118 80.008895874 45.1921806335 130.648498535
150.039093018 81.9675674438 45.2349472046 127.051963806
151.783737183 80.6677017212 44.7275848389 124.808204651
152.196929932 80.4667282104 44.6874771118 125.001220703
154.124908447 79.5772323608 44.7233352661 124.457252502
154.705123901 77.8597640991 43.9850463867 123.004943848
154.894317627 79.9825363159 44.0275764465 119.617164612
157.477996826 74.3434677124 42.9283256531 121.105323792
157.545822144 74.7633285522 42.2226295471 119.315040588
158.262985229 74.0597915649 42.4423217773 118.046890259
157.038375854 76.1703872681 42.7005462646 118.43208313
155.996002197 76.4277572632 41.8263587952 114.948654175
154.955856323 67.973815918 43.0840950012 118.621582031
153.982025146 68.5573120117 40.4917449951 120.31187439
149.736526489 68.180480957 41.7279663086 122.415000916
152.198318481 65.6834945679 40.3364143372 119.506065369
150.854156494 67.8107681274 39.6576423645 119.654663086
145.74861145 72.279800415 40.7591590881 122.566627502
143.140945435 74.3828048706 39.8505096436 122.010437012
138.953292847 70.7434234619 40.1268539429 121.801559448
134.320846558 76.3783721924 40.7322235107 121.379371643
134.600799561 74.9975814819 40.7781715393 122.335670471
129.928009033 78.9793243408 42.0989952087 124.828735352
127.437232971 72.552734375 42.9767608643 127.235122681
123.404579163 73.6384658813 43.4644241333 127.955078125
119.625038147 70.2851104736 44.7876586914 130.078567505
116.154518127 68.9832000732 45.2539291382 130.704681396
116.97518158 65.0833892822 43.8792686462 136.379974365
114.49369812 59.8941726685 44.2970314026 136.07951355
112.644424438 62.7951431274 45.0656547546 136.08140564
115.168212891 67.6367111206 42.1848716736 133.952651978
115.388015747 74.2171783447 40.7601737976 122.659622192
115.577842712 80.203918457 41.4247512817 121.887039185
116.649398804 79.8465576172 40.2022972107 119.934791565
112.873733521 81.1236953735 42.9115066528 119.920654297
115.84072113 88.5821990967 43.6047859192 118.752052307
117.578445435 93.3334884644 42.5453605652 121.197120667
120.818893433 99.0574951172 41.8109741211 119.223129272
127.451881409 102.125473022 41.2696685791 119.264183044
126.684547424 99.1341018677 40.9410247803 118.625427246
129.982269287 97.8068847656 42.5325508118 119.829368591
135.049560547 98.3074188232 42.1964416504 116.719909668
135.102325439 88.4634094238 43.6460266113 116.44694519
132.786224365 78.9056167603 40.2904281616 128.116241455
134.399459839 73.7299728394 39.3812179565 133.497894287
134.26184082 74.6019973755 40.9486427307 135.128250122
136.673675537 71.1302108765 41.3222808838 135.529220581
137.151489258 69.9855041504 38.5402526855 130.811538696
136.138061523 69.3278427124 41.1856117249 130.603134155
133.464797974 65.8619766235 40.423992157 134.515594482
133.164093018 66.2407989502 38.86353302 127.305587769
131.730834961 62.5421028137 38.5346984863 124.613548279
131.253936768 68.4145812988 40.611289978 122.446754456
129.137130737 67.3240585327 40.4232673645 117.3254776
125.845542908 68.7146377563 41.28490448 113.436668396
121.982910156 68.0011520386 43.2374801636 112.546669006
119.531021118 69.7617263794 42.9054031372 112.179244995
114.153892517 70.1747283936 44.4990005493 117.184959412
114.245178223 71.6868591309 43.8970069885 115.965194702
110.157211304 69.5757598877 44.9701004028 123.568344116
108.282150269 69.4962921143 44.2439537048 126.966453552
103.657058716 66.4663696289 44.2858085632 128.7603302
100.082809448 63.6936225891 43.1090621948 132.743972778
98.188369751 66.4912185669 44.0759162903 128.421142578
98.1927032471 63.7586288452 43.3881111145 131.669509888
95.1340484619 55.7327384949 40.9668273926 137.048583984
93.6498413086 60.854309082 42.1425361633 131.413970947
91.506187439 59.2337875366 40.5601425171 132.566604614
90.0858917236 62.9580612183 41.8359832764 126.025352478
88.7110824585 63.0586738586 43.0797729492 123.529373169
87.9149398804 63.9954452515 43.300693512 122.275047302
86.5758895874 64.7380905151 41.9247322083 119.190208435
84.1292877197 60.9892044067 43.0224876404 122.49684906
84.4046478271 50.0900802612 41.4023704529 124.872055054
86.0022659302 51.9622688293 40.6607780457 125.898986816
89.0560760498 47.4166412354 40.568157196 128.023834229
87.4966430664 46.6761054993 41.0412521362 129.0
89.1153488159 44.4578933716 40.7133102417 129.155578613
89.215965271 45.0241699219 40.4448318481 128.565429688
92.9688568115 50.7000732422 39.4847717285 124.513076782
95.3358764648 55.3009643555 41.0865974426 121.029701233
97.7324142456 54.6198348999 42.6770133972 124.964866638
97.431678772 55.2536621094 43.705406189 125.407470703
101.532234192 59.9395065308 43.708480835 124.616592407
108.182754517 58.1741218567 42.8952484131 123.773094177
113.28074646 58.3998718262 41.184928894 122.434158325
116.762451172 58.0494689941 39.8337478638 126.265884399
119.436157227 56.4394721985 39.8177757263 129.24647522
119.98184967 55.9132003784 39.5596961975 129.279342651
123.755149841 53.9971542358 39.4218635559 131.109893799
127.437217712 54.9499206543 37.6549911499 129.696273804
129.077972412 54.2040290833 36.4835586548 129.392944336
130.616714478 58.7929000854 36.8277244568 123.942672729
131.17086792 57.2318305969 37.3604660034 123.971694946
132.647766113 55.8814468384 36.4416809082 123.341674805
132.70489502 59.2872428894 36.8658752441 120.048728943
132.285705566 54.8492736816 37.1527633667 123.127296448
132.763748169 54.9140129089 36.538936615 123.303039551
133.608963013 55.9106063843 35.9304428101 119.344909668
133.238861084 52.6703262329 36.6176681519 122.85546875
133.090606689 50.594581604 36.6031074524 123.833251953
132.911880493 50.2560005188 37.2603492737 122.755935669
133.658233643 51.1510238647 37.3424758911 126.13999939
133.632797241 49.2861289978 37.0477600098 129.336227417
133.873428345 48.2126617432 38.4210739136 130.659896851
132.845550537 47.5194969177 40.5234527588 131.880325317
134.156860352 48.4521598816 39.8654556274 126.893173218
135.039474487 51.6689453125 38.930229187 127.626319885
138.351730347 51.8938789368 37.1868057251 130.543670654
140.049087524 49.545463562 37.8295707703 131.846466064
141.375900269 50.263671875 37.7888565063 134.071014404
143.163574219 51.40883255 37.9012870789 129.26411438
143.381973267 55.4625778198 39.4117927551 127.404983521
143.523117065 54.6634101868 38.2186584473 124.306236267
144.92980957 54.7953872681 38.1360702515 122.367355347
147.215805054 55.770275116 37.4984703064 122.639381409
149.890991211 55.1520004272 35.9404449463 123.573257446
151.999557495 59.8200187683 35.4468650818 119.23046875
151.333343506 57.841381073 36.4447555542 121.191894531
155.246810913 62.0936813354 36.751247406 117.519386292
156.164001465 62.3333854675 36.8256034851 119.08744812
157.292434692 62.9000473022 37.535697937 118.06111908
159.71321106 63.937084198 38.045211792 117.987289429
160.65447998 61.6794242859 37.7242965698 120.68019104
162.264038086 65.2049407959 36.592918396 120.275863647
161.483657837 58.6686019897 38.2277107239 122.540237427
162.449508667 62.1870346069 38.8080329895 122.749694824
162.692016602 64.6416473389 39.9418640137 120.798706055
