213.0 121.0 21.0 95.0
212.159057617 120.0989151 21.5548744202 90.9966583252
212.905151367 117.73210144 21.4548244476 92.5950622559
210.3959198 116.403060913 21.3609886169 89.6928253174
209.500686646 117.954528809 21.9130802155 86.4011459351
207.647140503 120.359695435 22.5040378571 80.0062713623
207.297821045 116.122879028 21.8814048767 84.0522918701
207.888961792 112.081893921 21.7308769226 87.0688323975
208.634033203 113.458297729 20.8184165955 87.5232162476
210.570648193 105.920555115 20.6998405457 93.6421203613
213.655075073 109.740318298 19.9496192932 85.8066253662
216.972503662 111.080200195 19.8857650757 90.8821029663
219.166915894 108.993247986 20.9611434937 92.6517333984
220.632980347 106.284385681 20.7564468384 93.89818573
219.277633667 105.997360229 20.3942012787 92.2594604492
218.253860474 105.369827271 20.4061889648 92.3136901855
216.743606567 110.459945679 22.5332145691 84.9653396606
215.949905396 109.536170959 21.9502220154 85.6881866455
215.098388672 105.598731995 21.4854202271 88.7026062012
214.60824585 109.053024292 20.9383716583 85.4931716919
214.766479492 104.455688477 20.5508575439 88.4987030029
216.928909302 106.423782349 19.836353302 83.3595809937
217.304153442 104.83984375 20.1710472107 83.6559906006
217.580200195 97.2781219482 19.6447944641 88.8692855835
218.738647461 99.5700531006 20.0504627228 88.3603363037
219.818359375 106.594726562 20.3285903931 85.1394805908
220.102859497 105.06867981 20.7564945221 84.436126709
219.104949951 106.139221191 21.3799343109 79.6047592163
218.90083313 105.710105896 21.3703784943 78.7667388916
219.422576904 102.233551025 21.1971797943 83.5667266846
218.979705811 103.086204529 20.3779830933 82.3262329102
220.63822937 86.3556060791 20.4226074219 92.3879241943
223.40524292 94.7216720581 19.9666347504 86.8668670654
224.183319092 97.7153701782 20.0602054596 87.5429763794
225.856613159 96.7513427734 20.3203086853 88.3800735474
223.967651367 92.89894104 20.3328895569 91.9820632935
224.054290771 96.4957885742 21.4365062714 88.4570465088
225.470550537 98.0348892212 20.8794727325 87.9077606201
223.541824341 98.603843689 21.8479099274 84.4643096924
224.614303589 96.0691604614 21.274805069 85.93359375
224.384811401 100.654502869 21.7535133362 79.6480026245
223.533843994 99.7791748047 21.243434906 87.8031005859
224.663116455 103.810890198 20.7626285553 85.9845504761
224.087646484 106.127243042 21.086730957 87.2813796997
226.197845459 108.924331665 20.3007049561 86.2953338623
224.482833862 107.705734253 20.7207069397 91.2277526855
223.605636597 110.751296997 20.8759269714 89.8380661011
224.362762451 114.11869812 20.6809024811 84.8948059082
224.872467041 115.546615601 20.6738395691 82.3605804443
223.094451904 114.768699646 20.5979576111 81.5126953125
218.612213135 115.612266541 20.8665466309 78.6231079102
214.115386963 113.901046753 21.6442451477 79.2476654053
209.348602295 113.563064575 22.1601963043 79.6792526245
204.999755859 102.334236145 20.1641349792 91.2186737061
201.370559692 96.3451690674 20.4216308594 92.3835449219
201.519790649 103.134475708 19.7286376953 84.4121780396
200.245056152 102.998252869 20.077709198 84.5300064087
198.197601318 100.920700073 21.0786361694 92.5756378174
198.691207886 98.3674621582 20.7777118683 93.994392395
200.633636475 101.59059906 20.8120765686 94.149848938
201.6900177 101.279129028 20.7459506989 93.850692749
203.675460815 100.928207397 20.8540897369 94.3398895264
204.684234619 102.117271423 20.9280872345 94.6746368408
205.679656982 103.782424927 21.0800819397 95.3622283936
205.867630005 105.520202637 21.2528743744 90.7598266602
204.056365967 104.140686035 21.2923412323 91.6326751709
200.884567261 105.533630371 20.9451007843 94.7516021729
203.647918701 105.681152344 21.3051643372 93.5285415649
206.676239014 104.804397583 21.0143852234 95.065032959
210.904144287 103.249130249 21.2528572083 96.1438217163
217.891235352 100.014122009 20.9823608398 94.9201431274
223.746459961 92.9039764404 20.7541313171 93.8876800537
225.000457764 99.0269393921 21.7449455261 84.471572876
225.866333008 98.9434814453 21.5004291534 83.6739654541
221.732025146 97.6409912109 22.1850414276 83.7358932495
217.317779541 93.1774368286 20.7199134827 89.6072845459
210.436767578 92.0770797729 20.6432151794 93.385925293
207.27243042 89.4254989624 20.8049888611 94.1177597046
201.754776001 94.2294769287 21.0317821503 88.8645248413
197.956588745 97.0451202393 21.1378631592 86.6379013062
197.528991699 87.9022674561 21.8767127991 91.3707351685
198.520263672 76.2361984253 21.0222110748 95.1004486084
202.045776367 71.0064468384 21.0198230743 95.0896453857
205.16708374 67.3039016724 20.7352142334 93.8021392822
206.244995117 66.2540130615 20.9498558044 94.7731399536
207.600494385 65.7182769775 20.8416347504 94.2835769653
206.863250732 61.827747345 20.7354927063 93.8034210205
207.454498291 64.067565918 20.9118404388 94.6011810303
207.840301514 67.2943115234 20.9686527252 94.8581848145
207.514450073 71.443649292 20.8390045166 94.2716827393
206.766479492 75.1738052368 21.0490074158 95.1772994995
206.65927124 83.2238616943 21.2241859436 96.4289550781
205.68888855 86.2267456055 21.5445899963 97.4636230469
206.191574097 84.7808380127 21.6746616364 98.0520401001
204.256057739 94.4261550903 21.8404178619 98.8018951416
208.200195312 97.6271514893 22.0164489746 99.5982208252
210.663040161 102.544555664 21.5115776062 95.8756637573
210.263916016 108.015258789 21.468536377 93.6525802612
209.758346558 113.519065857 21.1771659851 92.3957901001
208.058227539 116.232055664 21.9844245911 93.6926345825
206.55581665 120.866760254 22.0760250092 94.0348968506
205.648101807 117.963729858 21.4085712433 96.8482971191
206.605804443 120.196754456 21.0530643463 95.2400512695
207.749176025 119.047386169 21.1092414856 95.4941864014
206.565704346 121.077659607 21.1159629822 95.5245895386
207.326980591 122.847122192 21.003944397 95.0178375244
205.292327881 121.040260315 21.0729866028 95.3301773071
204.88671875 120.575576782 21.4605884552 97.0836029053
206.837402344 116.39881897 21.4823799133 97.1821746826
207.777923584 116.800071716 21.2767829895 96.2520904541
207.637359619 112.674781799 21.1693706512 95.7661895752
208.087936401 109.256080627 21.1804485321 95.8162994385
208.284576416 110.959739685 22.1615524292 91.8064422607
205.793548584 112.977455139 23.0066070557 89.3721542358
206.241119385 112.703269958 22.6434268951 88.4608078003
207.242675781 110.58807373 22.0934047699 88.0251464844
209.586135864 106.902793884 21.2741909027 92.3159332275
210.112945557 106.80909729 21.092502594 87.5021133423
211.782302856 103.267776489 20.2477684021 91.5970306396
212.957565308 108.094871521 19.8800354004 89.9334793091
213.812896729 106.00189209 19.8343524933 89.72681427
213.627685547 108.682006836 20.2378807068 88.6770782471
213.335037231 111.188720703 19.8167266846 89.6470794678
214.243621826 110.785194397 19.745300293 89.3239593506
215.713302612 112.370773315 19.7310466766 86.4459228516
218.84928894 110.632949829 19.4803638458 88.1254425049
218.734741211 111.003005981 19.2036933899 86.873840332
221.266555786 112.681869507 18.9810600281 85.86668396
221.891159058 115.621871948 19.6190299988 82.9654998779
222.596160889 114.731628418 19.1760921478 83.3719100952
224.559173584 115.417175293 19.1353740692 86.5647583008
227.737869263 115.71887207 19.0010814667 85.9572525024
228.886688232 117.104393005 18.9897613525 85.9060287476
228.691970825 118.014442444 19.3025856018 87.321182251
229.506103516 118.940040588 18.8201560974 85.1387634277
231.074996948 117.554176331 19.1497879028 86.6299591064
230.634597778 119.435142517 18.8105659485 85.0953826904
232.050216675 120.255737305 18.8652381897 85.3426971436
234.969360352 118.75717926 18.8412418365 85.2341461182
233.94241333 125.29737854 20.4907093048 76.6985168457
234.034133911 123.667762756 20.7025241852 77.3000640869
235.400390625 120.312072754 20.02917099 81.2144317627
234.030029297 123.315856934 19.7577228546 78.3913955688
234.112579346 122.165756226 19.6011867523 78.3438873291
236.367797852 115.241195679 19.464553833 83.3717269897
238.636566162 112.212295532 19.0985603333 86.3981781006
238.007003784 112.957229614 19.8309345245 89.7112884521
236.628463745 109.863487244 20.0088157654 90.5159912109
235.980636597 108.309608459 19.9728660583 90.3533706665
234.513549805 109.286155701 20.1131458282 90.9879608154
235.177734375 106.878158569 20.3294487 91.9664764404
233.877609253 104.432662964 20.4777946472 91.2631225586
234.143554688 104.041908264 20.5821361542 91.3386459351
235.77243042 104.883071899 20.8881473541 90.8650665283
235.503372192 103.321884155 20.9998035431 92.3294296265
236.130493164 99.8350601196 20.7476100922 93.8581848145
234.762664795 99.7917938232 21.4581413269 92.7407989502
235.158370972 98.794090271 21.0533390045 95.2412338257
235.387496948 98.1125030518 21.144826889 95.6551132202
234.534576416 101.705734253 22.7495956421 91.7776031494
235.808197021 100.246948242 22.609128952 92.8841934204
237.292999268 102.380874634 22.3638458252 91.9364471436
237.575927734 100.761863708 21.9870758057 93.9017562866
238.763626099 105.074363708 21.0578517914 86.530960083
238.182296753 102.103408813 21.9958305359 90.4062042236
237.532836914 101.507980347 22.5602798462 93.0430603027
237.767211914 102.691238403 22.2009105682 89.2037811279
240.115081787 101.780921936 21.7671699524 85.5187835693
239.153961182 106.37286377 21.7974796295 81.5772476196
238.007858276 106.965530396 21.4206676483 79.6977539062
236.253005981 105.203659058 21.488325119 82.7891921997
232.954193115 105.955856323 21.8000907898 82.6090316772
230.030075073 105.051368713 22.3531494141 86.5460968018
229.598724365 96.5616226196 21.9099597931 95.1848602295
228.608566284 98.2323379517 21.5819129944 92.0089187622
227.203125 102.041442871 21.8675785065 92.5157928467
225.016433716 102.308280945 22.7455863953 92.6611175537
223.85925293 99.4990005493 22.4965248108 94.3252258301
221.228469849 101.69405365 24.0173072815 90.2151565552
220.169281006 100.842697144 23.4958152771 89.3784332275
219.858566284 100.487838745 24.5561828613 89.437789917
219.338867188 101.030578613 24.664056778 89.3633041382
218.313766479 100.639183044 23.5912876129 89.310585022
217.140182495 101.415802002 24.0976982117 90.0035552979
216.353637695 98.999458313 23.7311649323 93.5330429077
217.628570557 98.9509658813 23.0246944427 92.5753326416
219.001663208 97.4793548584 22.0158748627 93.2791290283
218.394073486 97.1111297607 22.0427799225 94.0272140503
218.597946167 92.3911819458 22.4530601501 98.7548675537
217.404373169 95.1474456787 22.8653411865 98.032043457
216.641387939 98.9611434937 23.2839546204 95.32472229
218.554107666 100.052505493 22.8908882141 97.1147842407
219.085083008 97.1212692261 22.6420783997 96.9015808105
218.525802612 105.440139771 22.8972606659 93.7245635986
218.427734375 104.381729126 23.4417457581 93.6666870117
215.702423096 106.066062927 23.0961170197 91.3192520142
215.698516846 101.767745972 23.9567775726 96.242477417
216.201004028 101.801620483 22.990190506 93.2509307861
216.871063232 100.555038452 22.1112957001 93.7503509521
217.354370117 102.726661682 21.8924674988 91.1397857666
217.514678955 103.688171387 23.8742485046 89.7798233032
216.080368042 104.488388062 24.9032859802 89.2168121338
214.785400391 107.022621155 24.2872047424 86.3310699463
213.962371826 105.698951721 23.65574646 91.2445144653
211.837936401 105.328903198 23.8142662048 92.3308258057
211.945068359 105.150733948 23.8447380066 93.3546905518
208.813400269 106.359313965 23.7651805878 89.7888717651
208.91027832 106.318603516 24.0266304016 86.7516021729
209.506225586 105.118850708 22.987739563 88.4069900513
207.720657349 105.776733398 23.3794498444 87.1979522705
208.318527222 107.88092041 22.7814941406 86.0930328369
207.908111572 109.970375061 24.3962440491 88.6884536743
208.755126953 106.282081604 22.803571701 98.282951355
208.759033203 116.215370178 23.4412784576 91.2595062256
209.5078125 119.08644104 23.0976810455 90.1173171997
209.897125244 118.673606873 22.5210914612 96.6157989502
210.16519165 126.715942383 22.175945282 94.9467163086
208.207687378 129.957794189 23.6687412262 90.9923629761
208.394332886 130.925445557 23.0636501312 90.749961853
208.250854492 131.656951904 23.2639808655 90.2096557617
208.842208862 131.874923706 22.9794578552 89.778793335
208.420898438 133.088989258 23.7852096558 88.7044448853
208.31388855 134.365158081 23.7573432922 87.8706817627
208.407272339 133.087188721 24.4042491913 89.9877929688
208.468948364 133.691970825 24.2138347626 89.8777923584
207.39440918 134.064407349 24.1014518738 88.1342391968
208.199584961 134.125610352 23.5213470459 87.3693389893
209.40625 135.231781006 23.5128364563 85.4156417847
208.275878906 135.399551392 23.7851448059 85.5350341797
206.796585083 137.107955933 22.6662330627 83.2073669434
208.815383911 131.771072388 21.664264679 88.2283630371
205.959915161 134.233734131 22.0437507629 85.777671814
204.574859619 132.882736206 22.2544364929 87.6818389893
202.231201172 133.276016235 22.1478157043 86.7419509888
201.664672852 131.60899353 22.2950782776 89.1507110596
200.148101807 132.878890991 21.5856266022 87.5215606689
198.817581177 132.430297852 21.717540741 88.9823760986
196.474685669 132.177825928 21.6438827515 87.0448455811
194.843887329 135.326095581 21.5997047424 87.2215957642
193.111587524 136.911880493 21.8638134003 84.7058563232
193.133529663 137.540603638 20.9699840546 83.6425476074
196.17755127 126.345985413 21.0644207001 92.4696044922
196.318710327 133.866210938 21.1397285461 85.7666168213
197.847076416 134.04460144 21.2425880432 85.041885376
199.132278442 135.055435181 20.8552532196 85.7471923828
202.401641846 135.769226074 22.0917873383 85.1618423462
205.012939453 134.626754761 21.9100875854 84.905380249
209.009887695 130.715362549 22.3351535797 88.9008560181
210.629150391 132.023193359 23.4096546173 87.6301116943
212.577926636 134.175994873 23.3796787262 84.7459106445
213.950531006 132.069671631 23.0311222076 84.3411560059
213.412078857 133.303131104 23.3215751648 82.8500289917
214.803588867 133.04524231 23.1225910187 81.7268295288
214.642333984 129.92477417 20.8728713989 83.3235473633
215.153030396 127.738563538 21.3225822449 86.1144866943
215.536651611 125.273849487 21.1310329437 86.4949798584
215.034179688 123.080688477 21.6451053619 86.3044891357
215.165740967 121.313339233 21.4576950073 84.5331497192
215.652145386 121.225891113 21.3571624756 81.1469573975
216.912261963 117.842773438 21.8558158875 85.9186401367
215.984008789 119.07824707 22.6601085663 84.6423721313
215.174118042 119.859703064 21.7653617859 85.6349334717
213.798995972 120.546363831 21.8801002502 86.1598968506
213.865814209 119.520828247 21.9621372223 85.2970809937
210.127243042 118.834495544 21.1771030426 84.0788955688
209.304931641 118.506484985 22.1319541931 85.3159484863
207.587600708 120.627342224 21.8869132996 85.57862854
208.475906372 122.966651917 20.6695804596 84.2217254639
208.337600708 123.534118652 20.4805183411 82.4029541016
208.483856201 115.788108826 21.4042205811 89.405090332
207.043167114 118.492530823 21.4388923645 86.4850082397
206.243652344 117.878341675 22.3103370667 87.1499481201
205.143432617 119.698509216 21.0139579773 84.256690979
203.760055542 122.495605469 22.2435207367 81.8221054077
202.897598267 124.534324646 21.9620552063 80.9765701294
200.239013672 123.398902893 21.0705566406 80.2772979736
197.47744751 124.428367615 20.7208271027 79.8128814697
194.474716187 122.631027222 21.6356925964 80.7764892578
193.045562744 120.706336975 22.18034935 83.0663604736
190.981536865 119.15537262 21.4024448395 83.0360870361
189.324951172 119.287246704 21.1877498627 83.6567611694
189.370681763 116.940811157 20.7170829773 87.4782943726
188.792327881 115.127296448 21.0719680786 87.8623504639
185.268981934 112.385665894 22.3034934998 88.6580047607
185.58770752 111.050071716 20.7567825317 87.5557785034
182.786056519 109.930236816 23.0709724426 87.1030807495
181.452011108 108.817993164 21.8112678528 86.8500213623
180.051727295 106.186172485 21.7750854492 86.0552368164
178.058563232 106.023475647 22.3666133881 82.0829849243
174.398529053 107.484741211 21.6554145813 79.2260284424
171.433364868 105.025634766 22.6283435822 79.9852294922
172.896560669 101.796379089 21.779006958 78.6639862061
174.076797485 100.670646667 20.9648628235 75.3765106201
173.377227783 97.4398574829 20.7563819885 75.0799713135
173.73425293 94.5672454834 21.3271903992 75.2849121094
172.649414062 94.0670013428 22.853061676 74.9932174683
171.01663208 92.2779693604 23.9724082947 76.4897232056
172.287796021 84.2714004517 21.2624607086 88.450920105
167.631973267 92.6327285767 23.8804130554 74.2130279541
167.379669189 92.1557617188 23.0216350555 76.1715545654
165.362808228 91.7909088135 21.8411064148 75.690536499
163.059967041 91.0022277832 21.8016376495 74.6442260742
162.038711548 89.976890564 20.8792819977 72.4533233643
160.351409912 89.8752593994 21.2815704346 72.4314727783
158.598358154 88.1546096802 21.8890628815 73.1819915771
158.538375854 87.7303085327 21.0131492615 73.8281478882
159.011138916 86.6180038452 20.0880393982 72.5593490601
156.465026855 87.8827133179 20.3245716095 73.5602874756
154.532348633 87.2075424194 20.1832904816 75.9003143311
153.850067139 88.4330978394 20.2168617249 77.0490341187
151.38444519 91.8544998169 19.2719116211 76.4350128174
149.036590576 93.2083587646 19.5767498016 78.4555130005
147.183044434 94.7578964233 19.386548996 77.6009368896
146.075836182 93.9381866455 19.2852210999 79.2215805054
147.743423462 86.8025360107 19.1363162994 84.5480270386
147.765350342 86.1116714478 19.2822227478 84.0620269775
147.434707642 85.8143920898 19.4784603119 83.2205657959
147.284332275 85.6938858032 19.6596107483 83.1701660156
148.511383057 84.0188980103 18.8862533569 85.4377365112
146.301956177 83.4837493896 18.9037456512 85.5168609619
145.822738647 84.2943344116 19.2837524414 87.2359466553
144.732849121 81.4305038452 19.9210262299 90.1188583374
142.894256592 85.6998443604 20.2673892975 88.4628219604
140.513565063 83.5960388184 21.1599464417 87.7342758179
140.491943359 86.2499160767 21.8561820984 87.4450454712
138.898284912 83.2990646362 20.7365837097 89.8913726807
138.732925415 86.287727356 21.1008338928 87.5563430786
138.387527466 85.3941421509 21.3854103088 85.7090454102
138.474594116 86.1982040405 21.4410820007 88.0507965088
141.491317749 83.6241836548 20.0226249695 88.9545669556
143.859207153 80.9886016846 20.3107948303 89.6441574097
142.511322021 84.1007385254 20.4076576233 92.320274353
141.548431396 84.1620330811 20.7320289612 92.7753219604
142.601577759 91.9183349609 20.7539615631 91.071937561
141.156661987 99.4070892334 21.1821537018 86.140838623
145.298706055 98.9519805908 20.9422206879 91.6667938232
146.1822052 98.6327209473 20.6704978943 92.1262054443
148.342498779 100.918624878 20.5030555725 92.7518310547
153.856536865 99.3815689087 20.8287143707 94.2250518799
164.823638916 93.2357940674 21.420381546 94.5039215088
173.853027344 93.0109100342 21.0366096497 95.165512085
173.307159424 92.6414031982 21.2369480133 96.0718002319
173.005508423 97.0317230225 21.9043388367 90.5872192383
173.274017334 92.9004058838 21.9855461121 95.211769104
174.508514404 91.6444778442 21.4141120911 96.8732528687
172.899993896 92.1195297241 21.6904277802 98.1232452393
169.819335938 95.4887237549 21.6272792816 97.8375701904
165.898986816 92.4793243408 21.5887546539 97.6632995605
161.782348633 92.7758865356 21.2288761139 96.0352859497
158.91217041 94.5511627197 21.5537223816 97.5048217773
155.055770874 95.069229126 21.6648616791 98.007598877
154.396224976 91.0002441406 21.4635944366 97.0970993042
153.482955933 90.9222564697 21.9007301331 99.0746231079
152.605133057 88.7031860352 22.0352993011 99.6833953857
150.645019531 88.9055786133 22.1723766327 100.303512573
150.437591553 88.7224578857 21.9799575806 99.4330596924
150.751358032 90.0334014893 22.2832336426 96.697845459
146.702041626 88.3401947021 22.4130096436 101.392105103
145.198196411 91.1301116943 23.3045654297 100.763244629
145.514328003 87.121887207 22.5695724487 102.100357056
143.585678101 89.1265792847 22.3903236389 101.289474487
140.503875732 89.0646438599 22.4379119873 101.504753113
144.557342529 82.5454940796 22.4953193665 101.764442444
144.507415771 81.2031784058 23.428899765 101.934158325
144.486297607 78.0702896118 23.2197990417 105.041854858
145.110336304 80.3449630737 23.0727882385 104.376808167
146.883300781 78.4156265259 22.9831047058 103.971107483
157.193969727 79.8617935181 23.031665802 104.190795898
161.186340332 81.7817993164 22.8760032654 103.486610413
161.385848999 83.4040527344 23.0696716309 104.362716675
164.512008667 87.8414916992 23.1948299408 104.928909302
166.540924072 88.0325317383 23.2733650208 105.284179688
164.794891357 93.3767089844 23.2948207855 105.381240845
167.052566528 94.9155731201 23.5856628418 106.69694519
165.180084229 100.837547302 24.5094299316 104.737770081
164.570800781 110.813644409 26.591884613 95.2743988037
163.662185669 108.248031616 26.7179355621 99.0868301392
164.929168701 107.752609253 27.0171852112 101.812400818
162.890045166 108.630737305 28.1052360535 101.520278931
162.139205933 113.701950073 26.9480552673 99.8317260742
159.050735474 111.622360229 26.8483772278 104.94657135
156.89175415 114.235389709 27.4772129059 101.962303162
159.132446289 104.687171936 25.376707077 114.79927063
153.824996948 116.056556702 26.6242675781 102.94392395
153.430709839 114.661437988 26.00989151 104.733200073
155.11076355 111.285926819 25.6367683411 103.388877869
153.824127197 108.996398926 26.7411956787 95.7342224121
154.667755127 104.578109741 26.6446590424 96.2651519775
155.216827393 97.8782348633 26.9488372803 98.1365814209
156.124542236 95.3338394165 27.0442199707 92.0779724121
159.019012451 89.992225647 27.6218986511 92.4344177246
162.26171875 85.9406661987 27.1629390717 90.1409912109
166.072357178 82.6503753662 27.5744590759 90.4062652588
167.664886475 80.6225662231 27.8409423828 91.6228637695
168.964050293 71.7211837769 26.6502437592 103.736351013
167.338043213 79.2406005859 27.7635135651 92.3145446777
169.84362793 80.3539962769 27.2493228912 92.2164459229
169.336761475 83.5752792358 27.9492950439 91.1002426147
169.928375244 85.6656951904 25.9206295013 88.8473129272
165.222869873 88.993270874 27.7451667786 90.2159576416
164.083877563 94.2178573608 25.7901725769 90.2103042603
161.635253906 96.7864151001 25.2042560577 90.6757202148
156.975875854 95.6779556274 25.8345394135 96.8757247925
152.44442749 101.682701111 26.3522338867 97.3138275146
148.304534912 101.964736938 25.9100399017 100.813446045
144.636001587 109.104820251 26.8970031738 96.659866333
140.864761353 114.374549866 24.7093067169 95.9514160156
137.489486694 114.094787598 25.2623443604 98.630027771
142.168228149 107.916427612 23.7633838654 107.500900269
142.812103271 107.974487305 24.1039981842 109.041770935
142.628829956 116.716659546 25.2032966614 99.692199707
146.93977356 111.184188843 24.0334358215 103.726913452
149.48815918 104.412185669 24.1512908936 103.880599976
151.960845947 102.507301331 23.4904270172 106.266075134
151.894104004 98.2179107666 23.2652053833 105.247207642
153.135147095 99.4863433838 23.8352279663 100.99760437
157.499084473 94.2950057983 23.1889896393 104.902427673
158.877532959 92.1965179443 23.5089473724 100.979507446
158.837371826 93.4485244751 23.0651893616 101.448196411
160.202880859 91.0677261353 23.2226409912 101.501922607
161.833480835 88.0545425415 22.9813098907 101.07258606
162.924835205 86.7599411011 22.4047336578 101.354614258
162.287719727 85.3095245361 22.5860824585 102.175003052
162.63722229 83.4563751221 22.9923915863 99.4473114014
164.06010437 80.8127593994 22.9334506989 99.7856903076
163.021759033 80.4349212646 23.0390739441 99.0953369141
163.12449646 79.3758773804 23.1979789734 100.511535645
161.664474487 77.0548782349 23.0734710693 102.294929504
158.643920898 79.2647476196 23.4873962402 102.781494141
157.807235718 84.5950469971 23.6426849365 97.7683181763
156.812240601 80.7183837891 23.136631012 101.962486267
154.411636353 78.0333023071 23.0178375244 104.128173828
151.079925537 80.3921356201 22.9392948151 103.772865295
148.682159424 88.5223617554 24.4059791565 93.8853302002
147.661407471 83.5813217163 23.182718277 97.9057998657
146.192596436 79.5960388184 22.6653137207 102.533424377
144.400543213 74.4431152344 22.7367973328 102.856811523
144.325332642 76.0211639404 22.3737449646 101.214439392
144.686569214 74.9436721802 22.3009090424 100.88494873
145.807647705 72.6822891235 22.4744606018 101.670059204
147.027572632 71.5235443115 22.5148582458 101.852798462
147.943847656 71.3647384644 22.2812976837 100.796211243
149.184906006 68.1185760498 22.0615501404 99.802116394
148.662338257 68.6767501831 22.2935695648 100.851722717
150.744049072 64.9564666748 22.4408817291 101.518127441
150.880828857 64.4955444336 22.0361824036 99.6873397827
151.740859985 62.2709541321 22.719461441 102.778343201
154.447006226 61.8830871582 22.6669216156 102.540664673
158.951202393 62.8125610352 22.6397914886 102.417945862
164.049682617 64.7932052612 22.5576210022 99.4528045654
167.360626221 66.125 22.2745304108 100.765579224
165.282745361 76.7111358643 23.0823764801 98.1129302979
167.584640503 76.1451873779 22.638999939 102.414367676
168.513809204 80.2057037354 22.0839443207 99.9033966064
168.217193604 86.1103897095 22.3536624908 97.629737854
166.455001831 84.9569473267 21.7985572815 98.6123580933
169.035675049 89.5893096924 21.5732517242 97.5931243896
169.758041382 92.9547119141 21.7747001648 96.1098632812
168.666168213 88.2122650146 21.8408241272 98.803565979
167.335769653 92.1709442139 21.746213913 98.3755645752
167.903488159 94.1373901367 21.2301521301 96.0410003662
168.954330444 92.8371124268 21.2705898285 96.2239227295
168.01940918 94.1863174438 21.219953537 95.9948577881
164.747711182 96.7722015381 21.2956981659 96.3375091553
163.113723755 101.702835083 21.1920280457 95.8685302734
162.55229187 102.414993286 21.2977962494 96.3470001221
160.684661865 105.959434509 21.3121013641 96.4117202759
158.300933838 105.886741638 21.0745353699 95.337020874
158.457397461 107.077674866 21.0462226868 95.2089233398
157.078933716 107.554702759 21.0705108643 95.3188095093
155.901611328 109.216079712 21.3651447296 93.8793792725
155.644134521 108.844200134 21.4083442688 96.8470916748
155.265350342 108.670166016 21.6305923462 97.8524932861
157.057922363 106.246536255 21.4424285889 97.0012741089
157.330963135 105.222877502 21.7571563721 98.4250411987
157.451126099 108.432434082 22.5415019989 97.2873153687
157.132156372 111.862670898 22.6419677734 95.153793335
157.379562378 116.254211426 22.9628505707 87.5115127563
157.92477417 113.855789185 22.1901283264 91.1708450317
157.525726318 113.34703064 22.3192329407 90.319770813
156.694732666 109.937927246 22.3792304993 91.1010818481
157.552246094 112.046798706 22.152217865 90.1711578369
156.07635498 113.211448669 22.3654232025 86.3942642212
155.340118408 108.523887634 21.6710720062 88.6970672607
156.735565186 99.254119873 20.8162937164 94.1687393188
156.860549927 96.7965698242 20.6747741699 93.5285339355
157.49937439 94.4858398438 20.6387519836 93.3655700684
159.138687134 91.4455718994 20.6141719818 93.2543792725
162.710754395 91.333984375 20.2347717285 91.5380477905
165.276245117 93.1989746094 21.5111103058 84.2170562744
166.865692139 88.1110153198 20.7835464478 90.8996429443
167.657089233 84.9362564087 20.7333621979 90.5151748657
167.398864746 83.1548080444 20.2436523438 91.5782012939
168.308868408 82.7675933838 20.1888237 91.3301696777
168.812469482 79.7150726318 20.3288021088 91.9634094238
167.350616455 86.97215271 21.9270439148 84.9115829468
169.042602539 76.8556747437 20.6894130707 93.5947418213
169.082061768 79.6704330444 20.1183815002 90.1765899658
169.046157837 76.7133712769 20.494474411 92.7128829956
168.947494507 77.7672729492 20.5232887268 92.8432388306
169.185394287 81.7673339844 21.2169628143 90.0947113037
168.923217773 86.34425354 21.9362850189 84.4376449585
168.823928833 86.6352996826 21.367723465 83.1357879639
171.730255127 84.4105453491 20.9694328308 87.7626342773
171.229934692 83.7122879028 21.6523742676 87.602394104
170.603897095 84.141998291 20.7241268158 85.0792999268
170.849014282 83.4283599854 21.302072525 87.6263580322
170.418624878 76.5288238525 21.0107765198 92.8917312622
170.941131592 75.6920776367 20.7409858704 93.8280410767
168.396713257 74.9775466919 21.1000843048 92.3910293579
165.329467773 80.2767181396 21.5839061737 86.7195892334
163.717056274 74.9147720337 21.1716575623 95.7762985229
160.399353027 73.1476898193 21.4444255829 97.0102462769
159.559890747 79.4885787964 21.1364688873 91.2459487915
156.957931519 80.3988418579 21.597536087 89.9544754028
154.205444336 79.4279403687 21.4918212891 89.635559082
151.49319458 75.2656097412 21.1688938141 95.7638015747
147.575592041 79.7066040039 21.5604972839 90.5055541992
143.914825439 82.6568908691 23.1892204285 84.6711654663
141.163467407 79.3236160278 22.2294960022 87.0376739502
140.166687012 77.4778213501 22.1380252838 88.9639205933
139.379684448 76.861869812 21.7234573364 90.4121856689
140.411102295 78.8231124878 21.0803642273 85.4113464355
139.727203369 78.580696106 21.3921966553 87.1642990112
137.492828369 81.3988113403 22.0597248077 85.0660247803
135.632003784 80.9299163818 21.6210823059 84.455406189
135.831848145 79.7373275757 21.9779396057 86.3238677979
134.105651855 79.0333404541 22.0335979462 86.6030960083
133.040496826 80.4375152588 22.1230430603 86.2675094604
132.333709717 78.9221191406 21.3636131287 86.5406265259
132.752044678 79.2064590454 22.6511802673 88.7530517578
133.134628296 70.1570053101 21.8038024902 98.6360015869
133.579864502 75.6636199951 22.6733913422 94.9186248779
135.522155762 78.026550293 21.911441803 99.1229400635
137.792617798 87.3825073242 22.1424980164 92.5524368286
140.647628784 93.4266204834 22.4811191559 91.5908660889
142.905471802 91.5992965698 21.7224025726 98.2677764893
148.072113037 99.342666626 21.4149284363 96.8768157959
154.511276245 108.694847107 22.8238105774 90.9805450439
156.075485229 110.042137146 23.1959228516 91.503578186
156.988067627 112.985824585 22.4535598755 87.0788192749
155.569061279 110.864883423 23.7321128845 88.2126083374
153.903778076 109.606910706 23.9521713257 85.7434463501
151.675384521 107.03338623 23.6948242188 81.360458374
151.350753784 103.170822144 24.1631736755 83.970703125
152.940185547 97.3376922607 22.3869094849 87.8844528198
153.340438843 91.1957855225 23.2698554993 89.3653945923
151.782562256 88.5071182251 23.4114646912 87.0135955811
153.248580933 85.992149353 22.2569236755 86.3169784546
153.467086792 87.0014877319 22.9722270966 86.3910064697
149.187225342 86.330947876 22.6639671326 84.1491394043
150.07131958 84.5843811035 23.074344635 85.1786651611
148.967498779 82.1925201416 23.4257678986 86.2514648438
145.090591431 80.7121429443 24.2390346527 85.6427154541
137.385467529 77.297164917 23.9870986938 90.9436187744
132.915939331 67.030166626 23.2361354828 101.309646606
130.368774414 62.5369148254 23.0868091583 104.440101624
125.405395508 58.0159225464 23.0626564026 104.330833435
121.564918518 52.810295105 23.0845985413 104.430099487
125.188499451 46.1446037292 23.0795860291 104.407424927
153.671188354 38.5495948792 23.0381507874 104.219970703
169.847137451 32.1026878357 22.7645359039 102.982192993
194.130050659 27.877407074 22.6793708801 102.596923828
216.490570068 24.5930137634 22.8916740417 103.557350159
242.782424927 22.4175987244 23.0680789948 104.355369568
225.865997314 23.5554904938 23.102437973 104.510803223
220.884765625 24.4955749512 23.0874671936 104.443092346
235.90864563 27.2501792908 23.1994552612 104.949707031
253.070220947 25.0671691895 23.0561637878 104.301490784
251.941116333 25.1669521332 22.9551048279 103.844322205
251.388626099 28.0776119232 22.6606903076 102.512451172
249.429153442 29.1340446472 22.9130058289 103.653869629
243.26725769 36.1006584167 23.3027553558 105.417015076
246.228179932 47.3715553284 23.0638542175 104.336288452
251.873382568 55.0504875183 23.4506225586 106.085960388
249.191207886 57.4366874695 23.3700199127 105.721328735
243.468597412 70.7366790771 23.4929084778 106.277259827
231.041168213 82.8397293091 23.5259895325 106.426902771
216.054199219 92.5475692749 23.8156909943 107.737449646
208.271682739 95.3537368774 24.5002803802 110.834396362
200.657928467 97.8821792603 24.7796115875 112.09803772
193.042709351 97.6420669556 25.2306232452 114.138328552
187.389160156 97.6612167358 25.7185001373 116.34538269
184.456283569 96.3235092163 25.5409545898 115.542198181
187.300460815 93.2280883789 25.6545066833 116.055885315
191.166549683 85.25365448 25.5727958679 115.68624115
192.175094604 81.7144775391 25.6466464996 116.020324707
195.932418823 76.5737304688 25.5639247894 115.646118164
202.047637939 78.7575836182 25.308391571 114.490135193
202.628204346 78.6839141846 25.944065094 117.36579895
200.619415283 78.0482406616 26.7168083191 120.861549377
198.824569702 74.9809112549 27.0429019928 122.336715698
196.446182251 78.3010025024 27.2580814362 123.310142517
194.027175903 82.3941040039 27.0197639465 122.232040405
190.484024048 85.5214233398 26.8487453461 121.458389282
193.041793823 85.3962783813 26.8322563171 121.383789062
186.305130005 90.7964630127 27.0955162048 122.574729919
