 198 214  34  81
 197 213  34  81
 194 213  34  81
 192 213  34  81
 190 212  34  81
 188 213  34  81
 186 215  34  81
 185 218  34  81
 184 226  34  81
 184 226  34  81
 186 225  34  81
 188 226  34  81
 191 226  34  81
 194 225  34  81
 197 223  34  81
 200 220  34  81
 204 218  34  81
 212 220  34  81
 222 219  34  81
 203 213  34  81
 207 210  34  81
 208 218  34  81
 212 221  34  81
 217 222  34  81
 219 225  34  81
 223 228  34  81
 226 232  34  81
 229 232  34  81
 233 233  34  81
 238 233  34  81
 243 234  34  81
 248 234  34  81
 252 233  34  81
 256 231  34  81
 259 228  34  81
 263 227  34  81
 267 226  34  81
 270 225  34  81
 274 226  34  81
 277 228  34  81
 282 231  34  81
 286 232  34  81
 290 237  34  81
 291 236  34  81
 292 235  34  81
 291 234  34  81
 290 230  34  81
 290 230  34  81
 289 229  34  81
 288 228  34  81
 287 226  34  81
 286 228  34  81
 284 225  34  81
 282 224  34  81
 281 224  34  81
 280 224  34  81
 278 224  34  81
 275 226  34  81
 273 228  34  81
 272 230  34  81
 270 231  34  81
 267 232  34  81
 262 232  34  81
 257 232  34  81
 253 232  34  81
 249 232  34  81
 244 234  34  81
 240 236  34  81
 235 236  34  81
 231 234  34  81
 230 238  34  81
 222 237  34  81
 214 233  34  81
 206 230  34  81
 199 228  34  81
 192 228  34  81
 184 230  34  81
 176 231  34  81
 172 240  34  81
 168 238  34  81
 159 232  34  81
 152 231  34  81
 145 228  34  81
 140 224  34  81
 136 221  34  81
 131 220  34  81
 130 221  34  81
 128 225  34  81
 124 226  34  81
 124 230  34  81
 119 228  34  81
 115 228  34  81
 112 223  34  81
 109 215  34  81
 107 211  34  81
 106 209  34  81
 106 209  34  81
 107 210  34  81
 108 212  34  81
 109 213  34  81
 111 215  34  81
 114 214  34  81
 115 211  34  81
 114 207  34  81
 115 203  34  81
 118 200  34  81
 121 199  34  81
 125 200  34  81
 129 203  34  81
 132 204  34  81
 135 202  34  81
 137 199  34  81
 140 196  34  81
 144 191  34  81
 147 187  34  81
 150 184  34  81
 154 183  34  81
 158 182  34  81
 162 183  34  81
 166 184  34  81
 170 184  34  81
 174 184  34  81
 178 187  34  81
 180 182  34  81
 182 177  34  81
 185 174  34  81
 188 173  34  81
 191 174  34  81
 194 174  34  81
 196 176  34  81
 198 177  34  81
 201 176  34  81
 203 175  34  81
 205 171  34  81
 206 166  34  81
 208 163  34  81
 209 161  34  81
 210 159  34  81
 210 159  34  81
 211 160  34  81
 212 161  34  81
 213 163  34  81
 214 163  34  81
 217 162  34  81
 219 163  34  81
 223 159  34  81
 225 157  34  81
 226 156  34  81
 227 156  34  81
 228 157  34  81
 229 158  34  81
 231 160  34  81
 232 160  34  81
 234 159  34  81
 237 159  34  81
 237 156  34  81
 241 155  34  81
 242 153  34  81
 245 153  34  81
 246 153  34  81
 247 151  34  81
 248 151  34  81
 250 151  34  81
 252 150  34  81
 254 149  34  81
 258 148  34  81
 261 147  34  81
 264 146  34  81
 266 147  34  81
 268 148  34  81
 270 148  34  81
 272 148  34  81
 274 148  34  81
 273 147  34  81
 273 146  34  81
 273 145  34  81
 274 144  34  81
 273 142  34  81
 272 142  34  81
 273 142  34  81
 273 144  34  81
 273 144  34  81
 273 142  34  81
 273 141  34  81
 273 139  34  81
 273 138  34  81
 273 138  34  81
 274 138  34  81
 274 138  34  81
 276 140  34  81
 277 142  34  81
 277 140  34  81
 277 140  34  81
 278 140  34  81
 278 139  34  81
 278 138  34  81
 277 138  34  81
 277 137  34  81
 277 137  34  81
 278 136  34  81
 278 137  34  81
 278 137  34  81
 278 137  34  81
 279 137  34  81
 279 138  34  81
 280 138  34  81
 280 138  34  81
 281 138  34  81
 282 139  34  81
 281 139  34  81
 281 140  34  81
 279 138  34  81
 279 138  34  81
 278 138  34  81
 278 137  34  81
 277 136  34  81
 277 136  34  81
 277 136  34  81
 277 136  34  81
 277 136  34  81
 277 136  34  81
 276 136  34  81
 275 136  34  81
 275 132  34  81
 273 133  34  81
 272 132  34  81
 271 132  34  81
 270 131  34  81
 268 131  34  81
 267 130  34  81
 265 130  34  81
 263 130  34  81
 261 129  34  81
 259 128  34  81
 258 127  34  81
 256 127  34  81
 254 127  34  81
 252 128  34  81
 251 127  34  81
 250 126  34  81
 248 126  34  81
 245 125  34  81
 242 125  34  81
 239 124  34  81
 237 124  34  81
 234 124  34  81
 233 123  34  81
 231 123  34  81
 228 122  34  81
 226 121  34  81
 224 120  34  81
 223 120  34  81
 221 119  34  81
 219 117  34  81
 218 116  34  81
 215 115  34  81
 213 112  34  81
 221 110  34  81
 222 109  34  81
 225 107  34  81
 226 106  34  81
 229 104  34  81
 231 103  34  81
 233 101  34  81
 236 100  34  81
 239  98  34  81
 242  96  34  81
 244  95  34  81
 248  93  34  81
 250  91  34  81
 254  90  34  81
 257  88  34  81
 260  87  34  81
 263  85  34  81
 266  84  34  81
 269  82  34  81
 273  81  34  81
 277  79  34  81
 279  78  34  81
 283  76  34  81
 286  74  34  81
 290  73  34  81
 293  72  34  81
 296  70  34  81
 299  69  34  81
 303  67  34  81
 306  66  34  81
 309  65  34  81
 312  64  34  81
 315  63  34  81
 317  62  34  81
 319  61  34  81
 321  61  34  81
 323  61  34  81
 324  61  34  81
 326  61  34  81
 327  61  34  81
 328  62  34  81
 328  62  34  81
 329  63  34  81
 330  64  34  81
 330  64  34  81
 330  65  34  81
 331  65  34  81
 331  65  34  81
 332  66  34  81
 332  67  34  81
 332  67  34  81
 332  68  34  81
 332  68  34  81
 333  69  34  81
 333  69  34  81
 334  69  34  81
 334  70  34  81
 334  70  34  81
 335  71  34  81
 335  71  34  81
 336  71  34  81
 336  72  34  81
 336  73  34  81
 328  73  34  81
 320  72  34  81
 319  73  34  81
 319  74  34  81
 319  75  34  81
 321  75  34  81
 321  76  34  81
 322  77  34  81
 321  78  34  81
 322  79  34  81
 321  80  34  81
 318  80  34  81
 313  81  34  81
 311  82  34  81
 312  83  34  81
 314  84  34  81
 315  85  34  81
 316  86  34  81
 316  86  34  81
 314  87  34  81
 317  88  34  81
 316  88  34  81
 316  89  34  81
 312  89  34  81
 311  90  34  81
 311  90  34  81
 312  91  34  81
 313  91  34  81
 314  92  34  81
 315  92  34  81
 315  92  34  81
 316  93  34  81
 306  92  34  81
 305  92  34  81
 306  92  34  81
 307  93  34  81
 308  93  34  81
 309  94  34  81
 312  95  34  81
 316  95  34  81
 317  96  34  81
 321  96  34  81
 323  96  34  81
 325  97  34  81
 326  97  34  81
 326  97  34  81
 327  98  34  81
 328  98  34  81
 329  99  34  81
 330  99  34  81
 331 100  34  81
 331 100  34  81
 331 100  34  81
 332 100  34  81
 334 101  34  81
 334 101  34  81
 335 101  34  81
 335 101  34  81
 336 101  34  81
 337 102  34  81
 338 102  34  81
 338 102  34  81
 339 103  34  81
 340 103  34  81
 340 103  34  81
 341 103  34  81
 342 104  34  81
 342 104  34  81
 343 104  34  81
 343 104  34  81
 344 104  34  81
 344 104  34  81
 345 105  34  81
 346 105  34  81
 346 105  34  81
 346 105  34  81
 346 105  34  81
 347 105  34  81
 348 106  34  81
 349 106  34  81
 350 106  34  81
 351 106  34  81
 351 106  34  81
 352 107  34  81
 353 107  34  81
 353 107  34  81
 354 107  34  81
 354 107  34  81
 354 107  34  81
 355 107  34  81
 355 107  34  81
 356 107  34  81
 357 107  34  81
 357 107  34  81
 358 107  34  81
 359 107  34  81
 359 108  34  81
 360 108  34  81
 360 108  34  81
 360 108  34  81
 361 108  34  81
 362 109  34  81
 364 110  34  81
 365 110  34  81
 365 110  34  81
 366 111  34  81
 366 111  34  81
 366 111  34  81
 367 112  34  81
 367 112  34  81
 368 112  34  81
 369 112  34  81
 370 113  34  81
 371 114  34  81
 372 116  34  81
 373 117  34  81
 374 118  34  81
 375 118  34  81
 375 118  34  81
 376 119  34  81
 376 119  34  81
 378 120  34  81
 378 120  34  81
 377 120  34  81
 377 120  34  81
 377 119  34  81
 376 117  34  81
 376 116  34  81
 376 117  34  81
 376 117  34  81
 376 118  34  81
 375 119  34  81
 375 121  34  81
 374 122  34  81
 373 124  34  81
 371 126  34  81
 371 129  34  81
 369 132  34  81
 368 136  34  81
 367 137  34  81
 363 138  34  81
 360 140  34  81
 358 141  34  81
 356 140  34  81
 355 141  34  81
 355 142  34  81
 356 144  34  81
 356 145  34  81
 357 147  34  81
 357 149  34  81
 357 152  34  81
 358 155  34  81
 359 156  34  81
 360 157  34  81
 361 157  34  81
 362 158  34  81
 362 158  34  81
 363 158  34  81
 361 155  34  81
 358 154  34  81
 357 151  34  81
 359 155  34  81
 358 156  34  81
 357 156  34  81
 356 157  34  81
 357 159  34  81
 356 161  34  81
 355 163  34  81
 353 166  34  81
 350 169  34  81
 346 171  34  81
 341 175  34  81
 334 179  34  81
 327 180  34  81
 318 182  34  81
 306 181  34  81
 295 179  34  81
 285 176  34  81
 276 172  34  81
 268 169  34  81
 260 165  34  81
 253 162  34  81
 245 160  34  81
 236 158  34  81
 227 157  34  81
 218 156  34  81
 209 155  34  81
 203 154  34  81
 195 154  34  81
 189 154  34  81
 182 156  34  81
 175 158  34  81
 168 161  34  81
 159 164  34  81
 149 166  34  81
 141 166  34  81
 134 164  34  81
 126 164  34  81
 116 166  34  81
 109 163  34  81
 102 160  34  81
  94 159  34  81
  84 158  34  81
  65 157  34  81
  59 157  34  81
  54 157  34  81
  48 158  34  81
  42 159  34  81
  36 159  34  81
  30 160  34  81
  25 161  34  81
  20 161  34  81
  15 161  34  81
  11 161  34  81
   7 161  34  81
   2 161  34  81
   1 162  34  81
   1 167  34  81
   1 168  34  81
   1 169  34  81
   1 172  34  81
   1 178  34  81
   1 180  34  81
   1 185  34  81
   1 186  34  81
   1 187  34  81
   1 188  34  81
   1 189  34  81
   1 190  34  81
   1 190  34  81
   1 189  34  81
   1 187  34  81
   1 187  34  81
   1 186  34  81
   1 186  34  81
   1 185  34  81
   1 184  34  81
   1 183  34  81
   1 182  34  81
   1 181  34  81
   1 180  34  81
   1 180  34  81
   1 180  34  81
   2 179  34  81
   1 178  34  81
   1 177  34  81
   1 176  34  81
   1 175  34  81
   1 174  34  81
   1 173  34  81
   1 172  34  81
   3 172  34  81
   4 171  34  81
   7 167  34  81
  11 167  34  81
  19 166  34  81
  27 165  34  81
  34 163  34  81
  41 160  34  81
  46 155  34  81
  51 152  34  81
  57 150  34  81
  64 149  34  81
  71 149  34  81
  79 150  34  81
  85 150  34  81
  93 152  34  81
 100 153  34  81
 107 154  34  81
 113 154  34  81
 119 154  34  81
 126 154  34  81
 133 154  34  81
 140 154  34  81
 146 153  34  81
 152 152  34  81
 158 150  34  81
 164 148  34  81
 170 146  34  81
 175 144  34  81
 181 143  34  81
 184 141  34  81
 188 140  34  81
 192 140  34  81
 195 141  34  81
 199 143  34  81
 202 145  34  81
 204 146  34  81
 206 148  34  81
 205 146  34  81
 203 144  34  81
 201 142  34  81
 200 141  34  81
 199 141  34  81
 200 142  34  81
 203 145  34  81
 205 147  34  81
 206 151  34  81
 211 161  34  81
 210 165  34  81
 207 160  34  81
 201 159  34  81
 186 149  34  81
 180 142  34  81
 179 142  34  81
 179 142  34  81
 189 158  34  81
 188 155  34  81
 175 140  34  81
 173 135  34  81
 173 135  34  81
 173 134  34  81
 174 135  34  81
 175 135  34  81
 176 135  34  81
 176 138  34  81
 177 138  34  81
 178 138  34  81
 180 139  34  81
 184 140  34  81
 188 146  34  81
 190 143  34  81
 195 144  34  81
 201 145  34  81
 207 142  34  81
 211 144  34  81
 217 141  34  81
 225 141  34  81
 233 143  34  81
 242 126  34  81
 255 141  34  81
 263 151  34  81
 274 150  34  81
 282 154  34  81
 301 160  34  81
 308 161  34  81
 311 166  34  81
 312 185  34  81
 316 202  34  81
 317 221  34  81
 318 240  34  81
 321 251  34  81
 326 253  34  81
 329 255  34  81
 328 257  34  81
 339 273  34  81
 336 272  34  81
 329 271  34  81
 325 271  34  81
 323 271  34  81
 323 272  34  81
 325 273  34  81
 328 274  34  81
 331 274  34  81
 334 274  34  81
 337 275  34  81
 340 275  34  81
 345 256  34  81
 342 275  34  81
 342 278  34  81
 343 278  34  81
 344 278  34  81
 347 278  34  81
 348 277  34  81
 349 277  34  81
 349 276  34  81
 350 276  34  81
 349 276  34  81
 348 276  34  81
 346 274  34  81
 344 272  34  81
 344 271  34  81
 344 271  34  81
 344 272  34  81
 344 273  34  81
 347 273  34  81
 349 272  34  81
 350 272  34  81
 351 273  34  81
 349 254  34  81
 353 272  34  81
 353 272  34  81
 353 272  34  81
 352 272  34  81
 352 272  34  81
 351 272  34  81
 350 273  34  81
 348 274  34  81
 346 275  34  81
 343 275  34  81
 342 276  34  81
 343 276  34  81
 344 277  34  81
 344 277  34  81
 345 278  34  81
 344 278  34  81
 344 277  34  81
 343 276  34  81
 342 274  34  81
 341 272  34  81
 342 272  34  81
 323 272  34  81
 315 272  34  81
 309 272  34  81
 297 270  34  81
