 400 48 87 319
 397 50 87 319
 381 55 87 319
 362 61 87 319
 355 72 87 319
 336 78 87 319
 318 86 87 319
 299 92 87 319
 280 98 87 319
 277 109 87 319
 281 120 87 319
 286 124 87 319
 295 125 87 319
 313 124 87 319
 332 119 87 319
 351 114 87 319
 370 109 87 319
 389 104 87 319
 408 104 87 319
 427 110 87 319
 446 116 87 319
 465 110 87 319
 475 96 87 319
 474 97 87 319
 471 97 87 319
 468 91 87 319
 469 95 87 319
 467 97 87 319
 464 106 87 319
 461 116 87 319
 457 126 87 319
 456 136 87 319
 446 136 87 319
 442 128 87 319
 460 127 87 319
 479 121 87 319
 498 126 87 319
 483 139 87 319
 493 156 87 319
 482 159 87 319
 472 159 87 319
 453 153 87 319
 434 147 87 319
 415 141 87 319
 396 142 87 319
 387 159 87 319
 375 159 87 319
 370 159 87 319
 373 159 87 319
 382 159 87 319
 398 159 87 319
 417 159 87 319
 436 159 87 319
 439 159 87 319
 443 158 87 319
 439 139 87 319
 440 120 87 319
 422 112 87 319
 403 112 87 319
 384 106 87 319
 372 118 87 319
 372 130 87 319
 358 132 87 319
 343 136 87 319
 342 140 87 319
 340 131 87 319
 321 128 87 319
 302 122 87 319
 283 116 87 319
 288 109 87 319
 307 106 87 319
 323 95 87 319
 312 100 87 319
 308 107 87 319
 322 114 87 319
 325 120 87 319
 308 128 87 319
 291 133 87 319
 292 139 87 319
 302 143 87 319
 306 145 87 319
 303 143 87 319
 297 136 87 319
 290 122 87 319
 271 122 87 319
 255 124 87 319
 260 118 87 319
 261 101 87 319
 243 95 87 319
 248 108 87 319
 267 114 87 319
 286 120 87 319
 304 128 87 319
 285 134 87 319
 266 140 87 319
 247 146 87 319
 236 159 87 319
 235 159 87 319
 248 159 87 319
 267 159 87 319
 286 159 87 319
 305 153 87 319
 318 138 87 319
 314 119 87 319
 301 104 87 319
 282 98 87 319
 263 104 87 319
 246 114 87 319
 229 124 87 319
 210 122 87 319
 227 132 87 319
 245 140 87 319
 248 146 87 319
 258 142 87 319
 269 144 87 319
 252 145 87 319
 233 151 87 319
 238 155 87 319
 257 159 87 319
 276 159 87 319
 275 159 87 319
 282 159 87 319
 301 159 87 319
 302 153 87 319
 283 157 87 319
 264 158 87 319
 283 159 87 319
 302 159 87 319
 303 159 87 319
 284 159 87 319
 275 159 87 319
 257 159 87 319
 238 159 87 319
 219 159 87 319
 200 159 87 319
 181 159 87 319
 183 159 87 319
 202 159 87 319
 221 159 87 319
 240 159 87 319
 259 159 87 319
 278 153 87 319
 297 148 87 319
 289 141 87 319
 270 135 87 319
 251 129 87 319
 232 135 87 319
 249 145 87 319
 244 159 87 319
 250 159 87 319
 269 159 87 319
 288 159 87 319
 307 159 87 319
 326 159 87 319
 345 159 87 319
 349 159 87 319
 347 159 87 319
 349 159 87 319
 368 159 87 319
 387 159 87 319
 406 159 87 319
 425 159 87 319
 444 158 87 319
 444 152 87 319
 425 155 87 319
 406 159 87 319
 424 151 87 319
 405 156 87 319
 424 159 87 319
 443 159 87 319
 450 159 87 319
 450 159 87 319
 457 159 87 319
 450 159 87 319
 431 158 87 319
 412 152 87 319
 408 156 87 319
 421 159 87 319
 440 156 87 319
 459 153 87 319
 469 154 87 319
 474 159 87 319
 486 157 87 319
 491 154 87 319
 474 156 87 319
 455 158 87 319
 444 159 87 319
 444 159 87 319
 463 159 87 319
 482 159 87 319
 501 159 87 319
 502 159 87 319
 500 156 87 319
 491 152 87 319
 472 146 87 319
 479 155 87 319
 461 154 87 319
 442 159 87 319
 439 159 87 319
 425 159 87 319
 444 159 87 319
 463 159 87 319
 482 159 87 319
 501 159 87 319
 515 159 87 319
 503 159 87 319
 484 159 87 319
 465 159 87 319
 446 159 87 319
 427 159 87 319
 409 151 87 319
 428 156 87 319
 447 159 87 319
 466 159 87 319
 485 159 87 319
 504 159 87 319
 522 151 87 319
 532 145 87 319
 526 137 87 319
 512 145 87 319
 493 148 87 319
 489 129 87 319
 470 135 87 319
 457 150 87 319
 438 155 87 319
 419 158 87 319
 405 159 87 319
 386 159 87 319
 401 159 87 319
 417 159 87 319
 414 159 87 319
 395 159 87 319
 376 155 87 319
 357 152 87 319
 368 159 87 319
 349 159 87 319
 354 159 87 319
 351 159 87 319
 343 159 87 319
 362 159 87 319
 367 159 87 319
 381 159 87 319
 400 153 87 319
 419 148 87 319
 438 143 87 319
 455 139 87 319
 474 134 87 319
 469 124 87 319
 451 117 87 319
 432 112 87 319
 413 111 87 319
 394 115 87 319
 381 118 87 319
 385 126 87 319
 400 138 87 319
 417 148 87 319
 433 159 87 319
 420 159 87 319
 427 159 87 319
 446 159 87 319
 458 153 87 319
 445 139 87 319
 439 136 87 319
 444 137 87 319
 463 132 87 319
 474 128 87 319
 458 132 87 319
 442 131 87 319
 444 125 87 319
 437 120 87 319
 418 119 87 319
 399 113 87 319
 380 107 87 319
 361 113 87 319
 342 116 87 319
 341 117 87 319
 359 110 87 319
 377 102 87 319
 396 103 87 319
 413 98 87 319
 423 85 87 319
 427 71 87 319
 414 64 87 319
 395 59 87 319
 376 60 87 319
 369 67 87 319
 383 74 87 319
 402 80 87 319
 421 86 87 319
 437 97 87 319
 446 103 87 319
 463 102 87 319
 465 94 87 319
 446 92 87 319
 453 95 87 319
 472 97 87 319
 491 93 87 319
 498 90 87 319
 503 80 87 319
 493 63 87 319
 483 46 87 319
 493 63 87 319
 499 44 87 319
 518 40 87 319
 521 51 87 319
 503 59 87 319
 486 64 87 319
 471 69 87 319
 466 74 87 319
 485 80 87 319
 504 80 87 319
 523 76 87 319
 542 75 87 319
 551 63 87 319
 551 47 87 319
 536 34 87 319
 517 28 87 319
 498 28 87 319
 479 30 87 319
 460 35 87 319
 477 44 87 319
 493 55 87 319
 511 63 87 319
 530 69 87 319
 540 69 87 319
 536 64 87 319
 535 48 87 319
 529 29 87 319
 519 23 87 319
 524 22 87 319
 541 12 87 319
 551  8 87 319
 542 14 87 319
 528 11 87 319

