       167        69        24       127
       166        61        24       127
       167        61        24       127
       167        61        24       127
       168        62        24       127
       169        62        24       127
       170        62        24       127
       170        63        24       127
       169        64        24       127
       170        63        24       127
       173        63        24       127
       174        63        24       127
       175        63        24       127
       175        64        24       127
       176        58        24       127
       177        39        24       127
       174        23        24       127
       177        10        24       127
       178        11        24       127
       179        12        24       127
       180        13        24       127
       182        13        24       127
       182        15        24       127
       184        14        24       127
       185        15        24       127
       186        15        24       127
       187        15        24       127
       187        14        24       127
       188        13        24       127
       188        11        24       127
       189         8        24       127
       188         6        24       127
       188         5        24       127
       188         5        24       127
       189         5        24       127
       190         3        24       127
       191         3        24       127
       191         5        24       127
       192         4        24       127
       193         5        24       127
       194         5        24       127
       195         5        24       127
       196         5        24       127
       196         5        24       127
       197         5        24       127
       197         5        24       127
       198         6        24       127
       198         5        24       127
       198         5        24       127
       198         6        24       127
       198         5        24       127
       200         4        24       127
       200         3        24       127
       200         4        24       127
       200         4        24       127
       200         3        24       127
       202         1        24       127
       203         2        24       127
       205         2        24       127
       205         1        24       127
       206         2        24       127
       206         3        24       127
       206         4        24       127
       203         3        24       127
       202         4        24       127
       201         5        24       127
       200         5        24       127
       199         5        24       127
       198         5        24       127
       198         5        24       127
       197         5        24       127
       196         5        24       127
       195         5        24       127
       193         5        24       127
       192         5        24       127
       191         5        24       127
       189         5        24       127
       188         5        24       127
       186         5        24       127
       184         5        24       127
       183         4        24       127
       182         4        24       127
       181         4        24       127
       181         4        24       127
       182         3        24       127
       182         1        24       127
       183         1        24       127
       182         1        24       127
       183         1        24       127
       185         1        24       127
       185         1        24       127
       185         3        24       127
       184         3        24       127
       183         5        24       127
       183         7        24       127
       183         5        24       127
       184         5        24       127
       184         5        24       127
       185         6        24       127
       186         5        24       127
       181         5        24       127
       181         4        24       127
       181         4        24       127
       181         4        24       127
       180         6        24       127
       179         4        24       127
       179         4        24       127
       179         4        24       127
       179         4        24       127
       178         5        24       127
       180         5        24       127
       180         4        24       127
       180         3        24       127
       180         4        24       127
       180         4        24       127
       179         3        24       127
       182         4        24       127
       182         4        24       127
       183         5        24       127
       182         4        24       127
       181         3        24       127
       181         3        24       127
       180         4        24       127
       179         3        24       127
       182         3        24       127
       180         3        24       127
       181         2        24       127
       181         2        24       127
       182         2        24       127
       183         2        24       127
       182         3        24       127
       183         3        24       127
       183         3        24       127
       183         2        24       127
       181         2        24       127
       179         4        24       127
       178         5        24       127
       177         3        24       127
       175         3        24       127
       184         2        24       127
       178         2        24       127
       180         4        24       127
       169         3        24       127
       168         3        24       127
       167         3        24       127
       167         3        24       127
       167         3        24       127
       166         4        24       127
       166         5        24       127
       167         6        24       127
       168         7        24       127
       167         7        24       127
       168         7        24       127
       168         6        24       127
       168         6        24       127
       168         6        24       127
       168         6        24       127
       168         6        24       127
       168         7        24       127
       168         6        24       127
       169         5        24       127
       172         4        24       127
       174         4        24       127
       173         4        24       127
       176         4        24       127
       183         4        24       127
       168         6        24       127
       167         5        24       127
       167         6        24       127
       167         6        24       127
       167         5        24       127
       167         5        24       127
       167         3        24       127
       167         3        24       127
       170         2        24       127
       169         3        24       127
       166         4        24       127
       166         4        24       127
       167         3        24       127
       165         3        24       127
       165         3        24       127
       163         3        24       127
       163         3        24       127
       162         3        24       127
       162         3        24       127
       160         3        24       127
       159         3        24       127
       158         3        24       127
       157         3        24       127
       154         3        24       127
       154         3        24       127
       150         3        24       127
       150         3        24       127
       147         3        24       127
       146         3        24       127
       143         3        24       127
       142         3        24       127
       139         3        24       127
       139         3        24       127
       135         3        24       127
       134         3        24       127
       132         3        24       127
       130         3        24       127
       128         3        24       127
       126         3        24       127
       124         3        24       127
       123         3        24       127
       121         3        24       127
       120         3        24       127
       119         3        24       127
       116         3        24       127
       115         3        24       127
       114         3        24       127
       112         3        24       127
       112         3        24       127
       110         3        24       127
       108         3        24       127
       106         3        24       127
       105         3        24       127
       104         3        24       127
       103         3        24       127
       101         3        24       127
       100         3        24       127
        98         3        24       127
        97         3        24       127
        96         3        24       127
        95         3        24       127
        93         3        24       127
        93         3        24       127
        91         3        24       127
        90         3        24       127
        89         3        24       127
        88         3        24       127
        87         3        24       127
        86         3        24       127
        85         3        24       127
        84         3        24       127
        83         3        24       127
        82         3        24       127
        81         3        24       127
        81         3        24       127
        79         3        24       127
        78         3        24       127
        77         3        24       127
        75         3        24       127
        74         3        24       127
        73         3        24       127
        72         3        24       127
        70         3        24       127
        68         3        24       127
        67         3        24       127
        65         3        24       127
        64         3        24       127
        62         3        24       127
        60         3        24       127
        58         3        24       127
        56         3        24       127
        54         3        24       127
        53         3        24       127
        51         3        24       127
        49         3        24       127
        46         3        24       127
        44         3        24       127
        42         3        24       127
        40         3        24       127
        38         3        24       127
        35         3        24       127
        33         3        24       127
        30         3        24       127
        28         3        24       127
        26         3        24       127
        23         3        24       127
        21         4        24       127
        18         4        24       127
        16         3        24       127
        14         3        24       127
        11         4        24       127
        10         3        24       127
         7         3        24       127
         4         3        24       127
         2         3        24       127
         2         4        24       127
         1         4        24       127
        11         4        24       127
        10         3        24       127
         8         3        24       127
         6         3        24       127
         4         3        24       127
         2         4        24       127
         1         4        24       127
         1         4        24       127
         1         3        24       127
         1         3        24       127
         1         3        24       127
         1         3        24       127
         1         3        24       127
         1         3        24       127
         1         3        24       127
         1         3        24       127
         1         3        24       127
         1         3        24       127
         1         3        24       127
         1         3        24       127
         1         3        24       127
         1         4        24       127
         1         4        24       127
         1         4        24       127
         1         5        24       127
         1         5        24       127
         1         5        24       127
         1         5        24       127
         1         5        24       127
         1         5        24       127
         1         5        24       127
         1         5        24       127
         1         5        24       127
         1         5        24       127
         1         5        24       127
         1         5        24       127
         1         5        24       127
         1         5        24       127
         1         5        24       127
         1         5        24       127
         1         4        24       127
         1         4        24       127
         1         4        24       127
         1         4        24       127
         1         3        24       127
         1         3        24       127
         1         3        24       127
         1         3        24       127
         1         3        24       127
         1         3        24       127
         1         3        24       127
         1         3        24       127
         1         3        24       127
         1         2        24       127
         1         2        24       127
         1         2        24       127
         1         2        24       127
         1         2        24       127
         1         2        24       127
         1         2        24       127
         1         3        24       127
         1         3        24       127
         1         3        24       127
         1         3        24       127
         1         2        24       127
         1         2        24       127
         1         2        24       127
         1         2        24       127
         1         2        24       127
         1         2        24       127
        13         2        24       127
         3         3        24       127
         6         2        24       127
         1         2        24       127
         1         2        24       127
         1         1        24       127
         1         2        24       127
         5         2        24       127
         1         2        24       127
         5         1        24       127
         3         1        24       127
         2         1        24       127
         1         2        24       127
         1         1        24       127
         6         1        24       127
         8         1        24       127
         2         1        24       127
         4         1        24       127
         2         1        24       127
         1         1        24       127
         2         1        24       127
         2         2        24       127
        21         2        24       127
        19         2        24       127
        17         3        24       127
        16         2        24       127
        15         2        24       127
        14         2        24       127
        12         2        24       127
        11         2        24       127
        10         2        24       127
         9         2        24       127
         8         2        24       127
         7         2        24       127
         7         2        24       127
         6         2        24       127
         6         2        24       127
         5         2        24       127
         5         3        24       127
         5         2        24       127
         5         2        24       127
         5         3        24       127
         5         2        24       127
         6         2        24       127
         6         2        24       127
         7         2        24       127
         7         2        24       127
         9         2        24       127
         9         2        24       127
        10         2        24       127
        11         2        24       127
        12         2        24       127
        13         2        24       127
        13         2        24       127
        14         2        24       127
        14         2        24       127
        16         2        24       127
        17         2        24       127
        17         2        24       127
        18         2        24       127
        19         2        24       127
        20         2        24       127
        20         2        24       127
        21         2        24       127
        23         2        24       127
        23         2        24       127
        24         2        24       127
        25         2        24       127
        26         2        24       127
        27         2        24       127
        28         2        24       127
        29         2        24       127
        30         2        24       127
        31         2        24       127
        32         3        24       127
        33         3        24       127
        34         2        24       127
        35         3        24       127
        36         2        24       127
        37         3        24       127
        38         3        24       127
        40         2        24       127
        40         2        24       127
        41         3        24       127
        42         2        24       127
        43         2        24       127
        44         3        24       127
        45         3        24       127
        46         3        24       127
        47         3        24       127
        48         3        24       127
        49         2        24       127
        50         3        24       127
        50         2        24       127
        51         2        24       127
        52         3        24       127
        53         3        24       127
        54         3        24       127
        54         3        24       127
        56         3        24       127
        57         3        24       127
        58         2        24       127
        59         3        24       127
        60         2        24       127
        61         3        24       127
        62         2        24       127
        63         3        24       127
        64         3        24       127
        65         2        24       127
        66         2        24       127
        67         3        24       127
        68         3        24       127
        68         2        24       127
        69         3        24       127
        70         2        24       127
        71         2        24       127
        71         3        24       127
        72         2        24       127
        73         2        24       127
        73         3        24       127
        74         2        24       127
        74         2        24       127
        74         2        24       127
        75         2        24       127
        75         2        24       127
        76         2        24       127
        76         2        24       127
        76         2        24       127
        76         2        24       127
        77         3        24       127
        77         2        24       127
        77         2        24       127
        77         2        24       127
        77         3        24       127
        77         2        24       127
        76         2        24       127
        76         3        24       127
        76         3        24       127
        76         2        24       127
        76         2        24       127
        76         3        24       127
        77         3        24       127
        77         3        24       127
        76         3        24       127
        76         2        24       127
        76         2        24       127
        77         3        24       127
        77         2        24       127
        77         2        24       127
        78         3        24       127
        78         3        24       127
        78         2        24       127
        78         3        24       127
        78         2        24       127
        79         2        24       127
        79         3        24       127
        79         3        24       127
        79         3        24       127
        79         3        24       127
        79         3        24       127
        79         3        24       127
        79         3        24       127
        79         3        24       127
        79         3        24       127
        79         3        24       127
        79         2        24       127
        79         2        24       127
        79         3        24       127
        79         3        24       127
        79         2        24       127
        79         3        24       127
        79         2        24       127
        79         3        24       127
        79         3        24       127
        79         3        24       127
        79         3        24       127
        79         3        24       127
        79         3        24       127
        79         2        24       127
        79         2        24       127
        79         3        24       127
        79         3        24       127
        79         3        24       127
        79         3        24       127
        79         3        24       127
        79         3        24       127
        79         3        24       127
        79         2        24       127
        79         3        24       127
        80         2        24       127
        79         2        24       127
        79         3        24       127
        79         3        24       127
        79         3        24       127
        79         3        24       127
        79         3        24       127
        79         3        24       127
        79         3        24       127
        79         3        24       127
        79         3        24       127
        79         2        24       127
        79         3        24       127
        79         2        24       127
        79         2        24       127
        78         2        24       127
        78         2        24       127
        78         2        24       127
        78         2        24       127
        78         3        24       127
        78         2        24       127
        78         2        24       127
        78         2        24       127
        78         3        24       127
        78         2        24       127
        78         3        24       127
        78         3        24       127
        78         3        24       127
        78         2        24       127
        78         3        24       127
        79         3        24       127
        79         3        24       127
        79         2        24       127
        78         2        24       127
        78         2        24       127
        78         3        24       127
        79         2        24       127
        79         2        24       127
        78         2        24       127
        78         3        24       127
        78         3        24       127
        79         3        24       127
        78         2        24       127
        78         3        24       127
        78         3        24       127
        79         3        24       127
        78         2        24       127
        78         2        24       127
        78         2        24       127
        79         2        24       127
        78         2        24       127
        78         2        24       127
        78         2        24       127
        78         2        24       127
        78         2        24       127
        78         2        24       127
        78         2        24       127
        78         2        24       127
        78         2        24       127
        78         2        24       127
        78         2        24       127
        78         2        24       127
        78         3        24       127
        78         3        24       127
        78         3        24       127
        78         3        24       127
        78         3        24       127
        78         3        24       127
        78         3        24       127
        78         3        24       127
        78         3        24       127
        78         3        24       127
        78         3        24       127
        79         3        24       127
        78         3        24       127
        78         3        24       127
        78         3        24       127
        78         3        24       127
        78         3        24       127
        78         3        24       127
        78         3        24       127
        78         3        24       127
        78         3        24       127
        78         3        24       127
        78         3        24       127
        78         2        24       127
        78         2        24       127
        78         2        24       127
        78         3        24       127
        78         3        24       127
        78         3        24       127
        78         3        24       127
        78         3        24       127
        78         2        24       127
        78         3        24       127
        78         3        24       127
        78         3        24       127
        78         3        24       127
        78         3        24       127
        78         3        24       127
        78         3        24       127
        78         3        24       127
        78         3        24       127
        79         3        24       127
        78         3        24       127
        78         3        24       127
        78         3        24       127
        78         3        24       127
        78         3        24       127
        78         3        24       127
        78         3        24       127
        78         3        24       127
        77         3        24       127
        78         3        24       127
        78         3        24       127
        78         3        24       127
        78         3        24       127
        78         3        24       127
        78         3        24       127
        78         3        24       127
        78         3        24       127
        78         2        24       127
        78         3        24       127
        78         3        24       127
        78         3        24       127
        78         3        24       127
        78         3        24       127
        78         3        24       127
        78         3        24       127
        78         3        24       127
        78         3        24       127
        79         3        24       127
        79         3        24       127
        80         3        24       127
        80         3        24       127
        81         3        24       127
        81         3        24       127
        82         3        24       127
        84         3        24       127
        85         3        24       127
        86         3        24       127
        88         3        24       127
        90         3        24       127
        91         4        24       127
        93         3        24       127
        95         3        24       127
        97         3        24       127
        99         3        24       127
       100         2        24       127
       103         3        24       127
       104         3        24       127
       106         3        24       127
       108         3        24       127
       110         3        24       127
       111         3        24       127
       113         3        24       127
       114         3        24       127
       116         3        24       127
       117         3        24       127
       118         3        24       127
       120         3        24       127
       121         3        24       127
       122         3        24       127
       124         3        24       127
       125         2        24       127
       126         2        24       127
       127         2        24       127
       128         3        24       127
       129         3        24       127
       131         3        24       127
       131         3        24       127
       133         2        24       127
       134         3        24       127
       135         3        24       127
       136         2        24       127
       137         2        24       127
       137         3        24       127
       139         3        24       127
       140         3        24       127
       140         3        24       127
       141         3        24       127
       142         3        24       127
       142         3        24       127
       142         3        24       127
       143         3        24       127
       143         3        24       127
       144         3        24       127
       144         3        24       127
       144         3        24       127
       145         3        24       127
       145         3        24       127
       145         3        24       127
       145         3        24       127
       146         3        24       127
       146         3        24       127
       146         3        24       127
       147         3        24       127
       147         3        24       127
       147         3        24       127
       147         3        24       127
       148         3        24       127
       148         3        24       127
       148         3        24       127
       148         3        24       127
       149         3        24       127
       149         3        24       127
       149         3        24       127
       150         3        24       127
       150         3        24       127
       150         3        24       127
       152         3        24       127
       151         4        24       127
       151         3        24       127
       151         3        24       127
       151         3        24       127
       152         3        24       127
       152         3        24       127
       153         3        24       127
       153         3        24       127
       153         3        24       127
       153         3        24       127
       153         3        24       127
       155         4        24       127
       153         3        24       127
       153         4        24       127
