       340       358        18        55
       337       356        18        55
       337       350        18        55
       336       351        18        55
       334       351        18        55
       333       350        18        55
       331       350        18        55
       328       349        18        55
       325       347        18        55
       321       347        18        55
       319       349        18        55
       317       351        18        55
       315       351        18        55
       312       352        18        55
       311       353        18        55
       310       356        18        55
       309       358        18        55
       307       359        18        55
       305       358        18        55
       304       358        18        55
       305       358        18        55
       304       359        18        55
       304       359        18        55
       303       360        18        55
       302       362        18        55
       300       362        18        55
       299       364        18        55
       297       366        18        55
       296       367        18        55
       295       369        18        55
       295       369        18        55
       295       370        18        55
       294       371        18        55
       294       372        18        55
       295       371        18        55
       296       372        18        55
       296       371        18        55
       296       371        18        55
       297       371        18        55
       296       371        18        55
       294       370        18        55
       293       369        18        55
       292       370        18        55
       292       369        18        55
       291       370        18        55
       290       369        18        55
       290       369        18        55
       290       369        18        55
       289       369        18        55
       290       370        18        55
       290       370        18        55
       290       368        18        55
       291       368        18        55
       289       369        18        55
       289       368        18        55
       288       369        18        55
       287       370        18        55
       287       371        18        55
       286       373        18        55
       283       374        18        55
       281       376        18        55
       280       377        18        55
       279       377        18        55
       278       379        18        55
       277       380        18        55
       275       380        18        55
       274       379        18        55
       272       379        18        55
       272       377        18        55
       271       375        18        55
       270       373        18        55
       270       372        18        55
       271       370        18        55
       270       368        18        55
       268       366        18        55
       266       365        18        55
       265       365        18        55
       264       364        18        55
       263       364        18        55
       263       363        18        55
       263       363        18        55
       264       365        18        55
       263       366        18        55
       263       369        18        55
       262       369        18        55
       261       366        18        55
       259       363        18        55
       258       362        18        55
       257       360        18        55
       256       359        18        55
       254       360        18        55
       251       360        18        55
       251       361        18        55
       250       360        18        55
       249       359        18        55
       247       358        18        55
       246       359        18        55
       247       357        18        55
       247       356        18        55
       246       354        18        55
       246       356        18        55
       245       356        18        55
       244       359        18        55
       243       355        18        55
       243       354        18        55
       242       355        18        55
       241       356        18        55
       239       355        18        55
       238       356        18        55
       237       358        18        55
       236       358        18        55
       236       356        18        55
       237       355        18        55
       239       353        18        55
       244       352        18        55
       247       345        18        55
       249       342        18        55
       248       342        18        55
       248       344        18        55
       248       345        18        55
       248       344        18        55
       251       341        18        55
       253       343        18        55
       254       343        18        55
       256       343        18        55
       257       342        18        55
       259       342        18        55
       259       342        18        55
       260       341        18        55
       259       342        18        55
       258       343        18        55
       258       345        18        55
       258       344        18        55
       259       345        18        55
       259       346        18        55
       260       344        18        55
       259       342        18        55
       258       340        18        55
       258       339        18        55
       259       340        18        55
       259       338        18        55
       259       337        18        55
       257       338        18        55
       256       339        18        55
       255       339        18        55
       256       338        18        55
       257       338        18        55
       256       340        18        55
       255       343        18        55
       253       347        18        55
       252       347        18        55
       249       347        18        55
       245       347        18        55
       243       349        18        55
       241       349        18        55
       241       349        18        55
       241       349        18        55
       240       349        18        55
       240       349        18        55
       239       349        18        55
       238       350        18        55
       237       352        18        55
       235       352        18        55
       235       352        18        55
       234       351        18        55
       232       350        18        55
       231       353        18        55
       229       351        18        55
       228       350        18        55
       225       349        18        55
       224       349        18        55
       223       346        18        55
       222       343        18        55
       220       339        18        55
       220       337        18        55
       219       338        18        55
       217       339        18        55
       214       338        18        55
       216       338        18        55
       215       337        18        55
       214       338        18        55
       212       341        18        55
       213       342        18        55
       212       343        18        55
       211       343        18        55
       208       343        18        55
       206       344        18        55
       205       346        18        55
       202       346        18        55
       200       344        18        55
       197       344        18        55
       196       346        18        55
       194       347        18        55
       192       345        18        55
       191       345        18        55
       189       350        18        55
       187       353        18        55
       185       353        18        55
       183       354        18        55
       180       353        18        55
       179       353        18        55
       177       356        18        55
       176       361        18        55
       172       360        18        55
       172       359        18        55
       172       361        18        55
       172       364        18        55
       169       363        18        55
       168       362        18        55
       167       364        18        55
       161       367        18        55
       159       366        18        55
       156       364        18        55
       154       363        18        55
       147       367        18        55
       143       362        18        55
       139       358        18        55
       137       358        18        55
       139       352        18        55
       141       344        18        55
       148       344        18        55
       153       344        18        55
       161       343        18        55
       173       340        18        55
       184       333        18        55
       193       328        18        55
       202       327        18        55
       211       334        18        55
       218       340        18        55
       223       343        18        55
       231       352        18        55
       237       356        18        55
       240       359        18        55
       241       365        18        55
       241       361        18        55
       244       369        18        55
       244       366        18        55
       250       369        18        55
       252       370        18        55
       259       373        18        55
       266       375        18        55
       273       371        18        55
       275       365        18        55
       275       362        18        55
       269       353        18        55
       263       370        18        55
       260       360        18        55
       258       350        18        55
       264       344        18        55
       261       337        18        55
       265       342        18        55
       265       335        18        55
       269       328        18        55
       274       334        18        55
       280       328        18        55
       282       335        18        55
       289       318        18        55
       297       310        18        55
       301       318        18        55
       303       319        18        55
       306       320        18        55
       309       338        18        55
       305       330        18        55
       305       343        18        55
       301       353        18        55
       297       350        18        55
       293       342        18        55
       285       324        18        55
       285       331        18        55
       280       332        18        55
       279       320        18        55
       283       332        18        55
       294       323        18        55
       301       321        18        55
       306       309        18        55
       309       300        18        55
       313       290        18        55
       322       303        18        55
       322       298        18        55
       323       301        18        55
       322       311        18        55
       327       314        18        55
       332       316        18        55
       335       318        18        55
       335       322        18        55
       332       322        18        55
       336       318        18        55
       336       304        18        55
       328       319        18        55
       321       321        18        55
       317       322        18        55
       312       323        18        55
       310       320        18        55
       308       314        18        55
       305       310        18        55
       296       313        18        55
       289       304        18        55
       287       303        18        55
       283       306        18        55
       281       306        18        55
       282       307        18        55
       283       301        18        55
       280       299        18        55
       278       316        18        55
       273       300        18        55
       270       308        18        55
       265       298        18        55
       269       305        18        55
       273       318        18        55
       284       316        18        55
       294       299        18        55
       301       304        18        55
       306       313        18        55
       314       328        18        55
       318       338        18        55
       320       342        18        55
       310       354        18        55
       310       361        18        55
       327       362        18        55
       312       364        18        55
       331       363        18        55
       317       370        18        55
       317       372        18        55
       324       377        18        55
       324       380        18        55
       333       383        18        55
       319       389        18        55
       316       390        18        55
       314       394        18        55
       310       392        18        55
       305       403        18        55
       300       409        18        55
       297       403        18        55
       299       405        18        55
       298       396        18        55
       294       390        18        55
       292       384        18        55
       291       380        18        55
       288       376        18        55
       291       371        18        55
       291       359        18        55
       297       353        18        55
       294       357        18        55
       296       354        18        55
       297       356        18        55
       296       359        18        55
       296       361        18        55
       295       366        18        55
       301       374        18        55
       302       374        18        55
       300       380        18        55
       300       383        18        55
       301       377        18        55
       302       374        18        55
       299       393        18        55
       289       410        18        55
       271       413        18        55
       282       417        18        55
       290       412        18        55
       297       420        18        55
       298       439        18        55
       315       445        18        55
       327       440        18        55
       337       436        18        55
       355       433        18        55
       373       439        18        55
       389       446        18        55
       408       449        18        55
       426       453        18        55
       445       454        18        55
       460       465        18        55
       441       466        18        55
       423       458        18        55
       434       442        18        55
       450       431        18        55
       460       414        18        55
       460       433        18        55
       460       446        18        55
       455       460        18        55
       455       461        18        55
       456       460        18        55
       456       466        18        55
       460       448        18        55
       460       429        18        55
       451       413        18        55
       438       413        18        55
       425       419        18        55
       406       414        18        55
       387       415        18        55
       372       418        18        55
       361       420        18        55
       351       419        18        55
       343       418        18        55
       338       424        18        55
       335       423        18        55
       328       422        18        55
       322       424        18        55
       314       425        18        55
       308       423        18        55
       301       421        18        55
       295       423        18        55
       294       425        18        55
       294       429        18        55
       290       429        18        55
       297       427        18        55
       296       432        18        55
       291       435        18        55
       295       437        18        55
       295       435        18        55
       296       436        18        55
       299       438        18        55
       301       440        18        55
       302       435        18        55
       303       429        18        55
       297       427        18        55
       297       424        18        55
       301       416        18        55
       299       415        18        55
       301       409        18        55
       297       402        18        55
       292       402        18        55
       297       398        18        55
       291       398        18        55
       297       392        18        55
       290       397        18        55
       291       402        18        55
       292       412        18        55
       290       413        18        55
       289       414        18        55
       285       403        18        55
       286       408        18        55
       286       411        18        55
       281       402        18        55
       291       398        18        55
       272       400        18        55
       267       400        18        55
       273       396        18        55
       266       399        18        55
       262       400        18        55
       257       397        18        55
       253       401        18        55
       250       404        18        55
       249       396        18        55
       245       389        18        55
       248       381        18        55
       256       365        18        55
       268       352        18        55
       276       344        18        55
       283       329        18        55
       297       315        18        55
       306       306        18        55
       318       307        18        55
       316       307        18        55
       318       308        18        55
       319       310        18        55
       326       312        18        55
       325       313        18        55
       322       321        18        55
       320       331        18        55
       318       341        18        55
       319       336        18        55
       321       337        18        55
       326       339        18        55
       327       332        18        55
       325       332        18        55
       323       330        18        55
       325       333        18        55
       325       333        18        55
       329       337        18        55
       335       343        18        55
       345       339        18        55
       358       336        18        55
       367       345        18        55
       372       329        18        55
       381       332        18        55
       390       338        18        55
       391       331        18        55
       397       332        18        55
       403       347        18        55
       398       344        18        55
       393       351        18        55
       388       358        18        55
       393       343        18        55
       395       362        18        55
       403       368        18        55
       413       369        18        55
       419       368        18        55
       420       370        18        55
       426       374        18        55
       434       373        18        55
       433       370        18        55
       433       365        18        55
       422       368        18        55
       403       372        18        55
       384       378        18        55
       367       383        18        55
       348       386        18        55
       334       372        18        55
       318       377        18        55
       301       384        18        55
       288       391        18        55
       286       393        18        55
       288       377        18        55
       288       392        18        55
       273       403        18        55
       282       390        18        55
       272       402        18        55
       277       418        18        55
       289       406        18        55
       291       390        18        55
       285       379        18        55
       273       368        18        55
       258       355        18        55
       239       354        18        55
       233       337        18        55
       233       327        18        55
       243       330        18        55
       246       320        18        55
       251       317        18        55
       266       313        18        55
       284       308        18        55
       300       304        18        55
       310       303        18        55
       319       290        18        55
       333       302        18        55
       336       299        18        55
       344       313        18        55
       347       322        18        55
       340       328        18        55
       332       326        18        55
       333       332        18        55
       335       317        18        55
       330       325        18        55
       331       326        18        55
       337       316        18        55
       350       305        18        55
       366       307        18        55
       378       314        18        55
       383       302        18        55
       393       302        18        55
       397       318        18        55
       416       319        18        55
       429       306        18        55
       448       307        18        55
       460       295        18        55
       460       309        18        55
       460       315        18        55
       460       322        18        55
       460       319        18        55
       460       322        18        55
       460       324        18        55
       458       331        18        55
       452       335        18        55
       452       339        18        55
       447       345        18        55
       439       340        18        55
       424       347        18        55
       406       355        18        55
       395       354        18        55
       383       367        18        55
       364       369        18        55
       349       364        18        55
       353       366        18        55
       334       368        18        55
       329       374        18        55
       323       378        18        55
       316       382        18        55
       321       372        18        55
       323       377        18        55
       319       364        18        55
       316       364        18        55
       323       356        18        55
       324       346        18        55
       323       339        18        55
       318       343        18        55
       316       345        18        55
       309       350        18        55
       299       346        18        55
       288       345        18        55
       286       348        18        55
       275       347        18        55
       266       348        18        55
       256       353        18        55
       246       336        18        55
       235       341        18        55
       222       351        18        55
       206       341        18        55
       198       335        18        55
       194       337        18        55
       180       339        18        55
       174       338        18        55
       165       339        18        55
       157       343        18        55
       149       337        18        55
       145       336        18        55
       134       343        18        55
       130       329        18        55
       119       331        18        55
       120       323        18        55
       118       329        18        55
       117       324        18        55
       121       328        18        55
       119       335        18        55
       123       342        18        55
       120       347        18        55
       129       341        18        55
       133       344        18        55
       138       352        18        55
       145       345        18        55
       156       346        18        55
       158       345        18        55
       163       338        18        55
       168       338        18        55
       172       338        18        55
       178       334        18        55
       176       334        18        55
       178       326        18        55
       181       324        18        55
       179       319        18        55
       183       318        18        55
       185       320        18        55
       191       325        18        55
       193       322        18        55
       195       325        18        55
       193       334        18        55
       196       333        18        55
       202       339        18        55
       203       336        18        55
       204       333        18        55
       208       334        18        55
       214       333        18        55
       213       332        18        55
       215       332        18        55
       221       331        18        55
       222       342        18        55
       220       343        18        55
       221       341        18        55
       225       342        18        55
       224       344        18        55
       225       352        18        55
       222       348        18        55
       223       350        18        55
       224       363        18        55
       224       356        18        55
       226       355        18        55
       227       350        18        55
       233       355        18        55
       237       349        18        55
       243       333        18        55
       246       326        18        55
       252       326        18        55
       259       336        18        55
       259       328        18        55
       261       327        18        55
       263       331        18        55
       262       328        18        55
       262       333        18        55
       259       340        18        55
       257       333        18        55
       257       333        18        55
       255       336        18        55
       253       330        18        55
       250       323        18        55
       247       324        18        55
       243       327        18        55
       246       327        18        55
       247       324        18        55
       249       327        18        55
       258       331        18        55
       263       335        18        55
       267       342        18        55
       278       340        18        55
       287       329        18        55
       296       328        18        55
       305       326        18        55
       316       323        18        55
       322       317        18        55
       328       310        18        55
       336       323        18        55
       337       315        18        55
       339       314        18        55
       344       309        18        55
       347       306        18        55
       343       314        18        55
       339       314        18        55
       334       314        18        55
       330       313        18        55
       322       315        18        55
       313       306        18        55
       310       301        18        55
       299       308        18        55
       291       311        18        55
       290       303        18        55
       273       303        18        55
       285       315        18        55
       281       323        18        55
       270       308        18        55
       268       313        18        55
       268       314        18        55
       272       314        18        55
       271       318        18        55
       271       324        18        55
       272       328        18        55
       273       332        18        55
       273       332        18        55
       268       338        18        55
       270       340        18        55
       271       334        18        55
       269       334        18        55
       276       337        18        55
       276       329        18        55
       270       324        18        55
       273       323        18        55
       272       314        18        55
       277       312        18        55
       275       312        18        55
       279       311        18        55
       279       309        18        55
       279       304        18        55
       283       301        18        55
       285       305        18        55
       280       309        18        55
       279       307        18        55
       282       300        18        55
       287       295        18        55
       290       296        18        55
       290       300        18        55
       290       296        18        55
       290       288        18        55
       297       284        18        55
       298       274        18        55
       296       287        18        55
       298       287        18        55
       297       288        18        55
       305       290        18        55
       302       286        18        55
       289       287        18        55
       273       298        18        55
       260       310        18        55
       257       302        18        55
       243       310        18        55
       232       307        18        55
       220       302        18        55
       220       307        18        55
       209       306        18        55
       201       303        18        55
       192       313        18        55
       182       310        18        55
       172       314        18        55
       173       299        18        55
       176       296        18        55
       177       293        18        55
       174       292        18        55
       176       284        18        55
       175       281        18        55
       177       278        18        55
       179       275        18        55
       180       273        18        55
       177       264        18        55
       183       268        18        55
       182       265        18        55
       189       273        18        55
       186       277        18        55
       187       284        18        55
       187       283        18        55
       186       286        18        55
       184       280        18        55
       181       279        18        55
       181       294        18        55
       178       288        18        55
       176       293        18        55
       180       307        18        55
       183       314        18        55
       177       322        18        55
       179       329        18        55
       182       326        18        55
       188       326        18        55
       187       326        18        55
       187       320        18        55
       190       318        18        55
       194       318        18        55
       193       312        18        55
       198       310        18        55
       209       305        18        55
       206       308        18        55
       207       306        18        55
       212       296        18        55
       213       294        18        55
       215       292        18        55
       215       285        18        55
       205       288        18        55
       219       274        18        55
