       326       414        15        42
       326       420        15        42
       325       419        15        42
       325       419        15        42
       324       419        15        42
       324       418        15        42
       323       419        15        42
       321       420        15        42
       319       421        15        42
       318       420        15        42
       318       419        15        42
       316       420        15        42
       314       420        15        42
       314       421        15        42
       316       420        15        42
       316       420        15        42
       316       421        15        42
       317       421        15        42
       318       421        15        42
       318       421        15        42
       318       421        15        42
       316       422        15        42
       318       420        15        42
       319       420        15        42
       319       421        15        42
       319       421        15        42
       319       423        15        42
       323       427        15        42
       324       430        15        42
       322       432        15        42
       321       430        15        42
       320       430        15        42
       320       432        15        42
       320       427        15        42
       319       425        15        42
       317       428        15        42
       314       430        15        42
       313       432        15        42
       312       435        15        42
       312       435        15        42
       311       439        15        42
       310       440        15        42
       307       441        15        42
       306       437        15        42
       306       434        15        42
       305       429        15        42
       301       426        15        42
       298       420        15        42
       298       422        15        42
       296       422        15        42
       296       423        15        42
       298       427        15        42
       298       426        15        42
       297       427        15        42
       296       425        15        42
       296       425        15        42
       294       427        15        42
       291       426        15        42
       289       425        15        42
       290       422        15        42
       289       422        15        42
       284       420        15        42
       285       417        15        42
       284       416        15        42
       284       417        15        42
       282       420        15        42
       283       421        15        42
       285       423        15        42
       286       423        15        42
       287       423        15        42
       287       421        15        42
       287       423        15        42
       287       421        15        42
       286       422        15        42
       285       419        15        42
       286       415        15        42
       284       417        15        42
       284       415        15        42
       282       410        15        42
       281       407        15        42
       280       403        15        42
       279       399        15        42
       279       394        15        42
       280       391        15        42
       277       387        15        42
       278       384        15        42
       276       384        15        42
       276       383        15        42
       276       380        15        42
       276       377        15        42
       275       377        15        42
       275       376        15        42
       278       376        15        42
       278       376        15        42
       278       376        15        42
       277       379        15        42
       277       380        15        42
       277       381        15        42
       277       384        15        42
       277       386        15        42
       278       385        15        42
       278       385        15        42
       275       386        15        42
       276       384        15        42
       275       389        15        42
       273       389        15        42
       272       385        15        42
       268       385        15        42
       266       385        15        42
       264       385        15        42
       262       383        15        42
       262       385        15        42
       262       386        15        42
       262       386        15        42
       261       387        15        42
       261       386        15        42
       261       390        15        42
       260       388        15        42
       260       387        15        42
       259       388        15        42
       258       387        15        42
       258       387        15        42
       257       388        15        42
       257       389        15        42
       257       390        15        42
       258       393        15        42
       259       395        15        42
       260       397        15        42
       260       398        15        42
       260       399        15        42
       261       400        15        42
       261       400        15        42
       262       400        15        42
       261       401        15        42
       262       400        15        42
       262       401        15        42
       262       398        15        42
       262       402        15        42
       261       398        15        42
       261       398        15        42
       260       398        15        42
       259       400        15        42
       259       400        15        42
       259       398        15        42
       258       400        15        42
       258       399        15        42
       258       398        15        42
       257       395        15        42
       255       394        15        42
       254       393        15        42
       251       393        15        42
       249       390        15        42
       248       389        15        42
       245       388        15        42
       242       384        15        42
       239       380        15        42
       237       379        15        42
       235       381        15        42
       235       387        15        42
       234       390        15        42
       233       391        15        42
       236       396        15        42
       243       401        15        42
       250       404        15        42
       258       402        15        42
       267       400        15        42
       275       402        15        42
       279       403        15        42
       278       397        15        42
       276       391        15        42
       277       385        15        42
       276       383        15        42
       294       375        15        42
       291       381        15        42
       280       384        15        42
       269       382        15        42
       263       377        15        42
       260       371        15        42
       255       368        15        42
       249       368        15        42
       244       371        15        42
       240       374        15        42
       234       374        15        42
       229       375        15        42
       225       377        15        42
       224       380        15        42
       224       380        15        42
       215       379        15        42
       212       380        15        42
       209       381        15        42
       209       384        15        42
       206       385        15        42
       208       383        15        42
       210       383        15        42
       214       383        15        42
       209       383        15        42
       215       383        15        42
       215       380        15        42
       221       376        15        42
       222       372        15        42
       224       370        15        42
       226       369        15        42
       227       370        15        42
       234       373        15        42
       230       375        15        42
       238       376        15        42
       235       375        15        42
       235       373        15        42
       234       373        15        42
       229       372        15        42
       224       375        15        42
       226       377        15        42
       222       379        15        42
       220       380        15        42
       220       381        15        42
       217       381        15        42
       219       382        15        42
       221       383        15        42
       217       381        15        42
       220       381        15        42
       222       382        15        42
       223       379        15        42
       223       378        15        42
       224       379        15        42
       225       379        15        42
       226       378        15        42
       222       372        15        42
       222       374        15        42
       224       375        15        42
       220       374        15        42
       218       377        15        42
       223       380        15        42
       224       387        15        42
       219       388        15        42
       212       382        15        42
       215       392        15        42
       210       388        15        42
       209       392        15        42
       205       391        15        42
       207       388        15        42
       201       374        15        42
       200       373        15        42
       202       375        15        42
       197       369        15        42
       203       379        15        42
       197       366        15        42
       197       375        15        42
       196       360        15        42
       193       363        15        42
       195       359        15        42
       196       365        15        42
       197       367        15        42
       205       379        15        42
       196       362        15        42
       204       375        15        42
       197       361        15        42
       204       372        15        42
       188       372        15        42
       192       358        15        42
       189       358        15        42
       186       365        15        42
       188       374        15        42
       177       364        15        42
       168       371        15        42
       173       356        15        42
       154       352        15        42
       158       369        15        42
       153       372        15        42
       155       353        15        42
       154       348        15        42
       151       352        15        42
       150       346        15        42
       144       335        15        42
       142       335        15        42
       136       347        15        42
       136       328        15        42
       133       345        15        42
       127       331        15        42
       132       315        15        42
       132       314        15        42
       121       307        15        42
       139       307        15        42
       122       306        15        42
       132       311        15        42
       114       307        15        42
       128       314        15        42
       130       318        15        42
       118       315        15        42
       103       309        15        42
        99       317        15        42
        92       307        15        42
        75       311        15        42
        81       308        15        42
        69       316        15        42
        64       314        15        42
        63       315        15        42
        65       316        15        42
        64       318        15        42
        49       316        15        42
        66       317        15        42
        70       316        15        42
        79       332        15        42
        76       313        15        42
        79       314        15        42
        82       324        15        42
        82       325        15        42
        80       333        15        42
        80       331        15        42
        78       319        15        42
        81       318        15        42
        79       319        15        42
        78       313        15        42
        74       307        15        42
        68       304        15        42
        61       290        15        42
        65       296        15        42
        60       282        15        42
        68       282        15        42
        62       284        15        42
        70       287        15        42
        89       288        15        42
        98       286        15        42
       107       291        15        42
       110       296        15        42
       116       299        15        42
       121       300        15        42
       126       297        15        42
       131       293        15        42
       132       288        15        42
       135       283        15        42
       134       279        15        42
       137       278        15        42
       138       274        15        42
       139       270        15        42
       138       271        15        42
       123       266        15        42
       139       271        15        42
       138       266        15        42
       134       268        15        42
       132       259        15        42
       128       261        15        42
       127       264        15        42
       129       257        15        42
       131       253        15        42
       135       253        15        42
       132       251        15        42
       129       251        15        42
       127       252        15        42
       124       246        15        42
       124       241        15        42
       124       228        15        42
       118       228        15        42
       119       227        15        42
       118       231        15        42
       117       216        15        42
       120       207        15        42
       121       202        15        42
       125       200        15        42
       123       201        15        42
       121       193        15        42
       120       192        15        42
       121       193        15        42
       123       187        15        42
       123       202        15        42
       124       203        15        42
       122       204        15        42
       104       202        15        42
       118       213        15        42
       114       215        15        42
       109       212        15        42
       104       208        15        42
       100       202        15        42
        96       186        15        42
       101       202        15        42
        96       191        15        42
        92       185        15        42
        93       185        15        42
        86       176        15        42
        84       160        15        42
        86       155        15        42
        81       151        15        42
        75       149        15        42
        77       153        15        42
        71       144        15        42
        61       141        15        42
        58       132        15        42
        55       125        15        42
        48       123        15        42
        39       119        15        42
        39       116        15        42
        34       104        15        42
        25        91        15        42
        25       102        15        42
        18        91        15        42
        10        75        15        42
        12        71        15        42
        11        90        15        42
        14        96        15        42
         6        78        15        42
        11        97        15        42
         8        88        15        42
        14       105        15        42
        11        93        15        42
         8        97        15        42
         1        88        15        42
         1        94        15        42
         7       111        15        42
         1       110        15        42
         2        98        15        42
         1        86        15        42
         4        89        15        42
         1        83        15        42
        11        76        15        42
        12        75        15        42
        12        81        15        42
        14        86        15        42
        13        83        15        42
        13        82        15        42
         2        79        15        42
        17        76        15        42
        13        73        15        42
        14        71        15        42
        13        69        15        42
        18        72        15        42
         4        80        15        42
        23        85        15        42
        25       100        15        42
        29        97        15        42
        30        90        15        42
        31        93        15        42
        31        87        15        42
        12        86        15        42
        10        82        15        42
        15        66        15        42
         9        61        15        42
        18        57        15        42
        22        58        15        42
        12        62        15        42
        19        64        15        42
        20        68        15        42
        24        78        15        42
        43        84        15        42
        30        69        15        42
        43        54        15        42
        53        57        15        42
        58        52        15        42
        59        64        15        42
        60        68        15        42
        66        71        15        42
        62        85        15        42
        65        89        15        42
        64        89        15        42
        64        88        15        42
        68        74        15        42
        67        76        15        42
        66        80        15        42
        66        75        15        42
        64        78        15        42
        68        88        15        42
        73        92        15        42
        75        93        15        42
        78        94        15        42
        78        96        15        42
        87        95        15        42
        86        99        15        42
        89       104        15        42
        91       110        15        42
        93       109        15        42
        98       113        15        42
       100       110        15        42
       107       120        15        42
       113       121        15        42
       112       120        15        42
       114       139        15        42
       119       138        15        42
       125       131        15        42
       132       137        15        42
       139       152        15        42
       140       151        15        42
       142       164        15        42
       149       168        15        42
       146       161        15        42
       149       164        15        42
       146       161        15        42
       146       158        15        42
       149       162        15        42
       148       161        15        42
       149       159        15        42
       152       163        15        42
       149       160        15        42
       152       165        15        42
       150       164        15        42
       153       171        15        42
       151       160        15        42
       149       156        15        42
       152       158        15        42
       151       149        15        42
       148       139        15        42
       151       129        15        42
       153       129        15        42
       151       126        15        42
       170       126        15        42
       171       126        15        42
       172       124        15        42
       155       118        15        42
       155       122        15        42
       156       119        15        42
       174       116        15        42
       157       114        15        42
       174       116        15        42
       157       114        15        42
       174       116        15        42
       172       116        15        42
       171       117        15        42
       169       119        15        42
       166       123        15        42
       163       127        15        42
       157       126        15        42
       151       130        15        42
       147       130        15        42
       144       133        15        42
       140       135        15        42
       138       134        15        42
       136       136        15        42
       133       136        15        42
       131       135        15        42
       131       135        15        42
       131       132        15        42
       131       130        15        42
       131       131        15        42
       130       127        15        42
       129       126        15        42
       129       125        15        42
       130       124        15        42
       130       120        15        42
       131       120        15        42
       131       121        15        42
       131       118        15        42
       132       116        15        42
       132       116        15        42
       131       118        15        42
       132       115        15        42
       131       111        15        42
       131       111        15        42
       131       110        15        42
       132       105        15        42
       133       104        15        42
       136       101        15        42
       137       100        15        42
       137        98        15        42
       134        96        15        42
       128        93        15        42
       126        89        15        42
       131        84        15        42
       139        77        15        42
       141        74        15        42
       139        73        15        42
       137        74        15        42
       140        72        15        42
       137        75        15        42
       135        73        15        42
       134        70        15        42
       133        59        15        42
       136        57        15        42
       138        56        15        42
       140        50        15        42
       140        45        15        42
       142        44        15        42
       144        38        15        42
       146        37        15        42
       148        34        15        42
       147        33        15        42
       147        30        15        42
       147        22        15        42
       149        19        15        42
       151        17        15        42
       152        16        15        42
       151        15        15        42
       150        16        15        42
       149        16        15        42
       149        14        15        42
       146        14        15        42
       142        12        15        42
       137        11        15        42
       132         4        15        42
       128         3        15        42
       124         1        15        42
       121         1        15        42
       120         1        15        42
       120         1        15        42
       120         1        15        42
       121         1        15        42
       122         1        15        42
       105         1        15        42
       124         1        15        42
       128         1        15        42
       129         1        15        42
       130         1        15        42
       128         1        15        42
       128         1        15        42
       127         1        15        42
       127         1        15        42
       127         1        15        42
       127         1        15        42
       124         1        15        42
       124         2        15        42
       125         2        15        42
       127         1        15        42
       127         1        15        42
       127         1        15        42
       128         1        15        42
       128         1        15        42
       131         1        15        42
       134         1        15        42
       132         1        15        42
       129         1        15        42
       129         1        15        42
       136         1        15        42
       136         1        15        42
       134         1        15        42
       133         1        15        42
       133         1        15        42
       133         1        15        42
       126         1        15        42
       124         1        15        42
       124         1        15        42
       124         1        15        42
       123         1        15        42
       126         1        15        42
       129         1        15        42
       145         1        15        42
       164         5        15        42
       161         1        15        42
       160         1        15        42
       160         1        15        42
       160         1        15        42
       168         1        15        42
       165         1        15        42
       179         1        15        42
       198         1        15        42
       217         1        15        42
       236         1        15        42
       254         9        15        42
       259        13        15        42
       259        10        15        42
       259         8        15        42
       258         8        15        42
       259         5        15        42
       258         4        15        42
       259         1        15        42
       259         1        15        42
       253        11        15        42
       257         3        15        42
       257         1        15        42
       256         1        15        42
       255         1        15        42
       256         1        15        42
       255         1        15        42
       252         1        15        42
       251         1        15        42
       251         1        15        42
       252         1        15        42
       252         1        15        42
       245        19        15        42
       245        29        15        42
       245        28        15        42
       244        25        15        42
       245        18        15        42
       245        11        15        42
       245         7        15        42
       244         1        15        42
       237         1        15        42
       234         1        15        42
       236         1        15        42
       224         8        15        42
       209         1        15        42
       220         1        15        42
       226         1        15        42
       239         1        15        42
       250         1        15        42
       253         1        15        42
       239         1        15        42
       239         1        15        42
       242         1        15        42
       249         1        15        42
       239         1        15        42
       245         1        15        42
       230        14        15        42
       219        16        15        42
       222        14        15        42
       228        13        15        42
       223         8        15        42
       238        11        15        42
       231         6        15        42
       224         1        15        42
       231         1        15        42
       237         2        15        42
       249         6        15        42
       250         2        15        42
       253         1        15        42
       257         1        15        42
       270         1        15        42
       281         1        15        42
       288         1        15        42
       291         1        15        42
       294         1        15        42
       286        19        15        42
       277        28        15        42
       271        47        15        42
       264        56        15        42
       254        49        15        42
       241        48        15        42
       235        47        15        42
