        93       113        34       109
        96       104        34       109
        97       102        34       109
       103       102        34       109
       105       101        34       109
       102       101        34       109
       105        98        34       109
       104       101        34       109
       100       104        34       109
       102       107        34       109
       106       107        34       109
       115       113        34       109
       123       108        34       109
       125        89        34       109
       130        82        34       109
       131        79        34       109
       126        78        34       109
       114        68        34       109
       115        71        34       109
       111        79        34       109
       105        89        34       109
        99        95        34       109
        88        97        34       109
        95       104        34       109
        93        98        34       109
        92        89        34       109
        93        86        34       109
        93        83        34       109
        93        77        34       109
        96        79        34       109
       101        89        34       109
       103        96        34       109
       108       103        34       109
       115       105        34       109
       115       103        34       109
       112        93        34       109
       114        86        34       109
       109        77        34       109
       103        72        34       109
       102        70        34       109
        99        69        34       109
        98        76        34       109
        94        91        34       109
        85       107        34       109
        80       116        34       109
        80       116        34       109
        81       108        34       109
        82        96        34       109
        84        88        34       109
        87        82        34       109
        88        78        34       109
        92        75        34       109
        96        76        34       109
        97        84        34       109
       100        96        34       109
       105       104        34       109
       106       104        34       109
       111       101        34       109
       117        93        34       109
       115        89        34       109
       109        84        34       109
       101        78        34       109
       100        75        34       109
        98        74        34       109
        91        79        34       109
        85        86        34       109
        75        96        34       109
        74       104        34       109
        71       105        34       109
        69       102        34       109
        67        97        34       109
        72        95        34       109
        83        90        34       109
        86        83        34       109
        88        80        34       109
        94        77        34       109
       100        80        34       109
       105        90        34       109
       118       104        34       109
       126       110        34       109
       138       107        34       109
       148        96        34       109
       157        93        34       109
       154        93        34       109
       141        91        34       109
       136        87        34       109
       130        79        34       109
       123        81        34       109
       114        91        34       109
       107       104        34       109
       101       117        34       109
       103       123        34       109
       108       129        34       109
       109       129        34       109
       109       120        34       109
       108       112        34       109
       107       108        34       109
       107       106        34       109
       108       101        34       109
       112        97        34       109
       114        98        34       109
       114       102        34       109
       124       113        34       109
       127       117        34       109
       128       124        34       109
       131       113        34       109
       138        95        34       109
       143        84        34       109
       142        82        34       109
       137        77        34       109
       135        71        34       109
       132        75        34       109
       124        88        34       109
       108        93        34       109
       103        93        34       109
        99        96        34       109
        85        92        34       109
        78        84        34       109
        80        75        34       109
        86        69        34       109
        90        68        34       109
        98        74        34       109
       105        86        34       109
       110       103        34       109
       114       118        34       109
       117       120        34       109
       119       115        34       109
       127       110        34       109
       128       106        34       109
       123       103        34       109
       116       103        34       109
       105       107        34       109
        98       112        34       109
        79       118        34       109
        68       129        34       109
        63       129        34       109
        60       117        34       109
        61       113        34       109
        72       105        34       109
        80       100        34       109
        90       100        34       109
       100       105        34       109
       103       116        34       109
       112       126        34       109
       126       129        34       109
       121       129        34       109
       125       117        34       109
       128       107        34       109
       123       103        34       109
       120       103        34       109
       116       105        34       109
       111       111        34       109
       103       122        34       109
        90       128        34       109
        91       129        34       109
        92       129        34       109
        95       125        34       109
       102       120        34       109
       111       113        34       109
       117       108        34       109
       119       107        34       109
       118       108        34       109
       118       115        34       109
       115       122        34       109
       119       128        34       109
       119       125        34       109
       121       119        34       109
       126       112        34       109
       123       109        34       109
       119       105        34       109
       117       101        34       109
       111       101        34       109
       108       105        34       109
        97       117        34       109
        88       129        34       109
        84       129        34       109
        81       127        34       109
        80       119        34       109
        80       116        34       109
        82       111        34       109
        80       109        34       109
        81       113        34       109
        85       119        34       109
        91       126        34       109
        94       126        34       109
        96       123        34       109
       100       109        34       109
       103       102        34       109
        97       100        34       109
        90       101        34       109
        87       102        34       109
        80       105        34       109
        66       117        34       109
        49       127        34       109
        39       129        34       109
        38       129        34       109
        36       120        34       109
        42       119        34       109
        49       114        34       109
        57       108        34       109
        62       111        34       109
        68       114        34       109
        76       118        34       109
        86       119        34       109
        97       121        34       109
       105       111        34       109
       116        97        34       109
       118        94        34       109
       117        89        34       109
       118        87        34       109
       116        88        34       109
       109        96        34       109
        98       107        34       109
        91       112        34       109
        93       118        34       109
        91       110        34       109
        91       104        34       109
        95       101        34       109
        96       100        34       109
        95       100        34       109
        97       105        34       109
        99       110        34       109
       103       116        34       109
       108       120        34       109
       113       121        34       109
       124       108        34       109
       134       101        34       109
       132        95        34       109
       130        89        34       109
       124        90        34       109
       121        95        34       109
       113       111        34       109
        99       121        34       109
        96       126        34       109
        91       119        34       109
        87       112        34       109
        87       110        34       109
        93       106        34       109
       101       103        34       109
       105       110        34       109
       114       123        34       109
       123       129        34       109
       130       129        34       109
       132       129        34       109
       138       129        34       109
       142       118        34       109
       138       110        34       109
       135       110        34       109
       132       113        34       109
       125       120        34       109
       117       129        34       109
       103       129        34       109
       100       129        34       109
        95       126        34       109
        86       115        34       109
        85       111        34       109
        89       105        34       109
        94       104        34       109
        99       112        34       109
       103       118        34       109
       108       129        34       109
       114       129        34       109
       123       123        34       109
       128       109        34       109
       128       101        34       109
       125        99        34       109
       121       100        34       109
       116       107        34       109
       108       117        34       109
       103       127        34       109
        92       129        34       109
        92       129        34       109
        84       123        34       109
        76       117        34       109
        75       116        34       109
        79       112        34       109
        83       111        34       109
        86       115        34       109
        96       126        34       109
       101       129        34       109
       104       128        34       109
       112       126        34       109
       115       120        34       109
       122       109        34       109
       124       104        34       109
       120       103        34       109
       117       109        34       109
       113       119        34       109
       110       126        34       109
        96       129        34       109
       106       112        34       109
       101       111        34       109
        95       100        34       109
        91        96        34       109
        93        94        34       109
        96        88        34       109
       103        86        34       109
       111        89        34       109
       119        91        34       109
       126        90        34       109
       127        88        34       109
       132        86        34       109
       137        72        34       109
       139        59        34       109
       135        54        34       109
