       110       111        37       116
       114       112        37       116
       115       113        37       116
       115       114        37       116
       115       113        37       116
       115       113        37       116
       114       113        37       116
       114       114        37       116
       114       113        37       116
       115       112        37       116
       115       113        37       116
       117       114        37       116
       119       112        37       116
       121       113        37       116
       122       112        37       116
       124       114        37       116
       124       115        37       116
       123       115        37       116
       121       114        37       116
       117       110        37       116
       112       109        37       116
       110       110        37       116
       107       108        37       116
       105       110        37       116
       103       112        37       116
       102       110        37       116
       101       109        37       116
       101       108        37       116
        99       106        37       116
        98       103        37       116
        96        99        37       116
        95        98        37       116
        94        96        37       116
        92        94        37       116
        92        90        37       116
        94        89        37       116
        94        89        37       116
        93        82        37       116
        91        79        37       116
        90        80        37       116
        82        80        37       116
        73        79        37       116
        69        78        37       116
        69        78        37       116
        69        83        37       116
        68        88        37       116
        55        88        37       116
        66        84        37       116
        65        72        37       116
        66        59        37       116
        66        56        37       116
        69        57        37       116
        77        66        37       116
        79        85        37       116
        89       100        37       116
        99       109        37       116
        99       107        37       116
       107        95        37       116
       118        79        37       116
       127        72        37       116
       126        79        37       116
       124        95        37       116
       125       104        37       116
       114       118        37       116
        95       122        37       116
        98       106        37       116
        90        88        37       116
        86        84        37       116
        86        85        37       116
        81        93        37       116
        85       103        37       116
        99       109        37       116
       103        99        37       116
       116        84        37       116
       127        72        37       116
       134        63        37       116
       131        64        37       116
       128        74        37       116
       124        92        37       116
       116        98        37       116
       119        79        37       116
       121        64        37       116
       110        54        37       116
       113        59        37       116
       117        69        37       116
       117        73        37       116
       134        82        37       116
       145        82        37       116
       148        73        37       116
       159        62        37       116
       166        62        37       116
       166        63        37       116
       165        70        37       116
       168        84        37       116
       164        91        37       116
       151        85        37       116
       153        75        37       116
       148        70        37       116
       146        71        37       116
       142        74        37       116
       142        76        37       116
       146        79        37       116
       151        87        37       116
       149        90        37       116
       145        87        37       116
       144        73        37       116
       147        71        37       116
       145        73        37       116
       143        75        37       116
       146        83        37       116
       136        86        37       116
       120        75        37       116
       126        58        37       116
       111        45        37       116
        98        41        37       116
        94        43        37       116
        92        53        37       116
       103        63        37       116
        97        81        37       116
       109        81        37       116
       121        74        37       116
       112        62        37       116
       131        68        37       116
       132        78        37       116
       137        91        37       116
       133       100        37       116
       127       103        37       116
       117        86        37       116
       111        68        37       116
       100        57        37       116
        93        60        37       116
        89        60        37       116
        86        60        37       116
        89        66        37       116
        95        76        37       116
        99        74        37       116
       105        58        37       116
       107        45        37       116
       121        33        37       116
       120        29        37       116
       119        34        37       116
       118        46        37       116
       101        56        37       116
        85        56        37       116
        82        48        37       116
        81        36        37       116
        77        30        37       116
        87        34        37       116
        91        42        37       116
        95        44        37       116
       106        55        37       116
       112        59        37       116
       116        59        37       116
       125        44        37       116
       130        37        37       116
       127        36        37       116
       121        43        37       116
       117        55        37       116
       105        66        37       116
        86        70        37       116
        85        55        37       116
        77        47        37       116
        75        40        37       116
        88        40        37       116
        94        48        37       116
       112        55        37       116
       119        60        37       116
       128        65        37       116
       137        51        37       116
       147        34        37       116
       158        31        37       116
       149        37        37       116
       146        42        37       116
       143        53        37       116
       124        53        37       116
       115        58        37       116
       100        45        37       116
        85        38        37       116
        86        39        37       116
        85        46        37       116
        91        54        37       116
       103        63        37       116
       122        69        37       116
       132        60        37       116
       140        51        37       116
       154        42        37       116
       152        45        37       116
       144        50        37       116
       140        58        37       116
       128        67        37       116
       110        69        37       116
        96        66        37       116
        83        51        37       116
        68        39        37       116
        68        40        37       116
        71        41        37       116
        77        44        37       116
        87        51        37       116
        98        47        37       116
       111        33        37       116
       123        20        37       116
       130        18        37       116
       130        18        37       116
       126        21        37       116
       119        34        37       116
       104        47        37       116
        85        53        37       116
        76        58        37       116
        61        48        37       116
        46        47        37       116
        52        50        37       116
        52        53        37       116
        66        55        37       116
        71        57        37       116
        76        53        37       116
        91        40        37       116
       101        23        37       116
       120        17        37       116
       122        22        37       116
       123        31        37       116
       114        45        37       116
        95        43        37       116
        79        46        37       116
        62        36        37       116
        51        31        37       116
        41        32        37       116
        41        37        37       116
        45        45        37       116
        63        50        37       116
        76        46        37       116
        82        43        37       116
        99        33        37       116
       116        24        37       116
       128        21        37       116
       121        34        37       116
       110        49        37       116
        98        58        37       116
        79        63        37       116
        69        61        37       116
        59        49        37       116
        57        43        37       116
        65        40        37       116
        71        41        37       116
        79        44        37       116
        97        46        37       116
        97        39        37       116
       102        36        37       116
       113        24        37       116
       118        18        37       116
       121        15        37       116
