       264       311        37        69
       267       312        37        69
       268       311        37        69
       269       309        37        69
       270       307        37        69
       271       307        37        69
       273       306        37        69
       274       295        37        69
       273       293        37        69
       275       292        37        69
       275       292        37        69
       274       293        37        69
       275       292        37        69
       275       290        37        69
       276       289        37        69
       276       289        37        69
       274       288        37        69
       273       288        37        69
       272       287        37        69
       272       288        37        69
       269       289        37        69
       270       289        37        69
       274       286        37        69
       264       294        37        69
       258       292        37        69
       255       292        37        69
       255       293        37        69
       255       292        37        69
       255       290        37        69
       256       291        37        69
       255       291        37        69
       255       291        37        69
       255       291        37        69
       259       290        37        69
       265       288        37        69
       271       286        37        69
       277       279        37        69
       283       279        37        69
       289       279        37        69
       298       277        37        69
       307       278        37        69
       313       281        37        69
       320       281        37        69
       329       281        37        69
       336       283        37        69
       343       284        37        69
       353       284        37        69
       362       284        37        69
       371       285        37        69
       381       286        37        69
       390       287        37        69
       399       288        37        69
       408       290        37        69
       417       290        37        69
       427       290        37        69
       436       291        37        69
       441       290        37        69
       423       282        37        69
       405       274        37        69
       396       266        37        69
       389       273        37        69
       384       277        37        69
       384       278        37        69
       400       268        37        69
       394       276        37        69
       396       273        37        69
       389       282        37        69
       404       271        37        69
       419       258        37        69
       421       257        37        69
       427       254        37        69
       419       260        37        69
       435       249        37        69
       441       246        37        69
       440       247        37        69
       440       248        37        69
       440       251        37        69
       441       251        37        69
       441       253        37        69
       441       256        37        69
       437       265        37        69
       441       260        37        69
       441       261        37        69
       441       267        37        69
       441       270        37        69
       437       277        37        69
       428       286        37        69
       436       284        37        69
       441       275        37        69
       438       283        37        69
       426       292        37        69
       437       291        37        69
       433       295        37        69
       441       294        37        69
       437       297        37        69
       440       299        37        69
       441       302        37        69
       441       304        37        69
       441       305        37        69
       441       306        37        69
       441       309        37        69
       441       311        37        69
       441       312        37        69
       441       313        37        69
       441       314        37        69
       441       314        37        69
       441       314        37        69
       441       314        37        69
       441       315        37        69
       441       315        37        69
       441       316        37        69
       441       317        37        69
       441       319        37        69
       441       320        37        69
       441       323        37        69
       441       325        37        69
       441       328        37        69
       441       329        37        69
       441       329        37        69
       441       330        37        69
       441       331        37        69
       441       333        37        69
       441       335        37        69
       441       335        37        69
       441       336        37        69
       441       336        37        69
       441       336        37        69
       441       336        37        69
       441       339        37        69
       441       341        37        69
       441       340        37        69
       441       340        37        69
       441       343        37        69
       441       349        37        69
       441       352        37        69
       437       371        37        69
       441       389        37        69
       441       391        37        69
       441       392        37        69
       441       393        37        69
       441       394        37        69
       441       392        37        69
       441       394        37        69
       441       394        37        69
       441       394        37        69
       441       394        37        69
       437       396        37        69
       440       394        37        69
       441       395        37        69
       441       394        37        69
       441       396        37        69
       441       397        37        69
       441       398        37        69
       441       398        37        69
       441       399        37        69
       441       400        37        69
       441       401        37        69
       441       402        37        69
       441       403        37        69
       441       403        37        69
       441       404        37        69
       441       405        37        69
       441       405        37        69
       441       405        37        69
       441       406        37        69
       441       407        37        69
       441       409        37        69
       441       407        37        69
       441       407        37        69
       441       408        37        69
       441       407        37        69
       441       408        37        69
       441       407        37        69
       441       405        37        69
       441       406        37        69
       441       407        37        69
       441       407        37        69
       441       409        37        69
       441       409        37        69
       441       409        37        69
       441       410        37        69
       441       409        37        69
       441       412        37        69
       441       412        37        69
       441       411        37        69
       440       412        37        69
       441       413        37        69
       441       414        37        69
       439       415        37        69
       441       416        37        69
       434       413        37        69
       436       414        37        69
       439       414        37        69
       441       415        37        69
       441       417        37        69
       441       416        37        69
       441       417        37        69
       439       418        37        69
       441       418        37        69
       434       418        37        69
       434       418        37        69
       434       417        37        69
       437       419        37        69
       437       421        37        69
       441       421        37        69
       441       420        37        69
       441       421        37        69
       441       422        37        69
       441       423        37        69
       441       423        37        69
       441       423        37        69
       441       423        37        69
       441       423        37        69
       441       422        37        69
       438       421        37        69
       441       422        37        69
       441       422        37        69
       422       417        37        69
       419       416        37        69
       424       418        37        69
       423       417        37        69
       429       419        37        69
       432       421        37        69
       433       419        37        69
       436       421        37        69
       437       421        37        69
       441       418        37        69
       441       418        37        69
       440       418        37        69
       440       419        37        69
       441       421        37        69
       441       420        37        69
       441       419        37        69
       441       419        37        69
       441       417        37        69
       441       417        37        69
       441       416        37        69
       441       416        37        69
       441       414        37        69
       441       414        37        69
       441       413        37        69
       441       410        37        69
       441       408        37        69
       441       405        37        69
       441       399        37        69
       441       396        37        69
       441       398        37        69
       437       401        37        69
       441       403        37        69
       438       396        37        69
       441       394        37        69
       431       390        37        69
       430       391        37        69
       437       393        37        69
       433       395        37        69
       435       393        37        69
       440       393        37        69
       438       392        37        69
       438       393        37        69
       437       391        37        69
       438       391        37        69
       439       390        37        69
       437       390        37        69
       432       391        37        69
       434       392        37        69
       441       393        37        69
       439       393        37        69
       441       396        37        69
       441       397        37        69
       441       395        37        69
       438       394        37        69
       439       394        37        69
       441       395        37        69
       440       393        37        69
       441       393        37        69
       441       394        37        69
       439       395        37        69
       438       393        37        69
       439       395        37        69
       441       399        37        69
       440       397        37        69
       441       396        37        69
       441       397        37        69
       441       397        37        69
       441       395        37        69
       440       394        37        69
       440       393        37        69
       439       391        37        69
       441       388        37        69
       441       385        37        69
       441       384        37        69
       441       384        37        69
       441       383        37        69
       441       381        37        69
       441       379        37        69
       441       378        37        69
       441       378        37        69
       441       378        37        69
       426       376        37        69
       427       376        37        69
       433       376        37        69
       436       377        37        69
       440       377        37        69
       422       370        37        69
       441       375        37        69
       430       372        37        69
       434       373        37        69
       437       372        37        69
       441       372        37        69
       441       371        37        69
       441       372        37        69
       441       372        37        69
       441       372        37        69
       441       372        37        69
       441       371        37        69
       441       372        37        69
       441       372        37        69
       441       373        37        69
       441       372        37        69
       422       378        37        69
       423       379        37        69
       426       379        37        69
       428       380        37        69
       431       379        37        69
       433       378        37        69
       435       381        37        69
       436       383        37        69
       438       381        37        69
       440       381        37        69
       441       381        37        69
       441       378        37        69
       441       376        37        69
       441       379        37        69
       441       378        37        69
       441       376        37        69
       440       374        37        69
       439       380        37        69
       439       387        37        69
       441       395        37        69
       441       396        37        69
       441       391        37        69
       441       395        37        69
       438       397        37        69
       441       400        37        69
       440       395        37        69
       441       388        37        69
       441       385        37        69
       441       389        37        69
       433       390        37        69
       435       388        37        69
       429       388        37        69
       430       393        37        69
       433       394        37        69
       437       395        37        69
       436       397        37        69
       437       400        37        69
       436       402        37        69
       438       402        37        69
       441       404        37        69
       441       402        37        69
       441       404        37        69
       441       405        37        69
       441       404        37        69
       441       406        37        69
       441       407        37        69
       441       405        37        69
       440       404        37        69
       440       408        37        69
       431       407        37        69
       427       408        37        69
       422       407        37        69
       418       405        37        69
       414       406        37        69
       409       409        37        69
       414       412        37        69
       411       416        37        69
       413       423        37        69
       418       425        37        69
       416       427        37        69
       420       428        37        69
       419       430        37        69
       417       430        37        69
       411       430        37        69
       415       430        37        69
       412       431        37        69
       412       433        37        69
       407       432        37        69
       408       439        37        69
       408       441        37        69
       406       443        37        69
       408       441        37        69
       410       445        37        69
       408       450        37        69
       408       451        37        69
       411       451        37        69
       409       454        37        69
       408       457        37        69
       408       455        37        69
       406       459        37        69
       405       462        37        69
       403       460        37        69
       407       463        37        69
       406       462        37        69
       407       462        37        69
       410       464        37        69
       412       466        37        69
       414       465        37        69
       419       464        37        69
       422       461        37        69
       425       461        37        69
       429       464        37        69
       432       462        37        69
       437       461        37        69
       441       457        37        69
       441       455        37        69
       441       450        37        69
       441       449        37        69
       441       452        37        69
       437       447        37        69
       435       445        37        69
       438       445        37        69
       441       445        37        69
       441       446        37        69
       441       448        37        69
       441       449        37        69
       441       450        37        69
       441       450        37        69
       441       451        37        69
       441       451        37        69
       441       450        37        69
       441       450        37        69
       441       451        37        69
       434       450        37        69
       441       449        37        69
       441       447        37        69
       441       450        37        69
       439       446        37        69
       436       450        37        69
       441       447        37        69
       441       447        37        69
       441       452        37        69
       439       452        37        69
       441       449        37        69
       441       452        37        69
       441       452        37        69
       441       451        37        69
       441       450        37        69
       441       451        37        69
       441       448        37        69
       441       451        37        69
       441       453        37        69
       441       454        37        69
       440       454        37        69
       441       453        37        69
       437       443        37        69
       437       428        37        69
       437       434        37        69
       441       424        37        69
       436       425        37        69
       436       426        37        69
       439       426        37        69
       432       426        37        69
       441       426        37        69
       441       425        37        69
       440       423        37        69
       441       424        37        69
       441       424        37        69
       441       425        37        69
       441       421        37        69
       440       424        37        69
       441       425        37        69
       434       425        37        69
       420       431        37        69
       436       426        37        69
       420       432        37        69
       412       435        37        69
       407       435        37        69
       414       436        37        69
       409       440        37        69
       419       440        37        69
       411       441        37        69
       414       439        37        69
       406       445        37        69
       403       445        37        69
       422       441        37        69
       404       445        37        69
       421       437        37        69
       411       443        37        69
       425       443        37        69
       438       442        37        69
       439       440        37        69
       441       437        37        69
       433       438        37        69
       424       440        37        69
       439       434        37        69
       441       434        37        69
       431       437        37        69
       432       436        37        69
       435       436        37        69
       436       438        37        69
       432       439        37        69
       434       442        37        69
       438       442        37        69
       441       442        37        69
       441       443        37        69
       441       443        37        69
       441       443        37        69
       433       446        37        69
       438       446        37        69
       429       449        37        69
       439       447        37        69
       436       446        37        69
       426       449        37        69
       437       446        37        69
       426       450        37        69
       439       446        37        69
       441       446        37        69
       437       448        37        69
       433       450        37        69
       432       448        37        69
       430       448        37        69
       422       451        37        69
       404       459        37        69
       415       453        37        69
       413       457        37        69
       413       457        37        69
       405       459        37        69
       411       461        37        69
       404       462        37        69
       413       462        37        69
       395       464        37        69
       397       464        37        69
       405       464        37        69
       409       464        37        69
       409       460        37        69
       395       465        37        69
       387       468        37        69
       377       465        37        69
       368       466        37        69
       350       467        37        69
       351       469        37        69
       335       462        37        69
       317       465        37        69
       321       460        37        69
       311       458        37        69
       297       465        37        69
       279       473        37        69
       267       480        37        69
       259       478        37        69
       242       478        37        69
       235       476        37        69
       230       477        37        69
       223       476        37        69
       211       475        37        69
       198       476        37        69
       193       471        37        69
       186       471        37        69
       178       475        37        69
       171       464        37        69
       159       479        37        69
       159       477        37        69
       158       483        37        69
       153       495        37        69
       162       494        37        69
       157       496        37        69
       141       499        37        69
       152       499        37        69
       146       495        37        69
       151       497        37        69
       152       496        37        69
       145       493        37        69
       146       492        37        69
       132       490        37        69
       131       486        37        69
       129       482        37        69
       129       486        37        69
       127       482        37        69
       127       479        37        69
       129       476        37        69
       131       473        37        69
       132       471        37        69
       133       470        37        69
       130       470        37        69
       133       467        37        69
       132       466        37        69
       131       465        37        69
       132       462        37        69
       131       459        37        69
       130       462        37        69
       128       461        37        69
       126       460        37        69
       125       463        37        69
       122       461        37        69
       125       465        37        69
       123       463        37        69
       123       459        37        69
       123       462        37        69
       122       460        37        69
       120       460        37        69
       123       458        37        69
       123       457        37        69
       123       460        37        69
       125       463        37        69
       124       456        37        69
       123       461        37        69
       124       457        37        69
       122       459        37        69
       124       459        37        69
       124       460        37        69
       126       462        37        69
       123       462        37        69
       126       463        37        69
       125       463        37        69
       121       461        37        69
       117       462        37        69
       120       461        37        69
       119       463        37        69
       124       466        37        69
       119       465        37        69
       124       464        37        69
       132       469        37        69
       133       470        37        69
       141       469        37        69
       143       468        37        69
       147       467        37        69
       149       466        37        69
       152       466        37        69
       150       464        37        69
       149       465        37        69
       149       464        37        69
       146       461        37        69
       147       461        37        69
       146       461        37        69
       147       459        37        69
       148       455        37        69
       142       449        37        69
       144       449        37        69
       138       446        37        69
       134       442        37        69
       129       445        37        69
       128       447        37        69
       129       451        37        69
       128       453        37        69
       122       451        37        69
       129       453        37        69
       129       454        37        69
       127       452        37        69
       127       456        37        69
       130       454        37        69
       128       459        37        69
       133       460        37        69
       134       458        37        69
       125       458        37        69
       119       459        37        69
       119       460        37        69
       118       461        37        69
       115       462        37        69
       110       463        37        69
       105       444        37        69
       105       444        37        69
       103       442        37        69
       102       440        37        69
       100       436        37        69
        99       434        37        69
        97       432        37        69
        96       426        37        69
        94       421        37        69
        92       419        37        69
        94       416        37        69
        94       413        37        69
        94       410        37        69
        93       410        37        69
        91       413        37        69
        96       412        37        69
        98       412        37        69
       106       414        37        69
       110       419        37        69
       105       420        37        69
        99       419        37        69
       104       416        37        69
       106       414        37        69
       103       408        37        69
       108       402        37        69
       104       400        37        69
       105       399        37        69
       104       401        37        69
       104       400        37        69
       104       397        37        69
       104       399        37        69
       106       402        37        69
       104       407        37        69
       106       409        37        69
       102       409        37        69
       103       410        37        69
       100       413        37        69
        99       413        37        69
        97       414        37        69
        96       415        37        69
        94       415        37        69
        94       416        37        69
        92       417        37        69
        91       417        37        69
        88       418        37        69
        91       420        37        69
        91       425        37        69
        92       426        37        69
        92       430        37        69
        90       433        37        69
        90       436        37        69
        91       441        37        69
        93       439        37        69
        89       442        37        69
        85       442        37        69
        84       444        37        69
        78       445        37        69
        71       444        37        69
        66       440        37        69
        62       440        37        69
        61       438        37        69
        59       440        37        69
        52       442        37        69
        50       445        37        69
        47       450        37        69
        48       452        37        69
        47       452        37        69
        49       454        37        69
        59       457        37        69
        54       458        37        69
        57       456        37        69
        55       457        37        69
        60       461        37        69
        73       460        37        69
        70       446        37        69
        60       451        37        69
        41       457        37        69
        22       453        37        69
        17       461        37        69
        10       474        37        69
         1       482        37        69
         1       491        37        69
         1       499        37        69
         1       500        37        69
         6       503        37        69
         7       505        37        69
        10       508        37        69
        22       507        37        69
        39       509        37        69
        47       513        37        69
        46       513        37        69
        49       511        37        69
        35       503        37        69
        38       504        37        69
        36       505        37        69
        38       508        37        69
        27       503        37        69
        27       503        37        69
        25       504        37        69
        38       510        37        69
        25       503        37        69
        26       504        37        69
        36       507        37        69
        29       505        37        69
        41       512        37        69
        32       505        37        69
        30       504        37        69
        35       504        37        69
        38       506        37        69
        37       507        37        69
        48       509        37        69
        38       510        37        69
        42       511        37        69
        39       512        37        69
        43       516        37        69
        37       518        37        69
        46       526        37        69
        39       524        37        69
        41       523        37        69
        47       520        37        69
        38       514        37        69
        34       510        37        69
        39       506        37        69
        34       499        37        69
        30       494        37        69
        32       494        37        69
        28       491        37        69
        30       486        37        69
        29       482        37        69
        29       479        37        69
        37       481        37        69
        32       478        37        69
        41       476        37        69
        32       470        37        69
        27       472        37        69
        35       476        37        69
        37       479        37        69
        30       476        37        69
        26       478        37        69
        31       484        37        69
        25       484        37        69
        19       479        37        69
        20       477        37        69
        20       479        37        69
        24       487        37        69
        17       485        37        69
        15       485        37        69
         9       485        37        69
        16       486        37        69
        18       489        37        69
        16       492        37        69
        11       490        37        69
         9       492        37        69
         5       494        37        69
        18       503        37        69
        10       499        37        69
        15       508        37        69
        24       509        37        69
        11       501        37        69
        20       508        37        69
        17       505        37        69
        11       503        37        69
        10       503        37        69
        12       504        37        69
        16       508        37        69
         8       504        37        69
        18       510        37        69
        14       507        37        69
        14       506        37        69
        15       507        37        69
        19       503        37        69
        14       501        37        69
        16       500        37        69
        18       502        37        69
         7       499        37        69
        13       498        37        69
        21       501        37        69
        16       499        37        69
        21       502        37        69
        19       500        37        69
        18       500        37        69
        20       499        37        69
        19       500        37        69
        18       502        37        69
        18       501        37        69
        18       500        37        69
        14       501        37        69
        19       505        37        69
        26       509        37        69
        26       506        37        69
        25       508        37        69
        32       511        37        69
        31       511        37        69
        33       505        37        69
        43       510        37        69
        45       508        37        69
        29       503        37        69
        35       505        37        69
        29       501        37        69
        32       495        37        69
        29       498        37        69
        34       504        37        69
        30       507        37        69
        30       508        37        69
        26       519        37        69
        30       524        37        69
        25       519        37        69
        22       517        37        69
        24       516        37        69
        33       517        37        69
        21       513        37        69
        31       519        37        69
        25       514        37        69
        27       517        37        69
        37       524        37        69
        40       527        37        69
        38       523        37        69
        46       529        37        69
        45       532        37        69
        48       534        37        69
        56       542        37        69
        50       543        37        69
        53       551        37        69
        47       556        37        69
        44       553        37        69
        40       550        37        69
        37       558        37        69
        33       555        37        69
        29       556        37        69
        31       561        37        69
        21       560        37        69
        22       569        37        69
         3       565        37        69
         9       569        37        69
         7       569        37        69
         9       569        37        69
        18       561        37        69
        21       561        37        69
        20       561        37        69
        22       559        37        69
        25       555        37        69
        30       552        37        69
        40       551        37        69
        38       550        37        69
        41       551        37        69
        47       551        37        69
        39       548        37        69
        35       550        37        69
        34       552        37        69
        36       553        37        69
        36       551        37        69
        37       550        37        69
        37       549        37        69
        37       550        37        69
        37       550        37        69
        33       549        37        69
        40       550        37        69
        39       548        37        69
        41       548        37        69
        50       546        37        69
        50       542        37        69
        57       537        37        69
        66       534        37        69
        65       533        37        69
        70       535        37        69
        78       538        37        69
        84       545        37        69
        85       553        37        69
        79       561        37        69
        80       568        37        69
        88       569        37        69
        89       566        37        69
       100       558        37        69
       107       555        37        69
       115       556        37        69
       117       558        37        69
       123       554        37        69
       133       550        37        69
       140       549        37        69
       145       549        37        69
       155       547        37        69
       156       543        37        69
       153       541        37        69
       155       540        37        69
       151       535        37        69
       150       533        37        69
       144       533        37        69
       139       532        37        69
       131       534        37        69
       132       535        37        69
       124       533        37        69
       120       530        37        69
       116       528        37        69
       111       530        37        69
       109       528        37        69
       105       528        37        69
       108       531        37        69
       106       533        37        69
       107       533        37        69
       104       532        37        69
       109       534        37        69
       107       534        37        69
       109       532        37        69
       113       531        37        69
       109       533        37        69
       112       532        37        69
       113       530        37        69
       111       529        37        69
       111       530        37        69
       113       532        37        69
       109       531        37        69
       111       529        37        69
       109       530        37        69
       112       530        37        69
       113       528        37        69
       111       529        37        69
       117       528        37        69
       122       527        37        69
       124       525        37        69
       127       525        37        69
       127       524        37        69
       130       524        37        69
       133       523        37        69
       136       524        37        69
       133       524        37        69
       130       525        37        69
       128       526        37        69
       126       522        37        69
       122       521        37        69
       123       521        37        69
       125       522        37        69
       118       520        37        69
       117       519        37        69
       124       521        37        69
       125       517        37        69
       120       518        37        69
       114       522        37        69
       115       521        37        69
       115       520        37        69
       117       521        37        69
       115       520        37        69
       110       519        37        69
       116       522        37        69
       112       524        37        69
       109       522        37        69
       110       523        37        69
       106       526        37        69
       107       525        37        69
       109       524        37        69
       108       526        37        69
       110       525        37        69
       114       523        37        69
       113       522        37        69
       113       521        37        69
       117       520        37        69
       121       517        37        69
       124       516        37        69
       124       518        37        69
       123       518        37        69
       123       517        37        69
       125       515        37        69
       123       513        37        69
       126       510        37        69
       125       509        37        69
       119       508        37        69
       121       508        37        69
       119       509        37        69
       115       508        37        69
       116       510        37        69
       115       510        37        69
       117       510        37        69
       115       512        37        69
       116       510        37        69
       119       507        37        69
       124       506        37        69
       122       504        37        69
       124       501        37        69
       125       500        37        69
       124       500        37        69
       123       500        37        69
       120       497        37        69
       121       495        37        69
       117       495        37        69
       118       492        37        69
       112       495        37        69
       109       500        37        69
       103       500        37        69
        97       504        37        69
        98       507        37        69
        88       506        37        69
        92       509        37        69
        82       511        37        69
        86       513        37        69
        83       514        37        69
        83       516        37        69
        83       515        37        69
        86       514        37        69
        84       510        37        69
        90       508        37        69
        87       504        37        69
        88       502        37        69
        95       500        37        69
        95       497        37        69
        95       494        37        69
        98       492        37        69
        99       489        37        69
       100       489        37        69
        98       488        37        69
       100       487        37        69
       101       487        37        69
        97       489        37        69
        96       488        37        69
        98       486        37        69
        92       484        37        69
        88       482        37        69
        94       479        37        69
        89       479        37        69
        91       479        37        69
        88       478        37        69
        90       478        37        69
        91       480        37        69
        90       477        37        69
        92       478        37        69
        95       477        37        69
        90       479        37        69
        94       480        37        69
        93       482        37        69
        93       481        37        69
        89       482        37        69
        86       484        37        69
        87       485        37        69
        87       487        37        69
        88       490        37        69
        84       491        37        69
        81       492        37        69
        83       492        37        69
        77       491        37        69
        76       493        37        69
        76       492        37        69
        75       490        37        69
        78       492        37        69
        76       490        37        69
        81       490        37        69
        78       487        37        69
        76       487        37        69
        74       488        37        69
        74       486        37        69
        81       486        37        69
        74       486        37        69
        79       486        37        69
        77       486        37        69
        78       488        37        69
        76       489        37        69
        75       488        37        69
        76       488        37        69
        77       488        37        69
        81       487        37        69
        83       486        37        69
        80       486        37        69
        83       485        37        69
        82       483        37        69
        85       482        37        69
        85       483        37        69
        87       482        37        69
        84       484        37        69
        85       486        37        69
        83       487        37        69
        84       484        37        69
        82       485        37        69
        85       486        37        69
        88       483        37        69
        90       484        37        69
        93       483        37        69
        93       478        37        69
        96       476        37        69
        99       478        37        69
       102       477        37        69
       103       475        37        69
       108       475        37        69
       114       480        37        69
       121       481        37        69
       129       482        37        69
       135       484        37        69
       137       486        37        69
       140       487        37        69
       142       488        37        69
       147       488        37        69
       146       491        37        69
       151       493        37        69
       149       492        37        69
       154       492        37        69
       156       494        37        69
       159       494        37        69
       161       493        37        69
       163       498        37        69
       167       500        37        69
       170       498        37        69
       175       499        37        69
       173       502        37        69
       177       503        37        69
       183       503        37        69
       188       503        37        69
       187       501        37        69
       197       499        37        69
       195       501        37        69
       193       502        37        69
       199       502        37        69
       202       503        37        69
       196       503        37        69
       200       503        37        69
       203       504        37        69
       204       503        37        69
       209       504        37        69
       210       505        37        69
       211       504        37        69
       214       503        37        69
       214       501        37        69
       217       504        37        69
       224       501        37        69
       229       501        37        69
       231       499        37        69
       235       499        37        69
       241       499        37        69
       244       500        37        69
       251       504        37        69
       253       506        37        69
       256       506        37        69
       266       509        37        69
       268       511        37        69
       276       511        37        69
       281       510        37        69
       286       508        37        69
       290       506        37        69
       301       505        37        69
       309       503        37        69
       315       507        37        69
       320       505        37        69
       326       504        37        69
       338       506        37        69
       351       507        37        69
       361       506        37        69
       369       505        37        69
       376       506        37        69
       380       507        37        69
       388       505        37        69
       395       506        37        69
       403       507        37        69
       408       504        37        69
       410       506        37        69
       409       508        37        69
       409       509        37        69
       406       512        37        69
       409       511        37        69
       410       509        37        69
       413       507        37        69
       411       504        37        69
       420       501        37        69
       423       501        37        69
       411       500        37        69
       410       497        37        69
       411       494        37        69
       414       493        37        69
       415       493        37        69
       415       494        37        69
       413       493        37        69
       415       487        37        69
       415       487        37        69
       411       486        37        69
       414       481        37        69
       420       478        37        69
       419       473        37        69
       422       469        37        69
       426       468        37        69
       430       465        37        69
       431       462        37        69
       437       462        37        69
       438       459        37        69
       434       456        37        69
       432       454        37        69
       432       454        37        69
       432       450        37        69
       437       446        37        69
       439       445        37        69
       438       443        37        69
       440       439        37        69
       441       439        37        69
       441       440        37        69
       441       438        37        69
       441       438        37        69
       441       440        37        69
       441       443        37        69
       441       439        37        69
       441       438        37        69
       441       438        37        69
       441       441        37        69
       441       442        37        69
       441       438        37        69
       441       440        37        69
       441       443        37        69
       441       443        37        69
       441       446        37        69
       441       446        37        69
       440       443        37        69
       438       442        37        69
       441       440        37        69
       439       442        37        69
       441       444        37        69
       441       442        37        69
       441       445        37        69
       441       450        37        69
       441       452        37        69
       441       454        37        69
       441       457        37        69
       441       457        37        69
       441       456        37        69
       441       455        37        69
       441       460        37        69
       441       460        37        69
       441       458        37        69
       441       460        37        69
       441       462        37        69
       441       460        37        69
       441       456        37        69
       441       456        37        69
       441       450        37        69
       441       446        37        69
       441       446        37        69
       441       447        37        69
       441       446        37        69
       441       444        37        69
       441       441        37        69
       441       442        37        69
       437       441        37        69
       434       438        37        69
       432       438        37        69
       428       436        37        69
       427       438        37        69
       425       438        37        69
       425       436        37        69
       424       437        37        69
       425       440        37        69
       426       442        37        69
       428       441        37        69
       433       439        37        69
       437       439        37        69
       441       436        37        69
       441       432        37        69
       441       430        37        69
       441       428        37        69
       441       427        37        69
       441       426        37        69
       424       418        37        69
       429       418        37        69
       432       418        37        69
       432       421        37        69
       431       422        37        69
       432       422        37        69
       429       423        37        69
       427       425        37        69
       423       423        37        69
       415       423        37        69
       417       422        37        69
       412       421        37        69
       407       418        37        69
       404       416        37        69
       402       416        37        69
       398       418        37        69
       394       418        37        69
       392       417        37        69
       387       419        37        69
       390       419        37        69
       392       419        37        69
       390       419        37        69
       391       420        37        69
       391       419        37        69
       388       419        37        69
       393       420        37        69
       394       420        37        69
       395       419        37        69
       390       424        37        69
       395       425        37        69
       395       424        37        69
       397       428        37        69
       385       432        37        69
       393       435        37        69
       383       437        37        69
       384       440        37        69
       386       442        37        69
       391       440        37        69
       376       442        37        69
       388       443        37        69
       396       440        37        69
       398       439        37        69
       393       439        37        69
       392       438        37        69
       401       438        37        69
       401       436        37        69
       409       436        37        69
       428       435        37        69
       422       433        37        69
       429       432        37        69
       433       430        37        69
       436       429        37        69
       437       430        37        69
       441       432        37        69
       430       432        37        69
       416       434        37        69
       418       434        37        69
       424       432        37        69
       428       428        37        69
       438       427        37        69
       438       426        37        69
       441       425        37        69
       441       426        37        69
       441       427        37        69
       441       426        37        69
       441       427        37        69
       441       429        37        69
       441       429        37        69
       441       429        37        69
       441       433        37        69
       441       435        37        69
       441       437        37        69
       433       435        37        69
       414       438        37        69
       409       437        37        69
       414       434        37        69
       403       436        37        69
       410       434        37        69
       425       429        37        69
       417       428        37        69
       430       426        37        69
       435       421        37        69
       441       415        37        69
       441       417        37        69
       430       420        37        69
       439       414        37        69
       438       408        37        69
       439       406        37        69
       441       406        37        69
       440       404        37        69
       434       405        37        69
       440       401        37        69
       441       399        37        69
       441       399        37        69
       441       398        37        69
       436       401        37        69
       437       403        37        69
       441       402        37        69
       441       403        37        69
       441       403        37        69
       433       403        37        69
       441       403        37        69
       439       402        37        69
       440       399        37        69
       421       393        37        69
       436       394        37        69
       439       392        37        69
       440       390        37        69
       441       392        37        69
       433       392        37        69
       437       389        37        69
       423       393        37        69
       431       391        37        69
       438       392        37        69
       441       396        37        69
       441       399        37        69
       430       399        37        69
       436       395        37        69
       441       394        37        69
       441       393        37        69
       441       394        37        69
       441       393        37        69
       441       392        37        69
       441       392        37        69
       438       393        37        69
       440       392        37        69
       441       390        37        69
       437       388        37        69
       441       389        37        69
       441       387        37        69
       438       387        37        69
       441       386        37        69
       441       384        37        69
       441       383        37        69
       440       382        37        69
       441       383        37        69
       441       386        37        69
       441       387        37        69
       441       386        37        69
       441       385        37        69
       441       387        37        69
       441       388        37        69
       441       388        37        69
       441       390        37        69
       441       388        37        69
       441       385        37        69
       441       387        37        69
       441       390        37        69
       441       389        37        69
       441       389        37        69
       441       391        37        69
       441       393        37        69
       441       395        37        69
       441       398        37        69
       441       399        37        69
       441       399        37        69
       441       398        37        69
       441       399        37        69
       441       398        37        69
       441       400        37        69
       441       403        37        69
       441       406        37        69
       441       409        37        69
       441       410        37        69
       441       413        37        69
       441       419        37        69
       441       419        37        69
       441       419        37        69
       441       420        37        69
       441       419        37        69
       441       419        37        69
       441       417        37        69
       441       417        37        69
       441       416        37        69
       441       412        37        69
       441       413        37        69
       441       413        37        69
       441       414        37        69
       441       416        37        69
       441       415        37        69
       441       414        37        69
       441       414        37        69
       441       417        37        69
       441       418        37        69
       441       417        37        69
       441       417        37        69
       441       417        37        69
       441       415        37        69
       441       416        37        69
       439       418        37        69
       440       416        37        69
       440       416        37        69
       440       416        37        69
       441       418        37        69
       441       418        37        69
       441       416        37        69
       441       417        37        69
       441       418        37        69
       441       418        37        69
       441       417        37        69
       441       415        37        69
       437       417        37        69
       438       419        37        69
       441       420        37        69
       440       421        37        69
       441       421        37        69
       441       422        37        69
       441       421        37        69
       441       422        37        69
       441       421        37        69
       441       421        37        69
       441       423        37        69
       441       423        37        69
       441       420        37        69
       441       420        37        69
       441       419        37        69
       441       418        37        69
       441       419        37        69
       441       420        37        69
       440       420        37        69
       440       421        37        69
       436       420        37        69
       437       419        37        69
       435       420        37        69
       429       424        37        69
       424       425        37        69
       421       424        37        69
       426       426        37        69
       428       427        37        69
       422       428        37        69
       413       430        37        69
       420       427        37        69
       417       427        37        69
       417       426        37        69
       416       426        37        69
       414       427        37        69
       413       427        37        69
       405       426        37        69
       406       425        37        69
       404       425        37        69
       400       423        37        69
       399       421        37        69
       399       421        37        69
       405       418        37        69
       403       417        37        69
       403       416        37        69
       401       415        37        69
       401       416        37        69
       402       417        37        69
       403       418        37        69
       397       419        37        69
       402       417        37        69
       398       419        37        69
       398       421        37        69
       399       422        37        69
       397       424        37        69
       394       423        37        69
       393       423        37        69
       395       424        37        69
       395       425        37        69
       397       424        37        69
       394       426        37        69
       392       428        37        69
       393       429        37        69
       390       430        37        69
       394       432        37        69
       394       432        37        69
       396       432        37        69
       402       430        37        69
       405       428        37        69
       412       427        37        69
       412       425        37        69
       417       426        37        69
       421       426        37        69
       427       424        37        69
       432       423        37        69
       440       423        37        69
       439       420        37        69
       441       422        37        69
       441       424        37        69
       441       423        37        69
       441       425        37        69
       441       425        37        69
       441       426        37        69
       441       430        37        69
       441       430        37        69
       441       428        37        69
       441       427        37        69
       441       427        37        69
       441       426        37        69
       441       424        37        69
       441       424        37        69
       439       425        37        69
       438       424        37        69
       435       424        37        69
       434       421        37        69
       430       418        37        69
       426       418        37        69
       425       418        37        69
       426       418        37        69
       426       415        37        69
       427       413        37        69
       425       415        37        69
       425       416        37        69
       424       416        37        69
       431       415        37        69
       432       415        37        69
       433       417        37        69
       435       420        37        69
       436       420        37        69
       438       419        37        69
       441       420        37        69
       441       421        37        69
       441       422        37        69
       441       422        37        69
       441       419        37        69
       441       418        37        69
       441       419        37        69
       438       421        37        69
       438       419        37        69
       438       417        37        69
       440       417        37        69
       438       414        37        69
       438       413        37        69
       440       414        37        69
       438       412        37        69
       438       410        37        69
       439       411        37        69
       436       412        37        69
       434       413        37        69
       433       415        37        69
       431       416        37        69
       431       416        37        69
       430       419        37        69
       428       420        37        69
       426       423        37        69
       426       423        37        69
       426       424        37        69
       422       426        37        69
       422       425        37        69
       426       422        37        69
       425       420        37        69
       426       419        37        69
       426       419        37        69
       429       418        37        69
       429       416        37        69
       432       414        37        69
       434       411        37        69
       433       411        37        69
       434       409        37        69
       438       405        37        69
       435       406        37        69
       436       409        37        69
       434       409        37        69
       436       409        37        69
       434       410        37        69
       433       412        37        69
       435       410        37        69
       434       411        37        69
       430       417        37        69
       430       417        37        69
       431       416        37        69
       427       419        37        69
       424       422        37        69
       421       423        37        69
       420       425        37        69
       420       426        37        69
       420       426        37        69
       420       426        37        69
       421       426        37        69
       424       423        37        69
       426       422        37        69
       422       419        37        69
       421       419        37        69
       423       418        37        69
       425       415        37        69
       423       416        37        69
       422       416        37        69
       423       415        37        69
       422       413        37        69
       425       412        37        69
       424       412        37        69
       426       408        37        69
       428       408        37        69
       426       408        37        69
       425       407        37        69
       425       406        37        69
       422       405        37        69
       425       405        37        69
