       198       249        95       325
       197       246        95       325
       196       243        95       325
       196       244        95       325
       197       245        95       325
       199       241        95       325
       201       241        95       325
       205       243        95       325
       208       242        95       325
       210       239        95       325
       212       236        95       325
       216       237        95       325
       218       239        95       325
       219       243        95       325
       220       247        95       325
       223       249        95       325
       225       247        95       325
       230       244        95       325
       235       241        95       325
       234       235        95       325
       232       230        95       325
       227       224        95       325
       226       221        95       325
       224       220        95       325
       222       222        95       325
       220       221        95       325
       221       220        95       325
       222       216        95       325
       226       212        95       325
       231       219        95       325
       234       232        95       325
       232       238        95       325
       230       239        95       325
       231       240        95       325
       231       240        95       325
       230       242        95       325
       229       244        95       325
       226       239        95       325
       223       233        95       325
       222       228        95       325
       221       223        95       325
       221       217        95       325
       219       208        95       325
       220       200        95       325
       224       194        95       325
       231       196        95       325
       238       196        95       325
       239       189        95       325
       244       191        95       325
       250       200        95       325
       251       204        95       325
       249       202        95       325
       246       199        95       325
       248       196        95       325
       254       196        95       325
       257       196        95       325
       255       195        95       325
       254       198        95       325
       252       200        95       325
       236       193        95       325
       219       183        95       325
       208       167        95       325
       202       150        95       325
       197       139        95       325
       197       138        95       325
       199       147        95       325
       201       152        95       325
       202       156        95       325
       206       159        95       325
       213       163        95       325
       218       168        95       325
       226       168        95       325
       233       168        95       325
       235       173        95       325
       238       192        95       325
       240       203        95       325
       237       204        95       325
       234       199        95       325
       230       191        95       325
       225       179        95       325
       223       169        95       325
       224       165        95       325
       225       161        95       325
       225       157        95       325
       226       156        95       325
       233       162        95       325
       241       172        95       325
       250       181        95       325
       264       189        95       325
       278       192        95       325
       297       194        95       325
       316       195        95       325
       332       195        95       325
       347       195        95       325
       360       191        95       325
       365       187        95       325
       361       178        95       325
       360       167        95       325
       365       163        95       325
       364       159        95       325
       373       152        95       325
       381       149        95       325
       382       142        95       325
       383       139        95       325
       383       149        95       325
       383       159        95       325
       383       166        95       325
       383       175        95       325
       383       183        95       325
       383       194        95       325
       383       202        95       325
       380       204        95       325
       374       207        95       325
       368       215        95       325
       369       228        95       325
       369       231        95       325
       365       220        95       325
       362       209        95       325
       358       207        95       325
       356       212        95       325
       350       213        95       325
       346       211        95       325
       342       211        95       325
       336       208        95       325
       329       213        95       325
       324       222        95       325
       320       229        95       325
       315       231        95       325
       311       235        95       325
       307       240        95       325
       305       243        95       325
       302       245        95       325
       302       243        95       325
       304       244        95       325
       301       247        95       325
       297       247        95       325
       298       239        95       325
       295       226        95       325
       294       210        95       325
       293       202        95       325
       291       194        95       325
       291       189        95       325
       294       185        95       325
       298       185        95       325
       301       188        95       325
       303       196        95       325
       304       201        95       325
       306       205        95       325
       308       206        95       325
       310       207        95       325
       312       212        95       325
       314       216        95       325
       313       220        95       325
       312       219        95       325
       310       216        95       325
       306       212        95       325
       302       210        95       325
       299       205        95       325
       293       198        95       325
       291       190        95       325
       292       184        95       325
       293       185        95       325
       291       187        95       325
       288       186        95       325
       286       183        95       325
       286       181        95       325
       286       181        95       325
       287       186        95       325
       287       191        95       325
       287       197        95       325
       287       198        95       325
       289       200        95       325
       290       200        95       325
       291       201        95       325
       293       204        95       325
       295       206        95       325
       297       205        95       325
       301       203        95       325
       306       204        95       325
       308       203        95       325
       311       199        95       325
       312       191        95       325
       313       184        95       325
       314       179        95       325
       316       177        95       325
       318       175        95       325
       320       166        95       325
       321       160        95       325
       323       160        95       325
       325       165        95       325
       325       172        95       325
       327       178        95       325
       327       184        95       325
       325       186        95       325
       323       186        95       325
       321       187        95       325
       319       189        95       325
       317       192        95       325
       314       194        95       325
       312       196        95       325
       305       191        95       325
       301       190        95       325
       296       186        95       325
       294       181        95       325
       293       177        95       325
       292       172        95       325
       291       168        95       325
       291       167        95       325
       294       171        95       325
       297       174        95       325
       299       174        95       325
       305       174        95       325
       311       176        95       325
       314       177        95       325
       317       176        95       325
       320       177        95       325
       323       181        95       325
       328       187        95       325
       331       193        95       325
       333       196        95       325
       335       196        95       325
       335       194        95       325
       338       195        95       325
       340       195        95       325
       338       189        95       325
       338       181        95       325
       339       173        95       325
       343       171        95       325
       349       170        95       325
       352       167        95       325
       355       161        95       325
       359       154        95       325
       365       150        95       325
       371       153        95       325
       376       158        95       325
       382       161        95       325
       383       162        95       325
       383       164        95       325
       383       166        95       325
       383       169        95       325
       383       174        95       325
       383       179        95       325
       383       178        95       325
       379       176        95       325
       373       170        95       325
       371       168        95       325
       369       166        95       325
       367       164        95       325
       366       160        95       325
       365       154        95       325
       365       147        95       325
       366       143        95       325
       369       143        95       325
       373       146        95       325
       376       147        95       325
       376       142        95       325
       381       136        95       325
       383       134        95       325
       383       135        95       325
       383       139        95       325
       383       142        95       325
       383       148        95       325
       383       153        95       325
       383       153        95       325
       383       152        95       325
       383       154        95       325
       383       162        95       325
       383       171        95       325
       383       178        95       325
       383       185        95       325
       383       189        95       325
       383       188        95       325
       383       186        95       325
       383       185        95       325
       383       185        95       325
       383       185        95       325
       383       185        95       325
       383       185        95       325
       383       186        95       325
       383       188        95       325
       383       188        95       325
       383       186        95       325
       381       186        95       325
       377       184        95       325
       373       183        95       325
       369       182        95       325
       365       180        95       325
       360       180        95       325
       354       179        95       325
       341       179        95       325
       333       178        95       325
       326       178        95       325
       320       177        95       325
       312       177        95       325
       304       176        95       325
       296       175        95       325
       289       175        95       325
       281       176        95       325
       274       178        95       325
       267       179        95       325
       260       180        95       325
       255       183        95       325
       249       188        95       325
       241       191        95       325
       235       187        95       325
       228       182        95       325
       225       179        95       325
       223       177        95       325
       219       176        95       325
       216       174        95       325
       216       171        95       325
       218       169        95       325
       222       167        95       325
       228       167        95       325
       233       166        95       325
       242       167        95       325
       253       171        95       325
       265       174        95       325
       275       178        95       325
       289       182        95       325
       302       187        95       325
       315       191        95       325
       328       193        95       325
       340       194        95       325
       351       198        95       325
       359       204        95       325
       366       209        95       325
       373       214        95       325
       379       216        95       325
       383       212        95       325
       383       208        95       325
       383       206        95       325
       383       206        95       325
       383       205        95       325
       383       205        95       325
       383       204        95       325
       383       205        95       325
       383       204        95       325
       383       200        95       325
       383       196        95       325
       383       193        95       325
       383       191        95       325
       383       191        95       325
       383       197        95       325
       383       208        95       325
       383       221        95       325
       383       227        95       325
       383       227        95       325
       383       226        95       325
       383       227        95       325
       383       228        95       325
       368       221        95       325
       378       217        95       325
       383       214        95       325
       383       216        95       325
       383       216        95       325
       383       217        95       325
       383       220        95       325
       383       220        95       325
       383       218        95       325
       383       215        95       325
       383       211        95       325
       383       206        95       325
       383       201        95       325
       383       199        95       325
       383       196        95       325
       383       186        95       325
       383       181        95       325
       383       176        95       325
       383       172        95       325
       383       167        95       325
       380       163        95       325
       377       162        95       325
       373       165        95       325
       367       173        95       325
       361       181        95       325
       353       185        95       325
       343       186        95       325
       332       186        95       325
       323       186        95       325
       312       186        95       325
       301       184        95       325
       292       182        95       325
       285       179        95       325
       277       174        95       325
       272       167        95       325
       268       164        95       325
       264       164        95       325
       261       166        95       325
       258       168        95       325
       257       170        95       325
       255       170        95       325
       252       171        95       325
       250       172        95       325
       248       172        95       325
       249       174        95       325
       250       176        95       325
       253       177        95       325
       260       182        95       325
       267       189        95       325
       274       195        95       325
       276       196        95       325
       281       197        95       325
       285       194        95       325
       287       187        95       325
       291       180        95       325
       296       176        95       325
       299       174        95       325
       306       170        95       325
       310       162        95       325
       311       151        95       325
       314       140        95       325
       318       135        95       325
       323       135        95       325
       326       138        95       325
       327       144        95       325
       327       148        95       325
       327       151        95       325
       326       151        95       325
       328       151        95       325
       328       151        95       325
       326       152        95       325
       325       152        95       325
       323       153        95       325
       319       153        95       325
       316       152        95       325
       313       150        95       325
       309       145        95       325
       303       136        95       325
       301       129        95       325
       300       126        95       325
       300       126        95       325
       299       122        95       325
       298       116        95       325
       298       112        95       325
       300       112        95       325
       302       119        95       325
       302       127        95       325
       302       133        95       325
       303       137        95       325
       303       139        95       325
       304       142        95       325
       305       147        95       325
       305       151        95       325
       305       153        95       325
       305       156        95       325
       303       157        95       325
       303       157        95       325
       303       155        95       325
       303       152        95       325
       303       151        95       325
       303       149        95       325
       302       144        95       325
       300       138        95       325
       301       131        95       325
       300       122        95       325
       298       112        95       325
       297       103        95       325
       297        98        95       325
       297        99        95       325
       299       104        95       325
       300       110        95       325
       298       115        95       325
       296       119        95       325
       294       123        95       325
       292       128        95       325
       289       133        95       325
       284       137        95       325
       278       139        95       325
       271       140        95       325
       265       139        95       325
       261       136        95       325
       255       132        95       325
       249       128        95       325
       246       127        95       325
       242       128        95       325
       237       128        95       325
       233       129        95       325
       230       131        95       325
       227       131        95       325
       223       128        95       325
       221       128        95       325
       221       132        95       325
       221       135        95       325
       218       136        95       325
       216       137        95       325
       215       138        95       325
       215       140        95       325
       213       143        95       325
       212       145        95       325
       212       148        95       325
       211       149        95       325
       209       150        95       325
       207       150        95       325
       206       150        95       325
       205       152        95       325
       204       153        95       325
       203       155        95       325
       203       156        95       325
       204       157        95       325
       206       158        95       325
       207       158        95       325
       209       159        95       325
       211       159        95       325
       212       159        95       325
       214       160        95       325
       216       160        95       325
       218       160        95       325
       220       161        95       325
       222       161        95       325
       223       161        95       325
       225       162        95       325
       227       163        95       325
       229       164        95       325
       233       165        95       325
       237       167        95       325
       241       168        95       325
       245       169        95       325
       247       167        95       325
       251       166        95       325
       255       166        95       325
       259       165        95       325
       263       164        95       325
       268       163        95       325
       273       163        95       325
       279       164        95       325
       284       164        95       325
       289       162        95       325
       294       160        95       325
       298       158        95       325
       302       157        95       325
       306       156        95       325
       309       154        95       325
       311       153        95       325
       313       152        95       325
       313       151        95       325
       315       151        95       325
       315       151        95       325
       314       150        95       325
       313       150        95       325
       313       149        95       325
       310       150        95       325
       307       151        95       325
       304       152        95       325
       302       152        95       325
       298       151        95       325
       295       152        95       325
       292       154        95       325
       289       155        95       325
       286       154        95       325
       282       153        95       325
       278       153        95       325
       274       153        95       325
       269       153        95       325
       265       154        95       325
       260       154        95       325
       254       154        95       325
       248       155        95       325
       246       156        95       325
       243       157        95       325
       241       159        95       325
       240       160        95       325
       239       160        95       325
       238       160        95       325
       238       160        95       325
       239       162        95       325
       239       162        95       325
       238       161        95       325
       238       161        95       325
       238       160        95       325
       238       159        95       325
       238       159        95       325
       238       160        95       325
       238       160        95       325
       239       161        95       325
       241       163        95       325
       242       165        95       325
       244       164        95       325
       246       164        95       325
       248       163        95       325
       249       162        95       325
       250       160        95       325
       250       158        95       325
       249       158        95       325
       249       158        95       325
       248       159        95       325
       245       159        95       325
       242       158        95       325
       237       157        95       325
       234       157        95       325
       230       156        95       325
       226       156        95       325
       224       157        95       325
       221       158        95       325
       217       156        95       325
       212       153        95       325
       209       150        95       325
       206       149        95       325
       207       150        95       325
       205       152        95       325
       204       153        95       325
       203       154        95       325
       203       155        95       325
       203       157        95       325
       205       159        95       325
       206       163        95       325
       208       166        95       325
       210       172        95       325
       210       175        95       325
       209       175        95       325
       208       173        95       325
       206       173        95       325
       205       175        95       325
       205       180        95       325
       205       184        95       325
       203       186        95       325
       200       187        95       325
       198       185        95       325
       193       180        95       325
       189       175        95       325
       185       169        95       325
       182       166        95       325
       181       163        95       325
       179       160        95       325
       174       159        95       325
       168       157        95       325
       162       156        95       325
       156       152        95       325
       150       147        95       325
       146       143        95       325
       140       143        95       325
       135       145        95       325
       131       149        95       325
       124       153        95       325
       117       156        95       325
       112       160        95       325
       108       164        95       325
       103       165        95       325
        97       165        95       325
        91       162        95       325
        90       161        95       325
        89       164        95       325
        89       169        95       325
        89       174        95       325
        86       177        95       325
        83       178        95       325
        80       177        95       325
        78       176        95       325
        77       174        95       325
        78       172        95       325
        78       172        95       325
        78       172        95       325
        78       169        95       325
        78       165        95       325
        79       163        95       325
        81       162        95       325
        82       164        95       325
        84       169        95       325
        87       176        95       325
        87       180        95       325
        87       176        95       325
        86       172        95       325
        87       170        95       325
        84       169        95       325
        85       170        95       325
        86       173        95       325
        92       178        95       325
        92       180        95       325
        92       180        95       325
        91       176        95       325
        90       172        95       325
        89       170        95       325
        89       171        95       325
        87       172        95       325
        84       171        95       325
        80       169        95       325
        77       167        95       325
        73       166        95       325
        69       165        95       325
        65       166        95       325
        59       168        95       325
        52       169        95       325
        45       173        95       325
        41       184        95       325
        38       194        95       325
        34       199        95       325
        27       196        95       325
        21       195        95       325
        19       199        95       325
        17       202        95       325
        15       202        95       325
        13       199        95       325
        14       194        95       325
        16       190        95       325
        23       189        95       325
        32       189        95       325
        38       192        95       325
        44       194        95       325
        47       192        95       325
        52       188        95       325
        57       186        95       325
        63       184        95       325
        69       182        95       325
        74       181        95       325
        81       182        95       325
        87       185        95       325
        91       188        95       325
        96       191        95       325
        99       194        95       325
       102       195        95       325
       104       198        95       325
       106       198        95       325
       106       196        95       325
       108       194        95       325
       110       195        95       325
       112       196        95       325
       115       196        95       325
       119       196        95       325
       123       197        95       325
       127       197        95       325
       130       198        95       325
       134       198        95       325
       137       199        95       325
       139       200        95       325
       141       201        95       325
       142       201        95       325
       142       201        95       325
       142       200        95       325
       140       199        95       325
       139       197        95       325
       138       195        95       325
       138       192        95       325
       138       190        95       325
       139       189        95       325
       140       188        95       325
       142       188        95       325
       142       187        95       325
       142       187        95       325
       143       188        95       325
       142       188        95       325
       141       189        95       325
       140       190        95       325
       138       192        95       325
       137       192        95       325
       135       191        95       325
       133       191        95       325
       131       192        95       325
       130       193        95       325
       129       193        95       325
       128       194        95       325
       128       196        95       325
       128       198        95       325
       128       201        95       325
       128       203        95       325
       128       205        95       325
       128       206        95       325
       129       206        95       325
       130       207        95       325
       131       206        95       325
       132       206        95       325
       134       206        95       325
       135       206        95       325
       136       205        95       325
       137       205        95       325
       138       204        95       325
       139       203        95       325
       140       202        95       325
       140       201        95       325
       141       200        95       325
       140       199        95       325
       139       197        95       325
       137       195        95       325
       134       194        95       325
       132       194        95       325
       130       194        95       325
       129       191        95       325
       127       187        95       325
       126       185        95       325
       129       188        95       325
       134       193        95       325
       138       199        95       325
       141       202        95       325
       145       206        95       325
       149       210        95       325
       153       212        95       325
       157       212        95       325
       161       207        95       325
       165       203        95       325
       168       199        95       325
       170       196        95       325
       170       188        95       325
       169       180        95       325
       168       173        95       325
       167       168        95       325
       166       162        95       325
       164       157        95       325
       163       155        95       325
       162       155        95       325
       162       156        95       325
       163       159        95       325
       166       165        95       325
       168       176        95       325
       167       186        95       325
       165       194        95       325
       162       199        95       325
       158       201        95       325
       152       198        95       325
       146       196        95       325
       141       194        95       325
       135       189        95       325
       130       185        95       325
       127       180        95       325
       124       173        95       325
       120       168        95       325
       118       168        95       325
       122       167        95       325
       125       164        95       325
       128       160        95       325
       129       156        95       325
       130       156        95       325
       133       160        95       325
       135       165        95       325
       134       167        95       325
       134       170        95       325
       136       172        95       325
       138       174        95       325
       141       177        95       325
       144       180        95       325
       147       183        95       325
       148       183        95       325
       149       182        95       325
       150       183        95       325
       151       183        95       325
       151       183        95       325
       149       181        95       325
       149       179        95       325
       151       173        95       325
       153       164        95       325
       155       155        95       325
       157       149        95       325
       161       147        95       325
       165       148        95       325
       170       152        95       325
       174       154        95       325
       176       155        95       325
       178       157        95       325
       179       161        95       325
       179       166        95       325
       178       171        95       325
       177       176        95       325
       174       180        95       325
       170       182        95       325
       167       185        95       325
       164       186        95       325
       162       185        95       325
       161       184        95       325
       161       183        95       325
       162       183        95       325
       163       184        95       325
       165       186        95       325
       166       185        95       325
       166       181        95       325
       166       180        95       325
       167       182        95       325
       168       185        95       325
       167       185        95       325
       165       185        95       325
       164       185        95       325
       163       185        95       325
       161       185        95       325
       159       183        95       325
       157       181        95       325
       155       179        95       325
       152       178        95       325
       148       177        95       325
       145       176        95       325
       141       176        95       325
       139       178        95       325
       136       177        95       325
       133       175        95       325
       130       175        95       325
       129       175        95       325
       128       173        95       325
       127       174        95       325
       125       173        95       325
       125       172        95       325
       124       171        95       325
       123       171        95       325
       123       170        95       325
       122       171        95       325
       122       171        95       325
       123       172        95       325
       123       174        95       325
       122       175        95       325
       122       176        95       325
       121       176        95       325
       122       177        95       325
       122       177        95       325
       122       178        95       325
       122       179        95       325
       121       179        95       325
       121       179        95       325
       121       179        95       325
       122       180        95       325
       122       181        95       325
       123       181        95       325
       123       180        95       325
       124       179        95       325
       123       179        95       325
       123       181        95       325
       123       184        95       325
       122       186        95       325
       121       186        95       325
       121       186        95       325
       120       186        95       325
       120       185        95       325
       118       183        95       325
       117       184        95       325
       117       185        95       325
       115       185        95       325
       114       184        95       325
       112       182        95       325
       111       183        95       325
       111       184        95       325
       111       186        95       325
       110       185        95       325
       110       184        95       325
       109       182        95       325
       109       181        95       325
       109       181        95       325
       110       182        95       325
       111       184        95       325
       111       189        95       325
       111       192        95       325
       114       195        95       325
       114       195        95       325
       117       198        95       325
       121       204        95       325
       122       208        95       325
       122       209        95       325
       123       208        95       325
       123       207        95       325
       123       207        95       325
       122       206        95       325
       119       203        95       325
       117       197        95       325
       118       190        95       325
       117       182        95       325
       115       172        95       325
       115       167        95       325
       116       164        95       325
       117       162        95       325
       118       157        95       325
       119       153        95       325
       120       153        95       325
       121       153        95       325
       122       154        95       325
       123       157        95       325
       123       160        95       325
       123       160        95       325
       123       159        95       325
       124       163        95       325
       126       172        95       325
       127       182        95       325
       127       187        95       325
       126       191        95       325
       126       194        95       325
       127       198        95       325
       128       201        95       325
       128       202        95       325
       128       202        95       325
       128       199        95       325
       127       197        95       325
       128       198        95       325
       128       200        95       325
       128       200        95       325
       127       200        95       325
       127       200        95       325
       128       201        95       325
       128       203        95       325
       128       202        95       325
       127       204        95       325
       127       207        95       325
       126       211        95       325
       125       214        95       325
       124       217        95       325
       124       220        95       325
       122       221        95       325
       120       221        95       325
       118       221        95       325
       116       223        95       325
       114       224        95       325
       110       222        95       325
       106       219        95       325
       103       217        95       325
        98       219        95       325
        96       221        95       325
        95       222        95       325
        94       220        95       325
        93       219        95       325
        92       219        95       325
        89       221        95       325
        85       223        95       325
        80       222        95       325
        72       220        95       325
        65       216        95       325
        58       211        95       325
        51       209        95       325
        47       212        95       325
        43       215        95       325
        41       216        95       325
        41       220        95       325
        43       221        95       325
        41       222        95       325
        40       222        95       325
        39       221        95       325
        39       220        95       325
        40       219        95       325
        41       218        95       325
        44       221        95       325
        46       224        95       325
        48       223        95       325
        49       221        95       325
        52       221        95       325
        55       224        95       325
        57       226        95       325
        60       227        95       325
        64       230        95       325
        67       233        95       325
        69       232        95       325
        69       231        95       325
        69       230        95       325
        68       231        95       325
        67       232        95       325
        66       232        95       325
        64       231        95       325
        63       229        95       325
        64       228        95       325
        64       226        95       325
        64       223        95       325
        65       222        95       325
        67       222        95       325
        69       221        95       325
        71       220        95       325
        74       221        95       325
        77       221        95       325
        82       220        95       325
        87       222        95       325
        91       225        95       325
        95       228        95       325
       100       233        95       325
       104       237        95       325
       108       239        95       325
       110       238        95       325
       112       237        95       325
       114       235        95       325
       115       234        95       325
       116       232        95       325
       117       232        95       325
       116       228        95       325
       115       228        95       325
       114       227        95       325
       112       225        95       325
       109       224        95       325
       105       222        95       325
       102       222        95       325
        99       223        95       325
        96       224        95       325
        92       227        95       325
        88       230        95       325
        85       232        95       325
        80       232        95       325
        76       235        95       325
        74       237        95       325
        70       237        95       325
        65       238        95       325
        62       239        95       325
        58       237        95       325
        52       235        95       325
        48       235        95       325
        46       236        95       325
        45       230        95       325
        42       222        95       325
        38       215        95       325
        35       210        95       325
        33       207        95       325
        31       204        95       325
        28       200        95       325
        21       196        95       325
        16       190        95       325
        12       186        95       325
        11       181        95       325
         9       180        95       325
         5       179        95       325
         2       176        95       325
         1       172        95       325
         1       170        95       325
         1       170        95       325
         1       169        95       325
         1       171        95       325
         1       176        95       325
         1       187        95       325
         1       188        95       325
         6       187        95       325
        10       187        95       325
        14       188        95       325
        17       182        95       325
        18       182        95       325
        20       182        95       325
        25       184        95       325
        31       185        95       325
        36       183        95       325
        43       183        95       325
        49       186        95       325
        57       186        95       325
        66       188        95       325
        79       192        95       325
        93       198        95       325
       104       204        95       325
       112       209        95       325
       117       209        95       325
       121       205        95       325
       128       203        95       325
       135       204        95       325
       138       204        95       325
       140       208        95       325
       141       211        95       325
       142       211        95       325
