       111        98        25       101
       111       102        25       101
       111       104        25       101
       112       105        25       101
       110        99        25       101
       110       101        25       101
       108       103        25       101
       108       106        25       101
       105       108        25       101
       103       111        25       101
        99       116        25       101
        95       116        25       101
        92       112        25       101
        89       106        25       101
        87       104        25       101
        88       103        25       101
        88       104        25       101
        89       104        25       101
        91       104        25       101
        94       107        25       101
        94       104        25       101
        96       100        25       101
        99        98        25       101
       100        96        25       101
       102        96        25       101
       104        99        25       101
       105       103        25       101
       106       104        25       101
       108       104        25       101
       108        99        25       101
       108        93        25       101
       106        91        25       101
       104        92        25       101
       104        92        25       101
       106        95        25       101
       106        95        25       101
       106        96        25       101
       107        94        25       101
       103        93        25       101
       105        90        25       101
       104        88        25       101
       104        86        25       101
       103        87        25       101
       102        90        25       101
       100        90        25       101
        97        91        25       101
        92        92        25       101
        89        88        25       101
        84        84        25       101
        82        84        25       101
        80        88        25       101
        80        92        25       101
        81        95        25       101
        83        98        25       101
        83        97        25       101
        85        96        25       101
        87        97        25       101
        94        93        25       101
        97        89        25       101
       102        87        25       101
       105        88        25       101
       107        91        25       101
       104        93        25       101
       105        93        25       101
       106        95        25       101
       118        85        25       101
       115        82        25       101
       113        84        25       101
       109        87        25       101
       108        91        25       101
       105        83        25       101
       102        80        25       101
        99        80        25       101
        96        78        25       101
        93        78        25       101
        90        77        25       101
        86        76        25       101
        79        75        25       101
        62        77        25       101
        57        78        25       101
        54        75        25       101
        49        72        25       101
        45        69        25       101
        42        66        25       101
        40        64        25       101
        38        62        25       101
        37        60        25       101
        35        56        25       101
        35        56        25       101
        32        54        25       101
        32        52        25       101
        33        52        25       101
        31        51        25       101
        28        51        25       101
        25        52        25       101
        23        52        25       101
        18        51        25       101
        12        50        25       101
         8        49        25       101
         2        48        25       101
         1        46        25       101
         1        47        25       101
         1        55        25       101
         1        54        25       101
        20        48        25       101
        24        29        25       101
        18        12        25       101
         9         7        25       101
         2         2        25       101
         1         6        25       101
        20        12        25       101
        27        13        25       101
        37        14        25       101
        32        13        25       101
        22        15        25       101
        18        18        25       101
        11        19        25       101
         6        20        25       101
         1        25        25       101
         1        27        25       101
         1        27        25       101
         1        26        25       101
         1        26        25       101
         3        25        25       101
         5        25        25       101
         5        24        25       101
         2        25        25       101
         2        28        25       101
         1        26        25       101
         3        26        25       101
         1        28        25       101
         1        30        25       101
         1        30        25       101
         1        31        25       101
         1        33        25       101
         1        37        25       101
         1        40        25       101
         1        40        25       101
         1        40        25       101
         1        41        25       101
         1        43        25       101
         1        43        25       101
         1        43        25       101
         1        42        25       101
         4        42        25       101
         1        42        25       101
         1        42        25       101
         1        38        25       101
         1        37        25       101
         1        36        25       101
         1        35        25       101
        13        34        25       101
        11        32        25       101
         6        30        25       101
        16        29        25       101
        10        28        25       101
        15        26        25       101
        12        23        25       101
         6        23        25       101
         1        24        25       101
         1        24        25       101
         2        24        25       101
         2        24        25       101
         1        23        25       101
         1        23        25       101
         4        22        25       101
         2        23        25       101
         1        23        25       101
         1        23        25       101
         1        24        25       101
         1        26        25       101
         1        27        25       101
         1        26        25       101
         9        13        25       101
         6        13        25       101
         1        15        25       101
         1        15        25       101
         1        16        25       101
         1        15        25       101
        11        13        25       101
         8        13        25       101
         8        11        25       101
         5        10        25       101
         8         1        25       101
         1         1        25       101
         1         1        25       101
         1         1        25       101
        10         1        25       101
        13         1        25       101
        32         7        25       101
        28        11        25       101
        28         7        25       101
        28         6        25       101
        22         7        25       101
        21         7        25       101
        20         7        25       101
        19         5        25       101
        18         4        25       101
        12         3        25       101
         6         1        25       101
         1         3        25       101
         1         2        25       101
         1         3        25       101
         1         4        25       101
         4         1        25       101
         2         1        25       101
         1         2        25       101
         1         1        25       101
         1         4        25       101
         1         5        25       101
         1         3        25       101
         1         1        25       101
         2         2        25       101
         1         1        25       101
         1         1        25       101
         1         1        25       101
         1         1        25       101
         1         1        25       101
         1         1        25       101
         1         1        25       101
         1         1        25       101
         1         1        25       101
         1         1        25       101
         1         1        25       101
         1         1        25       101
         1         1        25       101
         1         1        25       101
         1         1        25       101
         1         1        25       101
         1         1        25       101
         1         1        25       101
         1         1        25       101
         1         1        25       101
         1         1        25       101
         1         1        25       101
         1         1        25       101
         1         1        25       101
         1         1        25       101
         1         1        25       101
         1         1        25       101
         1         1        25       101
         1         1        25       101
         1         1        25       101
         1         1        25       101
         3         1        25       101
         1         1        25       101
         1         1        25       101
         1         1        25       101
         1         1        25       101
         1         1        25       101
         1         1        25       101
         1         1        25       101
         1         1        25       101
         1         1        25       101
         1         1        25       101
         1         1        25       101
         1         1        25       101
         1         1        25       101
         1         1        25       101
         1         2        25       101
         1         2        25       101
         1         1        25       101
         1         1        25       101
         1         1        25       101
         1         1        25       101
         2         1        25       101
         1         1        25       101
         1         1        25       101
         1         1        25       101
         1         1        25       101
         1         1        25       101
         1         1        25       101
         1         1        25       101
         1         1        25       101
         1         1        25       101
         1         1        25       101
        13         1        25       101
         7         1        25       101
         1         1        25       101
         1         1        25       101
         1         1        25       101
         1         4        25       101
         1         1        25       101
         1         1        25       101
         1         1        25       101
         1         1        25       101
         1         1        25       101
         1         2        25       101
         1         3        25       101
         1         1        25       101
         1         1        25       101
         1         1        25       101
         1         1        25       101
         1         1        25       101
         1         1        25       101
         1         1        25       101
         1         1        25       101
         1         1        25       101
         1         1        25       101
         1         1        25       101
         1         1        25       101
         1         1        25       101
         1         1        25       101
         1         1        25       101
         1         1        25       101
         1         1        25       101
         1         1        25       101
