       298       149        67       122
       303       168        67       122
       303       167        67       122
       300       170        67       122
       298       172        67       122
       302       191        67       122
       299       191        67       122
       303       188        67       122
       303       188        67       122
       301       187        67       122
       299       186        67       122
       302       185        67       122
       299       182        67       122
       297       182        67       122
       296       181        67       122
       293       179        67       122
       295       176        67       122
       294       177        67       122
       293       176        67       122
       292       175        67       122
       291       174        67       122
       290       173        67       122
       290       184        67       122
       289       183        67       122
       288       182        67       122
       288       181        67       122
       287       183        67       122
       286       181        67       122
       286       180        67       122
       286       179        67       122
       287       177        67       122
       287       177        67       122
       289       178        67       122
       288       177        67       122
       286       184        67       122
       284       185        67       122
       284       177        67       122
       284       176        67       122
       282       175        67       122
       280       174        67       122
       299       173        67       122
       280       173        67       122
       277       176        67       122
       275       176        67       122
       274       175        67       122
       272       175        67       122
       270       174        67       122
       269       171        67       122
       267       169        67       122
       266       169        67       122
       265       169        67       122
       264       170        67       122
       262       170        67       122
       262       170        67       122
       260       170        67       122
       259       170        67       122
       258       169        67       122
       257       169        67       122
       275       176        67       122
       256       170        67       122
       255       169        67       122
       255       169        67       122
       254       169        67       122
       254       169        67       122
       253       169        67       122
       253       169        67       122
       254       168        67       122
       254       168        67       122
       254       168        67       122
       253       168        67       122
       253       167        67       122
       253       168        67       122
       252       168        67       122
       252       167        67       122
       252       167        67       122
       252       167        67       122
       252       166        67       122
       252       166        67       122
       252       167        67       122
       251       167        67       122
       251       166        67       122
       251       166        67       122
       250       165        67       122
       256       164        67       122
       250       164        67       122
       250       164        67       122
       249       163        67       122
       248       163        67       122
       256       162        67       122
       247       163        67       122
       247       163        67       122
       245       163        67       122
       245       162        67       122
       244       161        67       122
       242       160        67       122
       241       161        67       122
       240       161        67       122
       238       160        67       122
       237       161        67       122
       236       161        67       122
       233       161        67       122
       232       161        67       122
       229       161        67       122
       227       161        67       122
       225       161        67       122
       222       161        67       122
       219       160        67       122
       216       160        67       122
       214       160        67       122
       216       174        67       122
       208       160        67       122
       205       160        67       122
       202       160        67       122
       200       160        67       122
       197       161        67       122
       194       161        67       122
       192       162        67       122
       189       162        67       122
       186       162        67       122
       184       162        67       122
       182       162        67       122
       179       162        67       122
       178       163        67       122
       176       163        67       122
       174       163        67       122
       172       163        67       122
       171       163        67       122
       170       162        67       122
       169       162        67       122
       168       162        67       122
       180       154        67       122
       168       161        67       122
       166       164        67       122
       166       164        67       122
       166       165        67       122
       166       165        67       122
       166       165        67       122
       170       162        67       122
       168       166        67       122
       168       167        67       122
       169       168        67       122
       170       169        67       122
       171       169        67       122
       171       170        67       122
       173       171        67       122
       174       172        67       122
       175       173        67       122
       177       174        67       122
       178       175        67       122
       179       176        67       122
       181       177        67       122
       182       178        67       122
       183       179        67       122
       185       180        67       122
       188       180        67       122
       204       191        67       122
       196       181        67       122
       200       180        67       122
       204       179        67       122
       208       179        67       122
       211       179        67       122
       214       178        67       122
       217       177        67       122
       219       176        67       122
       222       175        67       122
       224       174        67       122
       227       173        67       122
       229       172        67       122
       232       171        67       122
       234       170        67       122
       237       169        67       122
       239       170        67       122
       242       171        67       122
       243       171        67       122
       245       171        67       122
       246       172        67       122
       248       173        67       122
       250       173        67       122
       253       174        67       122
       259       193        67       122
       258       174        67       122
       260       175        67       122
       263       175        67       122
       265       176        67       122
       278       190        67       122
       272       177        67       122
       273       177        67       122
       275       178        67       122
       277       178        67       122
       278       179        67       122
       279       180        67       122
       281       180        67       122
       282       180        67       122
       284       181        67       122
       286       182        67       122
       288       182        67       122
       289       182        67       122
       292       181        67       122
       293       182        67       122
       295       182        67       122
       297       181        67       122
       298       181        67       122
       299       180        67       122
       314       167        67       122
       303       179        67       122
       304       179        67       122
       305       179        67       122
       307       178        67       122
       308       178        67       122
       309       178        67       122
       311       177        67       122
       312       177        67       122
       313       176        67       122
       314       176        67       122
       316       175        67       122
       317       175        67       122
       319       175        67       122
       321       175        67       122
       324       174        67       122
       327       174        67       122
       329       174        67       122
       330       174        67       122
       333       173        67       122
       336       174        67       122
       336       174        67       122
       337       174        67       122
       338       174        67       122
       341       175        67       122
       354       168        67       122
       340       176        67       122
       340       175        67       122
       340       176        67       122
       357       167        67       122
       342       177        67       122
       342       177        67       122
       342       178        67       122
       345       176        67       122
       346       174        67       122
       344       174        67       122
       344       175        67       122
       344       175        67       122
       341       177        67       122
       340       177        67       122
       340       176        67       122
       338       176        67       122
       336       176        67       122
       335       176        67       122
       335       175        67       122
       333       175        67       122
       330       175        67       122
       328       174        67       122
       329       174        67       122
       348       180        67       122
       329       174        67       122
       322       171        67       122
       320       171        67       122
       318       171        67       122
       315       174        67       122
       312       175        67       122
       309       175        67       122
       307       176        67       122
       304       174        67       122
       302       172        67       122
       299       170        67       122
       296       170        67       122
       293       169        67       122
       290       168        67       122
       288       168        67       122
       284       167        67       122
       281       169        67       122
       277       169        67       122
       274       169        67       122
       271       169        67       122
       267       167        67       122
       263       165        67       122
       260       178        67       122
       255       162        67       122
       251       163        67       122
       247       162        67       122
       242       162        67       122
       237       163        67       122
       233       182        67       122
       231       183        67       122
       223       165        67       122
       218       162        67       122
       214       160        67       122
       209       160        67       122
       205       159        67       122
       200       158        67       122
       195       159        67       122
       191       159        67       122
       186       158        67       122
       181       160        67       122
       177       161        67       122
       172       161        67       122
       167       162        67       122
       162       162        67       122
       158       160        67       122
       154       157        67       122
       173       155        67       122
       154       161        67       122
       147       165        67       122
       144       166        67       122
       137       167        67       122
       133       167        67       122
       130       167        67       122
       127       166        67       122
       123       166        67       122
       120       166        67       122
       117       165        67       122
       114       165        67       122
       110       166        67       122
       107       167        67       122
       104       167        67       122
       101       167        67       122
        97       166        67       122
        94       166        67       122
        91       167        67       122
        88       166        67       122
        86       166        67       122
        82       166        67       122
        80       165        67       122
        77       165        67       122
        79       184        67       122
        74       165        67       122
        73       161        67       122
        72       161        67       122
        71       162        67       122
        70       163        67       122
        78       181        67       122
        72       166        67       122
        73       166        67       122
        74       166        67       122
        76       167        67       122
        78       167        67       122
        81       167        67       122
        84       167        67       122
        87       169        67       122
        89       169        67       122
        94       170        67       122
       100       171        67       122
       106       171        67       122
       114       171        67       122
       122       171        67       122
       130       171        67       122
       139       173        67       122
       147       173        67       122
       157       175        67       122
       140       165        67       122
       149       181        67       122
       168       175        67       122
       181       172        67       122
       188       172        67       122
       195       171        67       122
       202       172        67       122
       209       172        67       122
       216       171        67       122
       223       172        67       122
       230       172        67       122
       238       173        67       122
       242       174        67       122
       250       172        67       122
       257       180        67       122
       263       184        67       122
       271       184        67       122
       273       176        67       122
