        51        53        87       290
        50        57        87       290
        51        60        87       290
        53        60        87       290
        56        60        87       290
        59        60        87       290
        62        60        87       290
        64        60        87       290
        67        60        87       290
        70        60        87       290
        73        60        87       290
        76        60        87       290
        79        60        87       290
        82        60        87       290
        85        60        87       290
        87        60        87       290
        90        60        87       290
        93        60        87       290
        95        60        87       290
        98        60        87       290
       101        60        87       290
       103        60        87       290
       106        60        87       290
       109        60        87       290
       111        60        87       290
       114        60        87       290
       117        60        87       290
       119        60        87       290
       121        60        87       290
       123        60        87       290
       125        60        87       290
       127        60        87       290
       130        60        87       290
       133        60        87       290
       136        60        87       290
       138        59        87       290
       140        59        87       290
       142        59        87       290
       145        59        87       290
       147        58        87       290
       150        58        87       290
       152        58        87       290
       151        56        87       290
       156        57        87       290
       158        57        87       290
       160        57        87       290
       162        56        87       290
       164        56        87       290
       166        56        87       290
       169        55        87       290
       171        55        87       290
       173        55        87       290
       175        54        87       290
       177        55        87       290
       179        54        87       290
       180        54        87       290
       181        54        87       290
       183        54        87       290
       184        54        87       290
       185        53        87       290
       187        53        87       290
       188        53        87       290
       190        53        87       290
       192        53        87       290
       193        53        87       290
       195        53        87       290
       196        52        87       290
       197        52        87       290
       199        52        87       290
       200        52        87       290
       201        51        87       290
       202        51        87       290
       204        50        87       290
       205        50        87       290
       206        49        87       290
       207        50        87       290
       208        50        87       290
       210        51        87       290
       212        52        87       290
       213        52        87       290
       215        52        87       290
       217        52        87       290
       218        52        87       290
       220        52        87       290
       221        52        87       290
       222        52        87       290
       223        52        87       290
       224        52        87       290
       225        52        87       290
       226        52        87       290
       228        52        87       290
       229        52        87       290
       230        52        87       290
       231        52        87       290
       232        51        87       290
       233        51        87       290
       234        50        87       290
       235        50        87       290
       236        49        87       290
       237        49        87       290
       238        49        87       290
       239        49        87       290
       240        49        87       290
       241        49        87       290
       243        49        87       290
       245        49        87       290
       246        50        87       290
       247        50        87       290
       248        50        87       290
       249        50        87       290
       250        50        87       290
       251        49        87       290
       252        49        87       290
       253        48        87       290
       252        46        87       290
       252        47        87       290
       253        45        87       290
       253        45        87       290
       254        43        87       290
       254        42        87       290
       254        41        87       290
       255        40        87       290
       255        38        87       290
       256        37        87       290
       257        36        87       290
       257        35        87       290
       255        33        87       290
       256        32        87       290
       256        30        87       290
       257        28        87       290
       257        27        87       290
       257        22        87       290
       257        21        87       290
       258        18        87       290
       259        17        87       290
       260        14        87       290
       261        13        87       290
       262        10        87       290
       262        11        87       290
       263        10        87       290
       264         9        87       290
       265         9        87       290
       266         8        87       290
       267         6        87       290
       268         6        87       290
       269         6        87       290
       270         5        87       290
       271         5        87       290
       272         5        87       290
       273         4        87       290
       274         4        87       290
       275         3        87       290
       276         3        87       290
       276         2        87       290
       276         2        87       290
       277         2        87       290
       277         2        87       290
       278         2        87       290
       279         3        87       290
       279         2        87       290
       279         2        87       290
       280         1        87       290
       279         1        87       290
       280         1        87       290
       281         2        87       290
       282         1        87       290
       282         1        87       290
       282         1        87       290
       283         1        87       290
       283         1        87       290
       283         1        87       290
       283         1        87       290
       284         1        87       290
       285         1        87       290
       286         1        87       290
       286         1        87       290
       287         1        87       290
       287         1        87       290
       288         1        87       290
       289         1        87       290
       289         1        87       290
       290         1        87       290
       290         1        87       290
       291         1        87       290
       292         1        87       290
       292         1        87       290
       293         1        87       290
       293         1        87       290
       293         1        87       290
       294         1        87       290
       295         1        87       290
       296         1        87       290
       296         1        87       290
       297         2        87       290
       297         2        87       290
       297         1        87       290
       297         2        87       290
       297         2        87       290
       298         1        87       290
       298         1        87       290
       299         1        87       290
       299         2        87       290
       299         2        87       290
       300         1        87       290
       301         1        87       290
       302         1        87       290
       303         1        87       290
       303         1        87       290
       304         1        87       290
       304         1        87       290
       304         1        87       290
       304         1        87       290
       304         1        87       290
       304         1        87       290
       304         1        87       290
       304         1        87       290
       304         1        87       290
       304         1        87       290
       304         1        87       290
       305         1        87       290
       305         1        87       290
       305         1        87       290
       306         1        87       290
       306         1        87       290
       306         1        87       290
       306         1        87       290
       306         1        87       290
       306         1        87       290
       306         1        87       290
       307         1        87       290
       307         1        87       290
       307         1        87       290
       307         1        87       290
       307         1        87       290
       306         1        87       290
       306         1        87       290
       306         2        87       290
       306         2        87       290
       306         2        87       290
       306         1        87       290
       306         2        87       290
       305         2        87       290
       305         2        87       290
       305         1        87       290
       305         1        87       290
       305         1        87       290
       304         1        87       290
       304         1        87       290
       304         1        87       290
       303         1        87       290
       303         1        87       290
       303         1        87       290
       303         1        87       290
       303         1        87       290
       303         1        87       290
       302         1        87       290
       301         2        87       290
       301         1        87       290
       301         1        87       290
       299         2        87       290
       299         1        87       290
       299         1        87       290
       299         1        87       290
       300         1        87       290
       300         1        87       290
       301         1        87       290
       302         1        87       290
       302         1        87       290
       302         1        87       290
       302         1        87       290
       302         1        87       290
       301         1        87       290
       303         1        87       290
       304         1        87       290
       305         1        87       290
       305         1        87       290
       305         1        87       290
       304         1        87       290
       304         1        87       290
       304         1        87       290
       304         1        87       290
       304         1        87       290
       303         1        87       290
       302         1        87       290
       301         1        87       290
       300         1        87       290
       301         1        87       290
       301         1        87       290
       301         1        87       290
       301         1        87       290
       301         1        87       290
       301         1        87       290
       301         1        87       290
       300         1        87       290
       300         1        87       290
       300         1        87       290
       300         1        87       290
       300         1        87       290
       300         1        87       290
       299         1        87       290
       299         1        87       290
       299         1        87       290
       298         1        87       290
       298         1        87       290
       298         1        87       290
       298         1        87       290
       298         1        87       290
       298         1        87       290
       297         1        87       290
       297         1        87       290
       297         1        87       290
       296         1        87       290
       296         1        87       290
       296         1        87       290
       295         1        87       290
       295         1        87       290
       295         1        87       290
       294         1        87       290
       294         1        87       290
       293         1        87       290
       292         1        87       290
       292         1        87       290
       292         1        87       290
       292         2        87       290
       291         2        87       290
       291         2        87       290
       290         1        87       290
       290         1        87       290
       290         1        87       290
       290         1        87       290
       290         1        87       290
       290         1        87       290
       290         1        87       290
       290         1        87       290
       290         1        87       290
       290         1        87       290
       290         1        87       290
       290         1        87       290
       289         1        87       290
       289         1        87       290
       289         1        87       290
       289         1        87       290
       289         1        87       290
       289         1        87       290
       289         1        87       290
       289         1        87       290
       289         1        87       290
       289         1        87       290
       289         1        87       290
       290         1        87       290
       290         1        87       290
