       289        67        64       236
       290        71        64       236
       289        71        64       236
       288        71        64       236
       286        70        64       236
       281        67        64       236
       279        67        64       236
       274        64        64       236
       273        62        64       236
       279        62        64       236
       280        63        64       236
       281        63        64       236
       280        63        64       236
       277        62        64       236
       264        59        64       236
       260        60        64       236
       261        61        64       236
       263        60        64       236
       262        57        64       236
       261        57        64       236
       257        58        64       236
       256        57        64       236
       254        55        64       236
       252        51        64       236
       254        47        64       236
       254        47        64       236
       257        49        64       236
       256        48        64       236
       275        47        64       236
       285        43        64       236
       291        41        64       236
       292        39        64       236
       285        38        64       236
       282        37        64       236
       277        34        64       236
       275        33        64       236
       274        36        64       236
       271        40        64       236
       266        40        64       236
       265        42        64       236
       269        43        64       236
       268        41        64       236
       287        38        64       236
       286        42        64       236
       291        44        64       236
       290        44        64       236
       287        43        64       236
       291        44        64       236
       283        47        64       236
       279        47        64       236
       273        47        64       236
       271        47        64       236
       268        47        64       236
       268        47        64       236
       273        48        64       236
       274        47        64       236
       270        46        64       236
       266        46        64       236
       270        47        64       236
       273        45        64       236
       275        43        64       236
       280        42        64       236
       286        40        64       236
       288        39        64       236
       289        37        64       236
       289        36        64       236
       285        33        64       236
       282        32        64       236
       277        33        64       236
       272        32        64       236
       265        33        64       236
       261        33        64       236
       258        35        64       236
       259        34        64       236
       258        34        64       236
       259        36        64       236
       256        35        64       236
       253        33        64       236
       245        31        64       236
       241        30        64       236
       237        27        64       236
       240        29        64       236
       250        32        64       236
       262        30        64       236
       276        26        64       236
       280        23        64       236
       283        25        64       236
       278        26        64       236
       271        29        64       236
       269        31        64       236
       268        34        64       236
       267        34        64       236
       248        32        64       236
       244        31        64       236
       240        29        64       236
       241        28        64       236
       241        27        64       236
       242        26        64       236
       244        24        64       236
       246        23        64       236
       249        21        64       236
       250        19        64       236
       250        16        64       236
       250        14        64       236
       250        11        64       236
       246         9        64       236
       231        11        64       236
       229        10        64       236
       226         8        64       236
       223         6        64       236
       217         4        64       236
       216         2        64       236
       214         1        64       236
       213         1        64       236
       216         1        64       236
       218         1        64       236
       218         1        64       236
       219         1        64       236
       222         1        64       236
       225         1        64       236
       229         1        64       236
       231         1        64       236
       235         1        64       236
       239         1        64       236
       242         1        64       236
       244         1        64       236
       240         1        64       236
       243         1        64       236
       248         1        64       236
       251         1        64       236
       258         1        64       236
       262         1        64       236
       265         1        64       236
       268         1        64       236
       272         1        64       236
       273         1        64       236
       275         1        64       236
       275         1        64       236
       269         1        64       236
       266         1        64       236
       259         1        64       236
       259         1        64       236
       259         1        64       236
       260         1        64       236
       266         1        64       236
       269         1        64       236
       273         1        64       236
       275         1        64       236
       278         1        64       236
       280         1        64       236
       273         1        64       236
       272         1        64       236
       280         1        64       236
       281         1        64       236
       284         1        64       236
       286         1        64       236
       291         1        64       236
       293         1        64       236
       296         1        64       236
       297         1        64       236
       299         1        64       236
       304         1        64       236
       309         1        64       236
       309         1        64       236
       304         1        64       236
       309         1        64       236
       323         1        64       236
       324         1        64       236
       325         1        64       236
       326         1        64       236
       322         1        64       236
       322         1        64       236
       320         1        64       236
       326         1        64       236
       324         1        64       236
       324         1        64       236
       328         1        64       236
       330         1        64       236
       329         1        64       236
       330         1        64       236
       331         1        64       236
       329         1        64       236
       329         1        64       236
       329         1        64       236
       329         1        64       236
       333         1        64       236
       335         1        64       236
       342         1        64       236
       343         1        64       236
       339         1        64       236
       339         1        64       236
       337         1        64       236
       336         1        64       236
       334         1        64       236
       334         1        64       236
       333         1        64       236
       332         1        64       236
       332         1        64       236
       334         1        64       236
       337         1        64       236
       337         1        64       236
       336         4        64       236
       333         6        64       236
       329         5        64       236
       329         4        64       236
       329         1        64       236
       329         2        64       236
       328         1        64       236
       329         1        64       236
       327         4        64       236
       328         1        64       236
       331         1        64       236
       329         1        64       236
       327         1        64       236
       328         1        64       236
       320         1        64       236
       319         1        64       236
       319        10        64       236
       318        11        64       236
       317        12        64       236
       316        12        64       236
       312        12        64       236
       311        12        64       236
       309        14        64       236
       309        15        64       236
       315        16        64       236
       321        15        64       236
       328        15        64       236
       332        15        64       236
       343        17        64       236
       346        17        64       236
       349        17        64       236
       346        10        64       236
       341        11        64       236
       339        11        64       236
       335        17        64       236
       336        19        64       236
       336        17        64       236
       335        20        64       236
       335        20        64       236
       336        19        64       236
       325        16        64       236
       323        15        64       236
       317        23        64       236
       314        27        64       236
       309        29        64       236
       310        35        64       236
       306        35        64       236
       303        31        64       236
       301        42        64       236
       301        46        64       236
       286        33        64       236
       283        29        64       236
       288        31        64       236
       290        33        64       236
       292        39        64       236
       292        37        64       236
       291        36        64       236
       293        38        64       236
       294        34        64       236
       295        34        64       236
       286        33        64       236
       284        36        64       236
       273        33        64       236
       273        34        64       236
       271        31        64       236
       270        29        64       236
       265        29        64       236
       262        30        64       236
       256        28        64       236
       253        29        64       236
       246        33        64       236
       241        32        64       236
       231        35        64       236
       228        38        64       236
       222        42        64       236
       221        43        64       236
       220        44        64       236
       219        33        64       236
       226        33        64       236
       226        33        64       236
       228        32        64       236
       230        32        64       236
       236        32        64       236
       240        32        64       236
       246        32        64       236
       250        31        64       236
       252        29        64       236
       251        27        64       236
       252        27        64       236
       251        28        64       236
       248        30        64       236
       246        31        64       236
       242        31        64       236
       239        31        64       236
       238        31        64       236
       241        31        64       236
       246        32        64       236
       249        33        64       236
       254        34        64       236
       257        36        64       236
       258        35        64       236
       258        35        64       236
       257        33        64       236
       255        33        64       236
       249        34        64       236
       245        34        64       236
       233        34        64       236
       228        36        64       236
       217        36        64       236
       213        36        64       236
       208        39        64       236
       206        39        64       236
       206        38        64       236
       207        41        64       236
       213        44        64       236
       216        44        64       236
       221        44        64       236
       223        45        64       236
       230        46        64       236
       233        45        64       236
       238        44        64       236
       243        43        64       236
       245        44        64       236
       247        44        64       236
       249        46        64       236
       248        44        64       236
       250        46        64       236
       250        46        64       236
       249        47        64       236
       252        46        64       236
       256        49        64       236
       260        50        64       236
       264        52        64       236
       265        51        64       236
       267        50        64       236
       268        49        64       236
       269        50        64       236
       269        50        64       236
       268        53        64       236
       267        54        64       236
       262        57        64       236
       261        59        64       236
       256        63        64       236
       254        65        64       236
       251        69        64       236
       249        71        64       236
       245        71        64       236
       253        70        64       236
       252        69        64       236
       244        70        64       236
       241        70        64       236
       239        70        64       236
       237        71        64       236
       232        71        64       236
       228        81        64       236
       222        87        64       236
       220        87        64       236
       212        87        64       236
       209        87        64       236
       200        90        64       236
       198        91        64       236
       198        92        64       236
       200        93        64       236
       203        95        64       236
       205        95        64       236
       211       101        64       236
       216       104        64       236
       208       104        64       236
       210       104        64       236
       222       105        64       236
       226       105        64       236
       234       108        64       236
       240       108        64       236
       257       114        64       236
       263       114        64       236
       265       114        64       236
       255       103        64       236
       254        90        64       236
       247        96        64       236
       232        98        64       236
       230        97        64       236
       230        98        64       236
       229        99        64       236
       229       100        64       236
       231       103        64       236
       231       104        64       236
       236       105        64       236
       247       101        64       236
       250        99        64       236
       258        98        64       236
       260       100        64       236
       258       104        64       236
       253       103        64       236
       245       104        64       236
       245       104        64       236
       244       101        64       236
       238       100        64       236
       227       100        64       236
       226        99        64       236
       228       100        64       236
       233       100        64       236
       240       104        64       236
       236       103        64       236
       233       104        64       236
       230       104        64       236
       231       103        64       236
       233       104        64       236
       235       104        64       236
       232       104        64       236
       213       105        64       236
       194       105        64       236
       182       105        64       236
       177       105        64       236
       173       104        64       236
       172       103        64       236
       174       102        64       236
       175       101        64       236
       173       103        64       236
       173       103        64       236
       175       104        64       236
       178       103        64       236
       180       105        64       236
       180       105        64       236
       176       106        64       236
       175       106        64       236
       161       106        64       236
       153       105        64       236
       134       107        64       236
       120       107        64       236
       101       110        64       236
        93       110        64       236
        74       109        64       236
        81       109        64       236
        95       109        64       236
       103       109        64       236
       122       109        64       236
       135       109        64       236
       154       109        64       236
       159       108        64       236
       167       114        64       236
       171       114        64       236
       173       114        64       236
       173       114        64       236
       170       111        64       236
       172       114        64       236
       167       112        64       236
       167       114        64       236
       162       114        64       236
       159       114        64       236
       147       108        64       236
       145       110        64       236
       131       110        64       236
       127       111        64       236
       121       112        64       236
       119       111        64       236
       120       111        64       236
       121       111        64       236
       124       110        64       236
       127       109        64       236
       137       108        64       236
       142       109        64       236
       158       109        64       236
       167       109        64       236
       177       108        64       236
       179       106        64       236
       188       103        64       236
       192       102        64       236
       198       102        64       236
       200       101        64       236
       202       100        64       236
       204       101        64       236
       208       100        64       236
