       347        58       103       251
       345        57       103       251
       344        57       103       251
       340        58       103       251
       337        58       103       251
       331        59       103       251
       328        60       103       251
       319        58       103       251
       316        57       103       251
       310        55       103       251
       308        55       103       251
       307        53       103       251
       306        51       103       251
       302        50       103       251
       298        48       103       251
       296        47       103       251
       293        44       103       251
       291        44       103       251
       283        44       103       251
       281        46       103       251
       281        47       103       251
       282        47       103       251
       284        47       103       251
       287        48       103       251
       296        48       103       251
       301        48       103       251
       307        48       103       251
       310        47       103       251
       321        43       103       251
       327        39       103       251
       325        35       103       251
       328        33       103       251
       328        30       103       251
       324        29       103       251
       316        27       103       251
       313        27       103       251
       308        30       103       251
       306        31       103       251
       304        34       103       251
       306        34       103       251
       317        36       103       251
       322        36       103       251
       331        34       103       251
       336        32       103       251
       336        35       103       251
       337        35       103       251
       340        33       103       251
       341        32       103       251
       339        32       103       251
       339        31       103       251
       342        30       103       251
       353        32       103       251
       357        33       103       251
       359        33       103       251
       366        35       103       251
       370        36       103       251
       377        39       103       251
       379        38       103       251
       381        40       103       251
       381        34       103       251
       383        31       103       251
       382        31       103       251
       378        30       103       251
       374        30       103       251
       371        29       103       251
       368        29       103       251
       364        28       103       251
       361        27       103       251
       355        28       103       251
       350        29       103       251
       342        30       103       251
       338        29       103       251
       333        28       103       251
       331        27       103       251
       328        26       103       251
       326        25       103       251
       322        24       103       251
       318        23       103       251
       312        21       103       251
       309        20       103       251
       307        19       103       251
       307        19       103       251
       309        19       103       251
       311        17       103       251
       317        19       103       251
       319        18       103       251
       320        18       103       251
       322        18       103       251
       324        20       103       251
       325        21       103       251
       329        21       103       251
       328        21       103       251
       325        21       103       251
       324        21       103       251
       323        18       103       251
       323        17       103       251
       324        16       103       251
       324        15       103       251
       327        15       103       251
       328        15       103       251
       328        14       103       251
       327        13       103       251
       322        11       103       251
       319         8       103       251
       313         8       103       251
       309         8       103       251
       305         6       103       251
       304         5       103       251
       300         2       103       251
       298         1       103       251
       291         1       103       251
       289         1       103       251
       289         1       103       251
       289         1       103       251
       292         1       103       251
       294         1       103       251
       299         1       103       251
       301         1       103       251
       307         1       103       251
       310         1       103       251
       317         1       103       251
       320         1       103       251
       325         1       103       251
       326         1       103       251
       328         1       103       251
       328         1       103       251
       332         1       103       251
       335         1       103       251
       339         2       103       251
       339         1       103       251
       339         1       103       251
       337         1       103       251
       336         1       103       251
       335         1       103       251
       335         1       103       251
       336         1       103       251
       338         1       103       251
       335         1       103       251
       328         1       103       251
       323         1       103       251
       316         1       103       251
       317         1       103       251
       314         1       103       251
       313         1       103       251
       313         1       103       251
       310         1       103       251
       307         1       103       251
       307         1       103       251
       302         1       103       251
       296         1       103       251
       284         1       103       251
       282         1       103       251
       286         1       103       251
       286         1       103       251
       286         1       103       251
       287         1       103       251
       291         1       103       251
       294         1       103       251
       293         1       103       251
       294         1       103       251
       298         1       103       251
       297         1       103       251
       296         1       103       251
       297         1       103       251
       301         1       103       251
       305         1       103       251
       311         1       103       251
       311         1       103       251
       313         1       103       251
       314         1       103       251
       319         1       103       251
       320         1       103       251
       319         1       103       251
       316         1       103       251
       315         1       103       251
       316         1       103       251
       320         1       103       251
       323         1       103       251
       328         1       103       251
       330         1       103       251
       332         1       103       251
       337         1       103       251
       338         1       103       251
       338         1       103       251
       336         1       103       251
       333         1       103       251
       333         1       103       251
       335         1       103       251
       337         1       103       251
       341         1       103       251
       341         1       103       251
       341         1       103       251
       340         1       103       251
       339         1       103       251
       339         1       103       251
       340         1       103       251
       340         1       103       251
       340         1       103       251
       340         1       103       251
       337         1       103       251
       336         1       103       251
       331         2       103       251
       329         3       103       251
       329         3       103       251
       330         4       103       251
       330         4       103       251
       330         2       103       251
       329         1       103       251
       328         1       103       251
       326         1       103       251
       326         1       103       251
       326         1       103       251
       326         1       103       251
       326         1       103       251
       326         1       103       251
       325         6       103       251
       325         8       103       251
       323        13       103       251
       322        14       103       251
       318        16       103       251
       315        17       103       251
       309        17       103       251
       307        17       103       251
       305        16       103       251
       305        16       103       251
       307        18       103       251
       309        18       103       251
       318        17       103       251
       323        16       103       251
       331        15       103       251
       333        15       103       251
       335        12       103       251
       335         5       103       251
       335         1       103       251
       335         1       103       251
       334         7       103       251
       331         8       103       251
       322         9       103       251
       323         9       103       251
       325         8       103       251
       325         7       103       251
       319         8       103       251
       316         9       103       251
       309        12       103       251
       308        11       103       251
       305        14       103       251
       303        14       103       251
       296        16       103       251
       294        16       103       251
       291        18       103       251
       292        20       103       251
       295        22       103       251
       294        22       103       251
       290        23       103       251
       288        24       103       251
       291        26       103       251
       293        27       103       251
       291        27       103       251
       290        27       103       251
       294        30       103       251
       297        33       103       251
       298        33       103       251
       298        37       103       251
       297        45       103       251
       297        44       103       251
       295        40       103       251
       294        39       103       251
       290        41       103       251
       289        43       103       251
       286        46       103       251
       283        47       103       251
       276        51       103       251
       272        51       103       251
       265        52       103       251
       262        53       103       251
       255        55       103       251
       253        55       103       251
       250        55       103       251
       250        53       103       251
       250        52       103       251
       253        55       103       251
       254        56       103       251
       255        57       103       251
       257        60       103       251
       257        58       103       251
       260        54       103       251
       261        49       103       251
       260        48       103       251
       261        48       103       251
       263        48       103       251
       264        48       103       251
       266        53       103       251
       270        57       103       251
       281        55       103       251
       283        55       103       251
       282        57       103       251
       281        58       103       251
       282        61       103       251
       283        62       103       251
       285        67       103       251
       284        70       103       251
       283        70       103       251
       282        74       103       251
       281        75       103       251
       280        76       103       251
       286        79       103       251
       287        79       103       251
       290        80       103       251
       287        79       103       251
       281        77       103       251
       277        76       103       251
       269        72       103       251
       262        72       103       251
       252        74       103       251
       252        73       103       251
       258        74       103       251
       261        74       103       251
       263        76       103       251
       263        78       103       251
       266        78       103       251
       267        78       103       251
       268        78       103       251
       269        76       103       251
       268        76       103       251
       268        72       103       251
       265        73       103       251
       263        74       103       251
       265        76       103       251
       268        76       103       251
       275        81       103       251
       278        80       103       251
       285        80       103       251
       288        81       103       251
       296        83       103       251
       300        85       103       251
       305        87       103       251
       304        87       103       251
       312        88       103       251
       316        89       103       251
       318        88       103       251
       318        90       103       251
       312        99       103       251
       316        99       103       251
       309        99       103       251
       300        99       103       251
       294        99       103       251
       291        99       103       251
       289        99       103       251
       286        99       103       251
       285        99       103       251
       286        99       103       251
       285        99       103       251
       285        99       103       251
       287        99       103       251
       299        99       103       251
       297        99       103       251
       298        99       103       251
       295        99       103       251
       290        99       103       251
       287        99       103       251
       288        99       103       251
       290        99       103       251
       300        99       103       251
       304        99       103       251
       319        99       103       251
       338        99       103       251
       357        99       103       251
       376        99       103       251
       395        99       103       251
       414        99       103       251
       433        99       103       251
       452        99       103       251
       471        99       103       251
       490        99       103       251
       478        99       103       251
       493        99       103       251
       474        99       103       251
       468        99       103       251
       487        99       103       251
       506        99       103       251
       525        99       103       251
       535        99       103       251
       535        99       103       251
       535        99       103       251
       535        99       103       251
       535        99       103       251
       516        99       103       251
       497        99       103       251
       498        99       103       251
       482        99       103       251
       463        99       103       251
       476        99       103       251
       495        99       103       251
       481        99       103       251
       500        99       103       251
       518        99       103       251
       535        99       103       251
       535        99       103       251
       534        99       103       251
       535        99       103       251
       529        99       103       251
       535        99       103       251
       535        99       103       251
       535        99       103       251
       525        99       103       251
       535        99       103       251
       530        99       103       251
       521        99       103       251
       535        99       103       251
       525        99       103       251
       535        99       103       251
       535        99       103       251
       516        99       103       251
       518        99       103       251
       515        99       103       251
       510        99       103       251
       529        99       103       251
       535        99       103       251
       535        99       103       251
       518        99       103       251
       534        99       103       251
       535        99       103       251
       517        99       103       251
       532        99       103       251
       535        99       103       251
       535        99       103       251
       535        99       103       251
       535        99       103       251
       535        99       103       251
       535        99       103       251
       516        99       103       251
       501        99       103       251
       515        99       103       251
       529        99       103       251
       535        99       103       251
       535        98       103       251
       535        97       103       251
       535        97       103       251
       535        97       103       251
       535        97       103       251
       535        97       103       251
       535        96       103       251
       535        95       103       251
       535        95       103       251
       535        96       103       251
       535        96       103       251
       535        96       103       251
       524        96       103       251
       535        96       103       251
       535        96       103       251
       516        96       103       251
       527        97       103       251
       535        97       103       251
       535        97       103       251
       535        97       103       251
       535        98       103       251
       535        99       103       251
       535        99       103       251
       529        98       103       251
       535        99       103       251
       535        98       103       251
       535        97       103       251
       535        97       103       251
       535        97       103       251
       535        97       103       251
       535        97       103       251
       535        96       103       251
       535        97       103       251
       535        99       103       251
       516        99       103       251
       524        99       103       251
       535        99       103       251
       535        97       103       251
