       162       188        34        84
       162       190        34        84
       159       191        34        84
       161       194        34        84
       160       194        34        84
       159       192        34        84
       157       191        34        84
       157       190        34        84
       156       189        34        84
       156       189        34        84
       157       189        34        84
       158       189        34        84
       158       189        34        84
       158       190        34        84
       158       191        34        84
       160       192        34        84
       160       194        34        84
       160       194        34        84
       161       195        34        84
       162       196        34        84
       162       197        34        84
       162       198        34        84
       163       198        34        84
       164       198        34        84
       165       196        34        84
       166       196        34        84
       165       196        34        84
       171       195        34        84
       171       194        34        84
       170       194        34        84
       169       194        34        84
       168       192        34        84
       167       191        34        84
       163       191        34        84
       162       191        34        84
       161       192        34        84
       165       194        34        84
       164       193        34        84
       163       193        34        84
       163       194        34        84
       164       194        34        84
       162       194        34        84
       159       194        34        84
       156       194        34        84
       154       194        34        84
       152       194        34        84
       155       186        34        84
       152       188        34        84
       147       191        34        84
       141       193        34        84
       135       195        34        84
       129       195        34        84
       124       196        34        84
       118       197        34        84
       113       198        34        84
       107       199        34        84
       102       200        34        84
        96       203        34        84
        92       208        34        84
        86       209        34        84
        84       210        34        84
       101       209        34        84
        95       210        34        84
       100       210        34        84
        97       211        34        84
        98       211        34        84
       117       209        34        84
       118       209        34        84
       115       210        34        84
       119       210        34        84
       117       211        34        84
       117       212        34        84
       113       212        34        84
       130       212        34        84
       131       212        34        84
       130       213        34        84
       126       213        34        84
       123       213        34        84
       120       213        34        84
       116       213        34        84
       112       212        34        84
       108       212        34        84
       105       212        34        84
       101       213        34        84
        98       213        34        84
        95       213        34        84
        91       214        34        84
        87       215        34        84
        83       215        34        84
        79       216        34        84
        75       216        34        84
        70       216        34        84
        67       215        34        84
        62       216        34        84
        58       216        34        84
        53       216        34        84
        48       221        34        84
        44       221        34        84
        39       221        34        84
        35       221        34        84
        30       222        34        84
        26       221        34        84
        23       223        34        84
        19       222        34        84
        16       222        34        84
        14       223        34        84
        27       237        34        84
        46       236        34        84
        63       226        34        84
        64       225        34        84
        64       224        34        84
        62       224        34        84
        61       224        34        84
        59       224        34        84
        58       223        34        84
        57       223        34        84
        57       222        34        84
        56       222        34        84
        56       221        34        84
        56       221        34        84
        56       221        34        84
        60       221        34        84
        64       221        34        84
        63       221        34        84
        65       221        34        84
        66       221        34        84
        68       221        34        84
        69       221        34        84
        71       221        34        84
        71       221        34        84
        71       221        34        84
        72       221        34        84
        73       221        34        84
        73       221        34        84
        73       221        34        84
        72       222        34        84
        71       222        34        84
        69       222        34        84
        68       222        34        84
        67       222        34        84
        67       222        34        84
        65       222        34        84
        65       222        34        84
        65       221        34        84
        66       221        34        84
        65       221        34        84
        66       221        34        84
        66       221        34        84
        67       221        34        84
        67       221        34        84
        67       221        34        84
        67       221        34        84
        69       221        34        84
        69       221        34        84
        71       221        34        84
        72       221        34        84
        75       221        34        84
        76       221        34        84
        78       221        34        84
        80       221        34        84
        83       221        34        84
        86       220        34        84
        89       220        34        84
        91       221        34        84
        96       220        34        84
        98       220        34        84
       101       220        34        84
       100       219        34        84
        99       219        34        84
       102       219        34        84
       102       217        34        84
       103       216        34        84
       107       214        34        84
       113       212        34        84
       131       204        34        84
       131       204        34        84
       134       202        34        84
       141       202        34        84
       142       201        34        84
       145       201        34        84
       150       201        34        84
       163       202        34        84
       169       202        34        84
       177       201        34        84
       187       200        34        84
       190       200        34        84
       190       202        34        84
       190       203        34        84
       190       203        34        84
       190       200        34        84
       193       200        34        84
       195       200        34        84
       200       201        34        84
       219       197        34        84
       219       197        34        84
       217       197        34        84
       217       195        34        84
       230       193        34        84
       231       193        34        84
       231       192        34        84
       250       193        34        84
       251       193        34        84
       251       193        34        84
       252       193        34        84
       253       193        34        84
       257       192        34        84
       260       191        34        84
       262       191        34        84
       271       190        34        84
       274       189        34        84
       279       188        34        84
       285       187        34        84
       288       187        34        84
       290       188        34        84
       289       189        34        84
       291       188        34        84
       292       187        34        84
       298       184        34        84
       304       182        34        84
       306       181        34        84
       306       182        34        84
       308       182        34        84
       312       180        34        84
       318       175        34        84
       322       173        34        84
       324       172        34        84
       325       171        34        84
       325       171        34        84
       306       176        34        84
       305       173        34        84
       301       175        34        84
       298       175        34        84
       294       175        34        84
       291       175        34        84
       287       175        34        84
       283       175        34        84
       278       175        34        84
       273       175        34        84
       269       175        34        84
       263       175        34        84
       258       175        34        84
       252       175        34        84
       246       175        34        84
       237       178        34        84
       230       178        34        84
       230       171        34        84
       223       170        34        84
       219       168        34        84
       218       167        34        84
       217       167        34        84
       216       168        34        84
       217       173        34        84
       231       187        34        84
       248       177        34        84
       242       175        34        84
       237       175        34        84
       240       180        34        84
       244       179        34        84
       246       179        34        84
       246       178        34        84
       243       178        34        84
       236       178        34        84
       230       177        34        84
       225       177        34        84
       223       176        34        84
       226       175        34        84
       231       172        34        84
       223       175        34        84
       218       194        34        84
       211       192        34        84
       213       190        34        84
       214       192        34        84
       217       193        34        84
       219       194        34        84
       220       189        34        84
       204       179        34        84
       185       178        34        84
       167       178        34        84
       165       178        34        84
       171       180        34        84
       170       180        34        84
       167       181        34        84
       168       180        34        84
       165       179        34        84
       178       179        34        84
       174       180        34        84
       170       180        34        84
       166       180        34        84
       147       177        34        84
       145       176        34        84
       145       178        34        84
       141       179        34        84
       137       180        34        84
       132       181        34        84
       127       182        34        84
       122       182        34        84
       117       183        34        84
       115       183        34        84
       112       184        34        84
       106       187        34        84
        87       190        34        84
        74       192        34        84
        60       194        34        84
        52       197        34        84
        37       201        34        84
        32       205        34        84
        25       213        34        84
        21       226        34        84
         2       232        34        84
         1       235        34        84
         3       238        34        84
         1       241        34        84
         1       244        34        84
        12       252        34        84
         4       252        34        84
         1       256        34        84
         1       261        34        84
         1       262        34        84
         1       244        34        84
         1       243        34        84
         1       246        34        84
         1       248        34        84
         1       249        34        84
         1       253        34        84
         1       254        34        84
        20       255        34        84
        24       257        34        84
        12       251        34        84
         1       247        34        84
         1       247        34        84
         3       248        34        84
         1       249        34        84
         1       249        34        84
         1       262        34        84
         1       274        34        84
         1       274        34        84
         1       274        34        84
         1       274        34        84
        14       272        34        84
         9       273        34        84
         1       273        34        84
         1       272        34        84
         1       271        34        84
         1       272        34        84
         1       271        34        84
         1       270        34        84
         3       273        34        84
         3       273        34        84
         4       273        34        84
         2       274        34        84
         2       274        34        84
         1       274        34        84
         1       274        34        84
         1       274        34        84
        20       274        34        84
        35       274        34        84
        34       274        34        84
        34       274        34        84
        34       274        34        84
        18       274        34        84
        19       274        34        84
        19       274        34        84
         9       274        34        84
         5       274        34        84
         1       274        34        84
        20       274        34        84
        17       274        34        84
        20       274        34        84
         9       274        34        84
         1       274        34        84
         1       274        34        84
         1       274        34        84
         1       274        34        84
        20       274        34        84
        15       274        34        84
         9       274        34        84
        11       271        34        84
         1       273        34        84
         1       274        34        84
         1       274        34        84
         1       274        34        84
         1       274        34        84
        20       274        34        84
        14       274        34        84
         8       274        34        84
        27       271        34        84
        36       273        34        84
        20       273        34        84
        15       274        34        84
         1       274        34        84
         1       274        34        84
         1       274        34        84
         1       274        34        84
         1       274        34        84
         1       272        34        84
         1       267        34        84
         1       248        34        84
         1       229        34        84
         1       210        34        84
        20       207        34        84
