        16        88        19        51
        16        81        19        51
        18        83        19        51
        19        80        19        51
        20        79        19        51
        22        79        19        51
        22        77        19        51
        23        76        19        51
        25        76        19        51
        26        76        19        51
        28        76        19        51
        29        75        19        51
        31        77        19        51
        33        78        19        51
        35        79        19        51
        36        77        19        51
        38        77        19        51
        39        77        19        51
        41        77        19        51
        42        76        19        51
        44        77        19        51
        46        80        19        51
        48        81        19        51
        49        81        19        51
        51        81        19        51
        53        81        19        51
        54        81        19        51
        57        82        19        51
        59        82        19        51
        61        82        19        51
        63        82        19        51
        64        81        19        51
        66        81        19        51
        67        80        19        51
        69        80        19        51
        70        80        19        51
        71        80        19        51
        71        78        19        51
        71        73        19        51
        71        68        19        51
        72        66        19        51
        76        65        19        51
        77        66        19        51
        85        82        19        51
        84        79        19        51
        86        80        19        51
        87        79        19        51
        89        79        19        51
        91        78        19        51
        92        79        19        51
        94        79        19        51
        96        79        19        51
        98        79        19        51
        99        79        19        51
       102        80        19        51
       105        82        19        51
       106        80        19        51
       108        80        19        51
       110        80        19        51
       111        79        19        51
       113        80        19        51
       114        79        19        51
       115        79        19        51
       117        80        19        51
       119        81        19        51
       120        81        19        51
       122        82        19        51
       124        83        19        51
       125        82        19        51
       127        83        19        51
       130        83        19        51
       131        81        19        51
       132        80        19        51
       133        80        19        51
       134        81        19        51
       136        83        19        51
       141        88        19        51
       144        87        19        51
       146        86        19        51
       147        86        19        51
       148        85        19        51
       150        85        19        51
       152        86        19        51
       153        86        19        51
       154        83        19        51
       155        82        19        51
       156        80        19        51
       158        81        19        51
       159        78        19        51
       161        78        19        51
       161        78        19        51
       163        76        19        51
       164        76        19        51
       166        77        19        51
       166        74        19        51
       168        72        19        51
       171        73        19        51
       173        76        19        51
       175        77        19        51
       176        76        19        51
       178        76        19        51
       180        77        19        51
       182        77        19        51
       183        78        19        51
       184        76        19        51
       186        77        19        51
       188        77        19        51
       190        78        19        51
       192        78        19        51
       193        77        19        51
       196        77        19        51
       198        77        19        51
       199        76        19        51
       200        76        19        51
       202        76        19        51
       204        76        19        51
       205        75        19        51
       206        76        19        51
       209        76        19        51
       210        76        19        51
       212        76        19        51
       214        76        19        51
       216        76        19        51
       218        77        19        51
       220        76        19        51
       221        74        19        51
       223        74        19        51
       224        74        19        51
       226        74        19        51
       227        75        19        51
       228        74        19        51
       230        74        19        51
       232        75        19        51
       234        75        19        51
       235        75        19        51
       238        73        19        51
       238        71        19        51
       240        74        19        51
       242        74        19        51
       244        75        19        51
       246        74        19        51
       247        74        19        51
       248        74        19        51
       250        72        19        51
       252        73        19        51
       255        73        19        51
       256        73        19        51
       257        74        19        51
       260        75        19        51
       261        74        19        51
       263        75        19        51
       265        74        19        51
       266        74        19        51
       268        74        19        51
       270        73        19        51
       272        73        19        51
       274        72        19        51
       276        72        19        51
       277        73        19        51
       278        73        19        51
       280        73        19        51
       282        74        19        51
       284        73        19        51
       285        73        19        51
       287        73        19        51
       289        73        19        51
       291        72        19        51
       292        69        19        51
       294        69        19        51
       295        69        19        51
       297        69        19        51
       300        70        19        51
       302        69        19        51
       303        70        19        51
       305        70        19        51
