       692       439        24        79
       688       442        24        79
       684       441        24        79
       682       441        24        79
       680       440        24        79
       677       439        24        79
       674       439        24        79
       670       438        24        79
       666       438        24        79
       663       437        24        79
       661       436        24        79
       658       435        24        79
       655       437        24        79
       654       433        24        79
       652       432        24        79
       650       432        24        79
       649       431        24        79
       647       431        24        79
       646       427        24        79
       642       425        24        79
       639       425        24        79
       635       425        24        79
       629       426        24        79
       626       426        24        79
       623       426        24        79
       619       432        24        79
       616       430        24        79
       614       429        24        79
       612       426        24        79
       611       425        24        79
       609       425        24        79
       606       424        24        79
       603       423        24        79
       599       423        24        79
       596       423        24        79
       593       424        24        79
       591       423        24        79
       588       423        24        79
       586       421        24        79
       584       421        24        79
       582       422        24        79
       581       419        24        79
       579       417        24        79
       577       415        24        79
       577       412        24        79
       574       411        24        79
       571       410        24        79
       565       413        24        79
       562       413        24        79
       559       414        24        79
       556       414        24        79
       554       415        24        79
       551       415        24        79
       549       413        24        79
       547       412        24        79
       545       410        24        79
       543       410        24        79
       541       409        24        79
       538       408        24        79
       535       408        24        79
       532       408        24        79
       529       408        24        79
       527       407        24        79
       525       406        24        79
       522       407        24        79
       521       407        24        79
       520       406        24        79
       519       405        24        79
       517       402        24        79
       516       399        24        79
       515       399        24        79
       512       397        24        79
       509       397        24        79
       505       398        24        79
       501       400        24        79
       498       400        24        79
       495       400        24        79
       493       400        24        79
       491       400        24        79
       489       400        24        79
       487       399        24        79
       486       396        24        79
       484       396        24        79
       482       395        24        79
       482       393        24        79
       481       393        24        79
       476       394        24        79
       476       392        24        79
       475       392        24        79
       466       393        24        79
       466       393        24        79
       465       393        24        79
       464       393        24        79
       462       391        24        79
       461       389        24        79
       461       387        24        79
       460       386        24        79
       457       384        24        79
       455       383        24        79
       452       383        24        79
       449       384        24        79
       445       384        24        79
       442       384        24        79
       441       385        24        79
       439       386        24        79
       437       387        24        79
       435       387        24        79
       434       387        24        79
       434       382        24        79
       432       382        24        79
       430       381        24        79
       428       380        24        79
       425       381        24        79
       423       381        24        79
       420       382        24        79
       418       383        24        79
       416       383        24        79
       415       382        24        79
       414       382        24        79
       413       381        24        79
       413       378        24        79
       412       377        24        79
       410       376        24        79
       408       375        24        79
       406       375        24        79
       403       374        24        79
       401       374        24        79
       399       374        24        79
       394       375        24        79
       393       375        24        79
       391       375        24        79
       389       376        24        79
       387       377        24        79
       387       377        24        79
       386       374        24        79
       385       372        24        79
       383       371        24        79
       381       370        24        79
       378       371        24        79
       376       371        24        79
       374       371        24        79
       372       370        24        79
       370       370        24        79
       368       369        24        79
       367       368        24        79
       366       368        24        79
       365       367        24        79
       365       366        24        79
       363       365        24        79
       362       365        24        79
       360       363        24        79
       357       364        24        79
       355       364        24        79
       352       364        24        79
       349       365        24        79
       348       365        24        79
       346       365        24        79
       344       364        24        79
       342       364        24        79
       341       364        24        79
       341       363        24        79
       340       363        24        79
       338       362        24        79
       336       361        24        79
       334       361        24        79
       332       361        24        79
       330       362        24        79
       329       361        24        79
       327       360        24        79
       325       359        24        79
       324       358        24        79
       323       358        24        79
       322       358        24        79
       321       357        24        79
       320       357        24        79
       319       356        24        79
       317       355        24        79
       315       354        24        79
       313       354        24        79
       310       354        24        79
       308       353        24        79
       306       354        24        79
       305       355        24        79
       302       357        24        79
       301       357        24        79
       299       357        24        79
       299       354        24        79
       298       353        24        79
       297       352        24        79
       295       349        24        79
       293       350        24        79
       291       351        24        79
       289       351        24        79
       287       354        24        79
       285       354        24        79
       284       351        24        79
       282       352        24        79
       281       352        24        79
       281       350        24        79
       280       348        24        79
       279       347        24        79
       278       347        24        79
       276       346        24        79
       274       345        24        79
       271       344        24        79
       269       344        24        79
       266       344        24        79
       265       345        24        79
       263       346        24        79
       261       348        24        79
       259       348        24        79
       258       347        24        79
       257       346        24        79
       257       345        24        79
       256       345        24        79
       254       345        24        79
       252       344        24        79
       250       344        24        79
       249       344        24        79
       247       343        24        79
       244       341        24        79
       242       342        24        79
       241       341        24        79
       239       341        24        79
       238       340        24        79
       237       339        24        79
       237       339        24        79
       236       339        24        79
       234       339        24        79
       232       339        24        79
       230       338        24        79
       228       339        24        79
       226       339        24        79
       225       340        24        79
       222       342        24        79
       220       342        24        79
       219       342        24        79
       217       342        24        79
       217       340        24        79
       216       340        24        79
       215       339        24        79
       214       339        24        79
       211       339        24        79
       210       339        24        79
       208       338        24        79
       207       338        24        79
       205       339        24        79
       203       338        24        79
       201       338        24        79
       200       337        24        79
       200       336        24        79
       199       336        24        79
       198       336        24        79
       197       335        24        79
       195       335        24        79
       193       335        24        79
       192       335        24        79
       190       334        24        79
       189       334        24        79
       188       334        24        79
       186       334        24        79
       184       334        24        79
       183       334        24        79
       182       333        24        79
       181       332        24        79
       180       331        24        79
       179       331        24        79
       177       331        24        79
       175       330        24        79
       174       331        24        79
       173       331        24        79
       171       333        24        79
       169       334        24        79
       167       334        24        79
       166       334        24        79
       164       334        24        79
       164       330        24        79
       163       330        24        79
       163       329        24        79
       162       328        24        79
       160       328        24        79
       158       326        24        79
       157       326        24        79
       154       326        24        79
       153       326        24        79
       152       327        24        79
       150       329        24        79
       148       329        24        79
       147       328        24        79
       146       328        24        79
       145       327        24        79
       144       326        24        79
       143       325        24        79
       142       325        24        79
       140       325        24        79
       139       325        24        79
       137       325        24        79
       136       325        24        79
       135       325        24        79
       133       325        24        79
       131       325        24        79
       129       326        24        79
       128       326        24        79
       128       324        24        79
       127       325        24        79
       127       324        24        79
       126       324        24        79
       124       323        24        79
       122       323        24        79
       121       323        24        79
       120       322        24        79
       119       322        24        79
       117       322        24        79
       116       323        24        79
       114       323        24        79
       113       322        24        79
       112       323        24        79
       112       323        24        79
       111       322        24        79
       110       323        24        79
       109       323        24        79
       108       322        24        79
       107       321        24        79
       106       321        24        79
       105       321        24        79
       103       321        24        79
       102       321        24        79
       101       322        24        79
       100       322        24        79
        99       319        24        79
        99       319        24        79
        98       319        24        79
        98       319        24        79
        96       319        24        79
        95       317        24        79
        94       316        24        79
        93       316        24        79
        92       315        24        79
        91       316        24        79
        89       317        24        79
        88       317        24        79
        87       316        24        79
        86       317        24        79
        86       317        24        79
        85       317        24        79
        84       317        24        79
        84       316        24        79
        82       317        24        79
        81       316        24        79
        81       316        24        79
        80       316        24        79
        78       315        24        79
        77       315        24        79
        76       314        24        79
        75       314        24        79
        74       313        24        79
        74       312        24        79
        73       312        24        79
        72       312        24        79
        71       312        24        79
        70       312        24        79
        69       311        24        79
        68       312        24        79
        68       310        24        79
        67       311        24        79
        66       310        24        79
        64       311        24        79
        63       310        24        79
        62       310        24        79
        61       310        24        79
        61       310        24        79
        61       310        24        79
        60       310        24        79
        59       310        24        79
        58       308        24        79
        57       308        24        79
        56       308        24        79
        56       308        24        79
        54       308        24        79
        53       308        24        79
        52       308        24        79
        51       309        24        79
        51       308        24        79
        50       308        24        79
        49       308        24        79
        48       308        24        79
        47       308        24        79
        46       307        24        79
        45       306        24        79
        44       306        24        79
        44       305        24        79
        43       305        24        79
        42       304        24        79
        40       305        24        79
        39       305        24        79
        38       305        24        79
        37       305        24        79
        37       305        24        79
        37       304        24        79
        36       304        24        79
        35       303        24        79
        35       304        24        79
        34       304        24        79
        34       303        24        79
        32       303        24        79
        30       303        24        79
        30       303        24        79
        29       301        24        79
        29       302        24        79
        29       302        24        79
        27       301        24        79
        27       301        24        79
