       130       132        31       115
       135       132        31       115
       135       131        31       115
       135       131        31       115
       135       130        31       115
       134       128        31       115
       134       127        31       115
       134       125        31       115
       134       125        31       115
       133       122        31       115
       133       121        31       115
       133       122        31       115
       133       122        31       115
       132       121        31       115
       132       121        31       115
       130       118        31       115
       129       116        31       115
       128       114        31       115
       128       113        31       115
       128       114        31       115
       128       114        31       115
       128       114        31       115
       128       113        31       115
       128       113        31       115
       128       113        31       115
       128       113        31       115
       128       113        31       115
       128       113        31       115
       128       112        31       115
       128       111        31       115
       128       110        31       115
       128       109        31       115
       129       108        31       115
       126       105        31       115
       126       105        31       115
       126       105        31       115
       126       105        31       115
       126       104        31       115
       125       103        31       115
       125       102        31       115
       124       101        31       115
       124       101        31       115
       124       101        31       115
       125       102        31       115
       125       102        31       115
       125       102        31       115
       125       102        31       115
       126       102        31       115
       125       101        31       115
       125        99        31       115
       125        98        31       115
       125        97        31       115
       125        96        31       115
       126        97        31       115
       124        94        31       115
       124        93        31       115
       124        93        31       115
       124        93        31       115
       124        93        31       115
       123        92        31       115
       123        91        31       115
       122        89        31       115
       122        89        31       115
       122        89        31       115
       122        89        31       115
       122        90        31       115
       122        89        31       115
       123        90        31       115
       123        90        31       115
       123        89        31       115
       123        89        31       115
       122        87        31       115
       122        86        31       115
       122        85        31       115
       122        84        31       115
       121        83        31       115
       121        83        31       115
       121        83        31       115
       121        83        31       115
       121        83        31       115
       121        82        31       115
       121        82        31       115
       120        81        31       115
       120        80        31       115
       119        80        31       115
       120        80        31       115
       120        80        31       115
       120        80        31       115
       120        80        31       115
       120        80        31       115
       121        81        31       115
       121        80        31       115
       121        80        31       115
       120        78        31       115
       120        77        31       115
       120        76        31       115
       120        76        31       115
       120        76        31       115
       120        76        31       115
       120        76        31       115
       120        75        31       115
       120        75        31       115
       120        75        31       115
       119        74        31       115
       119        73        31       115
       119        72        31       115
       118        72        31       115
       118        72        31       115
       118        72        31       115
       118        72        31       115
       118        72        31       115
       119        73        31       115
       119        73        31       115
       118        72        31       115
       117        70        31       115
       117        69        31       115
       117        68        31       115
       117        68        31       115
       118        68        31       115
       117        68        31       115
       117        68        31       115
       117        68        31       115
       117        68        31       115
       116        67        31       115
       115        65        31       115
       115        65        31       115
       115        64        31       115
       114        63        31       115
       114        64        31       115
       114        64        31       115
       114        64        31       115
       114        65        31       115
       114        65        31       115
       114        65        31       115
       114        64        31       115
       113        63        31       115
       112        62        31       115
       112        61        31       115
       112        60        31       115
       112        59        31       115
       112        59        31       115
       112        59        31       115
       111        59        31       115
       111        59        31       115
       110        59        31       115
       110        58        31       115
       109        58        31       115
       109        57        31       115
       108        56        31       115
       108        56        31       115
       108        55        31       115
       108        56        31       115
       108        56        31       115
       108        56        31       115
       108        57        31       115
       108        57        31       115
       108        57        31       115
       107        56        31       115
       107        55        31       115
       107        54        31       115
       107        53        31       115
       107        53        31       115
       107        52        31       115
       106        52        31       115
       106        52        31       115
       106        52        31       115
       106        52        31       115
       106        52        31       115
       105        51        31       115
       105        50        31       115
       104        49        31       115
       104        49        31       115
       104        49        31       115
       104        49        31       115
       104        49        31       115
       104        49        31       115
       104        49        31       115
       104        49        31       115
       104        50        31       115
       104        49        31       115
       104        48        31       115
       103        47        31       115
       103        46        31       115
       103        45        31       115
       103        44        31       115
       102        44        31       115
       102        45        31       115
       102        45        31       115
       102        45        31       115
       102        44        31       115
       101        44        31       115
       101        44        31       115
       102        46        31       115
       102        47        31       115
       102        47        31       115
       102        47        31       115
       102        47        31       115
       102        47        31       115
       102        48        31       115
       102        49        31       115
       102        49        31       115
       103        53        31       115
       103        53        31       115
       103        55        31       115
       104        56        31       115
       104        57        31       115
       105        58        31       115
       106        60        31       115
       107        60        31       115
       108        60        31       115
       108        60        31       115
       108        58        31       115
       109        60        31       115
       109        60        31       115
       110        61        31       115
       110        61        31       115
       111        65        31       115
       112        66        31       115
       112        67        31       115
       113        69        31       115
       113        70        31       115
       113        70        31       115
       113        70        31       115
       113        69        31       115
       113        69        31       115
       114        69        31       115
       115        69        31       115
       115        70        31       115
       116        71        31       115
       116        72        31       115
       116        72        31       115
       117        74        31       115
       118        75        31       115
       119        75        31       115
       120        75        31       115
       120        75        31       115
       120        74        31       115
       121        73        31       115
       121        73        31       115
       121        73        31       115
       121        73        31       115
       121        74        31       115
       121        75        31       115
       122        77        31       115
       122        78        31       115
       122        78        31       115
       122        79        31       115
       122        79        31       115
       122        79        31       115
       122        79        31       115
       122        79        31       115
       122        78        31       115
       123        77        31       115
       124        77        31       115
       125        77        31       115
       125        77        31       115
       127        78        31       115
       128        79        31       115
       129        79        31       115
       130        79        31       115
       130        79        31       115
       131        78        31       115
       132        78        31       115
       133        78        31       115
       133        78        31       115
       133        79        31       115
       133        79        31       115
       133        79        31       115
       134        78        31       115
       134        79        31       115
       134        79        31       115
       135        80        31       115
       136        81        31       115
       136        82        31       115
       137        83        31       115
       137        83        31       115
       136        85        31       115
       136        84        31       115
       136        84        31       115
       136        84        31       115
       136        84        31       115
       137        84        31       115
       137        84        31       115
       138        84        31       115
       138        84        31       115
       138        84        31       115
       139        85        31       115
       140        85        31       115
       140        85        31       115
       141        85        31       115
       142        86        31       115
       143        85        31       115
       143        84        31       115
       142        83        31       115
       142        83        31       115
       142        82        31       115
       141        81        31       115
       141        81        31       115
       141        81        31       115
       141        82        31       115
       140        83        31       115
       139        84        31       115
       139        84        31       115
       138        84        31       115
       137        83        31       115
       137        83        31       115
       135        80        31       115
       135        79        31       115
       136        77        31       115
       136        76        31       115
       137        76        31       115
       137        76        31       115
       138        76        31       115
       138        76        31       115
       139        77        31       115
       139        78        31       115
       139        78        31       115
       140        78        31       115
       141        77        31       115
       142        75        31       115
       142        75        31       115
       143        73        31       115
       144        72        31       115
       144        72        31       115
       144        71        31       115
       145        71        31       115
       145        71        31       115
       145        71        31       115
       145        72        31       115
       145        72        31       115
       145        72        31       115
       145        72        31       115
       145        71        31       115
       145        69        31       115
       145        68        31       115
       145        67        31       115
       145        66        31       115
       145        66        31       115
       145        66        31       115
       145        67        31       115
       145        67        31       115
       145        68        31       115
       145        68        31       115
       145        68        31       115
       145        68        31       115
       145        67        31       115
       144        66        31       115
       144        65        31       115
       143        64        31       115
       142        64        31       115
       141        63        31       115
       140        64        31       115
       140        64        31       115
       140        65        31       115
       139        66        31       115
       138        66        31       115
       138        66        31       115
       134        65        31       115
       132        65        31       115
       130        65        31       115
       128        65        31       115
       128        65        31       115
       124        63        31       115
       122        62        31       115
       120        62        31       115
       118        63        31       115
       116        64        31       115
       113        64        31       115
       110        64        31       115
       107        64        31       115
       104        65        31       115
       104        65        31       115
        99        66        31       115
        96        65        31       115
        93        67        31       115
        91        67        31       115
        91        67        31       115
        85        62        31       115
        82        65        31       115
        73        60        31       115
        68        61        31       115
        64        61        31       115
        61        60        31       115
        57        62        31       115
        55        70        31       115
        53        89        31       115
        53        91        31       115
        49       110        31       115
        46        91        31       115
        46        93        31       115
        45        93        31       115
        47       107        31       115
        48       120        31       115
        48       124        31       115
        47       137        31       115
        47       156        31       115
        48       171        31       115
        48       171        31       115
        48       171        31       115
        48       171        31       115
        48       171        31       115
        48       171        31       115
        48       171        31       115
        48       171        31       115
        48       171        31       115
        48       171        31       115
        48       171        31       115
        48       171        31       115
        48       171        31       115
        48       171        31       115
        48       171        31       115
        48       171        31       115
        48       171        31       115
        48       171        31       115
        48       171        31       115
        48       171        31       115
        48       171        31       115
        48       171        31       115
        48       170        31       115
        48       170        31       115
        48       170        31       115
        48       170        31       115
        48       169        31       115
        48       171        31       115
        48       170        31       115
        48       168        31       115
        48       168        31       115
        48       170        31       115
        48       170        31       115
        48       169        31       115
        48       170        31       115
        48       170        31       115
        48       171        31       115
        48       169        31       115
        48       169        31       115
        48       169        31       115
        48       169        31       115
        48       169        31       115
        48       169        31       115
        48       170        31       115
        48       169        31       115
        48       169        31       115
        48       169        31       115
        48       169        31       115
        48       169        31       115
        48       169        31       115
        48       169        31       115
        48       169        31       115
        48       169        31       115
        48       169        31       115
        48       169        31       115
        48       168        31       115
        48       169        31       115
        48       169        31       115
        48       168        31       115
        48       167        31       115
        48       169        31       115
        48       169        31       115
        48       169        31       115
        48       169        31       115
        48       169        31       115
        48       169        31       115
        48       169        31       115
        48       169        31       115
        48       169        31       115
        48       170        31       115
        48       169        31       115
        48       171        31       115
        48       170        31       115
        48       169        31       115
        48       169        31       115
        48       169        31       115
        48       169        31       115
        48       169        31       115
        48       169        31       115
        48       169        31       115
        48       170        31       115
        48       169        31       115
        48       169        31       115
        48       169        31       115
        48       169        31       115
        48       170        31       115
        48       170        31       115
        48       169        31       115
        48       170        31       115
        48       169        31       115
        48       169        31       115
        48       168        31       115
        48       167        31       115
        48       169        31       115
        48       169        31       115
        48       169        31       115
        48       168        31       115
        48       168        31       115
        48       169        31       115
        48       169        31       115
        48       169        31       115
        48       168        31       115
        48       169        31       115
        48       169        31       115
