       213       121        21        95
       216       120        21        95
       216       117        21        95
       216       115        21        95
       217       113        21        95
       214       109        21        95
       212       107        21        95
       210       105        21        95
       208       107        21        95
       206       108        21        95
       209       109        21        95
       208       109        21        95
       222       106        21        95
       224       105        21        95
       225       105        21        95
       226       106        21        95
       227       109        21        95
       228       109        21        95
       223       107        21        95
       218       105        21        95
       217       105        21        95
       217       105        21        95
       213       107        21        95
       218       105        21        95
       223       106        21        95
       227       106        21        95
       228       104        21        95
       228       103        21        95
       227       102        21        95
       226       100        21        95
       224        99        21        95
       222        98        21        95
       221       102        21        95
       227        98        21        95
       227        98        21        95
       229        99        21        95
       232       102        21        95
       234       102        21        95
       234       100        21        95
       235        99        21        95
       235       101        21        95
       231       102        21        95
       222       104        21        95
       222       111        21        95
       223       114        21        95
       222       115        21        95
       221       116        21        95
       213       112        21        95
       213       107        21        95
       210       105        21        95
       207       104        21        95
       203       104        21        95
       199       102        21        95
       196       101        21        95
       194       103        21        95
       195       110        21        95
       197       110        21        95
       197       104        21        95
       195       105        21        95
       195       103        21        95
       197       100        21        95
       199       101        21        95
       200       103        21        95
       202       104        21        95
       203       106        21        95
       200       109        21        95
       199       108        21        95
       201       106        21        95
       204       107        21        95
       209       107        21        95
       205       108        21        95
       214       104        21        95
       219        97        21        95
       219        94        21        95
       215        96        21        95
       209        96        21        95
       203        97        21        95
       197       100        21        95
       199       100        21        95
       195        97        21        95
       194        88        21        95
       194        79        21        95
       197        73        21        95
       203        71        21        95
       204        69        21        95
       205        69        21        95
       205        66        21        95
       207        66        21        95
       206        68        21        95
       205        74        21        95
       205        81        21        95
       205        87        21        95
       207        93        21        95
       210        96        21        95
       213       101        21        95
       217       106        21        95
       220       111        21        95
       221       115        21        95
       221       121        21        95
       218       122        21        95
       199       122        21        95
       200       125        21        95
       200       134        21        95
       206       136        21        95
       206       134        21        95
       207       130        21        95
       209       132        21        95
       210       128        21        95
       212       125        21        95
       214       123        21        95
       218       122        21        95
       205       119        21        95
       208       119        21        95
       211       117        21        95
       211       115        21        95
       212       113        21        95
       213       111        21        95
       216       111        21        95
       220       112        21        95
       222       111        21        95
       226       114        21        95
       230       116        21        95
       234       117        21        95
       238       118        21        95
       243       119        21        95
       248       119        21        95
       252       121        21        95
       257       123        21        95
       261       123        21        95
       266       124        21        95
       271       126        21        95
       276       127        21        95
       280       128        21        95
       285       130        21        95
       290       131        21        95
       294       132        21        95
       298       132        21        95
       303       133        21        95
       308       133        21        95
       312       132        21        95
       316       132        21        95
       320       132        21        95
       324       131        21        95
       328       129        21        95
       329       126        21        95
       329       122        21        95
       329       104        21        95
       323        93        21        95
       327        93        21        95
       329        93        21        95
       329        92        21        95
       322        90        21        95
       326        90        21        95
       315        89        21        95
       296        86        21        95
       298        86        21        95
       302        86        21        95
       306        85        21        95
       312        85        21        95
       316        85        21        95
       321        85        21        95
       326        86        21        95
       328        85        21        95
       326        85        21        95
       329        85        21        95
       328        86        21        95
       329        86        21        95
       329        86        21        95
       329        88        21        95
       329        87        21        95
       314        84        21        95
       316        86        21        95
       318        86        21        95
       320        86        21        95
       321        86        21        95
       323        86        21        95
       324        86        21        95
       326        86        21        95
       328        86        21        95
       329        85        21        95
       329        83        21        95
       310        82        21        95
       305        80        21        95
       309        81        21        95
       312        81        21        95
       315        82        21        95
       318        83        21        95
       322        84        21        95
       325        85        21        95
       328        86        21        95
       329        86        21        95
       329        87        21        95
       329        86        21        95
       329        87        21        95
       329        87        21        95
       329        87        21        95
       310        85        21        95
       313        85        21        95
       317        85        21        95
       320        85        21        95
       321        87        21        95
       323        87        21        95
       326        88        21        95
       328        89        21        95
       329        89        21        95
       329        90        21        95
       329        90        21        95
       317        86        21        95
       320        87        21        95
       323        88        21        95
       326        91        21        95
       329        94        21        95
       329        98        21        95
       329       101        21        95
       329       101        21        95
       329       104        21        95
       327       108        21        95
       329       112        21        95
       329       113        21        95
       329       114        21        95
       329       116        21        95
       329       117        21        95
       329       116        21        95
       329       115        21        95
       329       116        21        95
       329       115        21        95
       329       115        21        95
       329       115        21        95
       329       114        21        95
       329       115        21        95
       329       116        21        95
       329       118        21        95
       329       119        21        95
       329       119        21        95
       329       120        21        95
       329       120        21        95
       329       121        21        95
       329       120        21        95
       329       120        21        95
       329       120        21        95
       329       121        21        95
       329       121        21        95
       329       121        21        95
       329       121        21        95
       313       111        21        95
       319       112        21        95
       325       113        21        95
       329       108        21        95
       315        95        21        95
       320        95        21        95
       323        94        21        95
       327        95        21        95
       329        93        21        95
       329        90        21        95
       329        88        21        95
       328        82        21        95
       329        80        21        95
       329        77        21        95
       329        76        21        95
       329        74        21        95
       329        73        21        95
       329        73        21        95
       329        68        21        95
       329        68        21        95
       329        69        21        95
       329        69        21        95
       329        69        21        95
       329        72        21        95
       329        74        21        95
       310        71        21        95
       312        71        21        95
       314        71        21        95
       316        71        21        95
       318        72        21        95
       319        72        21        95
       319        73        21        95
       319        73        21        95
       321        74        21        95
       322        74        21        95
       323        75        21        95
       323        75        21        95
       325        75        21        95
       326        75        21        95
       327        75        21        95
       328        73        21        95
       329        71        21        95
       329        67        21        95
       320        64        21        95
       321        64        21        95
       321        64        21        95
       321        63        21        95
       323        62        21        95
       326        60        21        95
       328        58        21        95
       329        57        21        95
       329        55        21        95
       329        55        21        95
       329        55        21        95
       329        54        21        95
       329        54        21        95
       329        54        21        95
       329        54        21        95
       329        54        21        95
       329        54        21        95
       329        54        21        95
       329        55        21        95
       329        54        21        95
       329        54        21        95
       329        55        21        95
       329        57        21        95
       329        59        21        95
       329        60        21        95
       329        63        21        95
       329        64        21        95
       329        64        21        95
       329        64        21        95
       329        63        21        95
       328        64        21        95
       328        62        21        95
       327        63        21        95
       329        64        21        95
       329        63        21        95
       329        63        21        95
       326        58        21        95
       329        58        21        95
       328        57        21        95
       314        48        21        95
       318        49        21        95
       321        50        21        95
       325        50        21        95
       329        51        21        95
       324        54        21        95
       329        56        21        95
       329        58        21        95
       312        48        21        95
       317        52        21        95
       323        55        21        95
       329        54        21        95
       329        54        21        95
       329        51        21        95
       310        45        21        95
       302        39        21        95
       305        38        21        95
       312        42        21        95
       315        42        21        95
       317        43        21        95
       318        45        21        95
       319        49        21        95
       320        48        21        95
       318        48        21        95
       322        51        21        95
       324        52        21        95
       326        54        21        95
       328        55        21        95
       329        55        21        95
       329        55        21        95
       329        55        21        95
       329        55        21        95
       329        55        21        95
       329        56        21        95
       329        56        21        95
       329        57        21        95
       329        54        21        95
       329        53        21        95
       329        53        21        95
       329        53        21        95
       310        47        21        95
       319        48        21        95
       326        49        21        95
       329        52        21        95
       315        51        21        95
       319        55        21        95
       320        59        21        95
       323        63        21        95
       329        68        21        95
       329        72        21        95
       323        72        21        95
       326        73        21        95
       328        75        21        95
       329        77        21        95
       329        78        21        95
       329        79        21        95
       329        80        21        95
       329        81        21        95
       329        81        21        95
       329        78        21        95
       329        75        21        95
       329        72        21        95
       329        67        21        95
       329        63        21        95
       319        55        21        95
       324        49        21        95
       329        47        21        95
       310        41        21        95
       307        35        21        95
       310        36        21        95
       313        37        21        95
       316        39        21        95
       317        42        21        95
       318        48        21        95
       318        54        21        95
       316        59        21        95
       314        63        21        95
       312        67        21        95
       308        71        21        95
       302        74        21        95
       299        76        21        95
       300        78        21        95
       302        80        21        95
       306        81        21        95
       305        82        21        95
       310        81        21        95
       315        80        21        95
       318        79        21        95
       321        78        21        95
       324        76        21        95
       329        73        21        95
       329        71        21        95
       329        70        21        95
       329        70        21        95
       329        68        21        95
       329        67        21        95
       329        65        21        95
       329        64        21        95
       329        64        21        95
       329        64        21        95
       329        63        21        95
       329        65        21        95
       329        82        21        95
       329        82        21        95
       329        83        21        95
       329        84        21        95
       329        84        21        95
       329        85        21        95
       329        86        21        95
       329        86        21        95
       329        86        21        95
       329        82        21        95
       329        90        21        95
       328       109        21        95
       329       109        21        95
       329       106        21        95
       329       104        21        95
       329       104        21        95
       329       104        21        95
       329       104        21        95
       329       105        21        95
       321        87        21        95
       328        89        21        95
       329        90        21        95
       329        93        21        95
       329        99        21        95
       329       104        21        95
       329       107        21        95
       328       111        21        95
       327       112        21        95
       329       113        21        95
       327       113        21        95
       329       114        21        95
       329       116        21        95
       329       117        21        95
       329       119        21        95
       329       122        21        95
       328       125        21        95
       328       129        21        95
       328       131        21        95
       327       134        21        95
       327       137        21        95
       328       139        21        95
       329       142        21        95
       329       145        21        95
       329       146        21        95
       329       147        21        95
       329       148        21        95
       326       148        21        95
       328       149        21        95
       329       150        21        95
       321       148        21        95
       323       149        21        95
       324       149        21        95
       326       148        21        95
       327       147        21        95
       328       147        21        95
       329       146        21        95
       329       145        21        95
       329       143        21        95
       329       141        21        95
       329       138        21        95
       329       133        21        95
       329       129        21        95
       329       127        21        95
       329       125        21        95
       329       123        21        95
       327       121        21        95
       329       122        21        95
       329       122        21        95
       329       122        21        95
       329       122        21        95
       329       124        21        95
       329       124        21        95
       329       126        21        95
       329       126        21        95
       329       126        21        95
       329       125        21        95
       329       125        21        95
       329       125        21        95
       329       124        21        95
       329       124        21        95
       329       124        21        95
       329       124        21        95
       329       125        21        95
       329       125        21        95
       329       126        21        95
       328       126        21        95
       328       127        21        95
       329       128        21        95
       326       128        21        95
       325       128        21        95
       324       128        21        95
       324       128        21        95
       323       128        21        95
       325       129        21        95
       327       130        21        95
       328       130        21        95
       328       130        21        95
       328       130        21        95
       328       131        21        95
       329       131        21        95
       329       131        21        95
       329       132        21        95
       329       133        21        95
       329       133        21        95
       329       135        21        95
       310       130        21        95
       312       135        21        95
       313       139        21        95
       320       146        21        95
       323       150        21        95
       329       154        21        95
       317       150        21        95
       318       152        21        95
       320       153        21        95
       321       151        21        95
       319       148        21        95
       321       145        21        95
       322       142        21        95
       325       138        21        95
       328       134        21        95
       329       132        21        95
       329       130        21        95
       329       128        21        95
       329       127        21        95
       329       127        21        95
       329       128        21        95
       329       129        21        95
       310       123        21        95
       319       127        21        95
       322       126        21        95
       309       118        21        95
       328       120        21        95
       322       101        21        95
       322        83        21        95
       329        70        21        95
       320        53        21        95
       329        48        21        95
       322        49        21        95
       318        54        21        95
       323        39        21        95
       329        35        21        95
       329        36        21        95
       329        41        21        95
       328        44        21        95
       322        51        21        95
       328        67        21        95
       329        72        21        95
       329        77        21        95
       329        92        21        95
       322       108        21        95
       310       120        21        95
       304       126        21        95
       299       127        21        95
       297       128        21        95
       293       129        21        95
       290       127        21        95
       295       123        21        95
       301       120        21        95
       305       115        21        95
       312       111        21        95
       320       111        21        95
       327       113        21        95
       329       114        21        95
       329       116        21        95
       329       122        21        95
       329       129        21        95
       328       131        21        95
       329       134        21        95
       328       137        21        95
