       336       165        26        61
       338       179        26        61
       355       187        26        61
       354       199        26        61
       350       198        26        61
       349       201        26        61
       343       201        26        61
       341       201        26        61
       338       202        26        61
       330       201        26        61
       312       196        26        61
       313       196        26        61
       317       198        26        61
       307       195        26        61
       300       191        26        61
       298       191        26        61
       302       207        26        61
       296       205        26        61
       286       197        26        61
       282       197        26        61
       288       206        26        61
       286       207        26        61
       281       205        26        61
       266       195        26        61
       254       186        26        61
       244       178        26        61
       241       180        26        61
       242       185        26        61
       231       181        26        61
       216       168        26        61
       218       170        26        61
       203       161        26        61
       192       155        26        61
       189       157        26        61
       183       152        26        61
       180       155        26        61
       178       160        26        61
       178       164        26        61
       179       166        26        61
       179       170        26        61
       182       174        26        61
       180       175        26        61
       175       174        26        61
       176       176        26        61
       172       176        26        61
       179       181        26        61
       180       183        26        61
       186       164        26        61
       177       158        26        61
       177       160        26        61
       176       161        26        61
       182       161        26        61
       193       146        26        61
       189       145        26        61
       185       145        26        61
       177       143        26        61
       174       143        26        61
       175       144        26        61
       175       145        26        61
       188       130        26        61
       191       133        26        61
       184       131        26        61
       184       131        26        61
       172       129        26        61
       170       130        26        61
       176       133        26        61
       174       133        26        61
       164       132        26        61
       178       120        26        61
       165       133        26        61
       175       123        26        61
       178       123        26        61
       169       121        26        61
       182       125        26        61
       163       119        26        61
       159       118        26        61
       158       118        26        61
       157       116        26        61
       138       111        26        61
       119       108        26        61
       108       105        26        61
       101       104        26        61
        86       100        26        61
        78        98        26        61
        63        94        26        61
        62        94        26        61
        43        89        26        61
        34        87        26        61
        22        84        26        61
        13        82        26        61
         9        81        26        61
         2        80        26        61
        16        85        26        61
        16        84        26        61
        15        82        26        61
         2        80        26        61
         2        78        26        61
         4        77        26        61
         2        79        26        61
         2        79        26        61
         2        77        26        61
        20        85        26        61
         9        82        26        61
         4        81        26        61
        13        98        26        61
         8        97        26        61
        25        87        26        61
        44        92        26        61
        42        92        26        61
        23        88        26        61
         7        84        26        61
        11        85        26        61
         6        84        26        61
        22        89        26        61
         9        86        26        61
         3        84        26        61
        19        86        26        61
        22        89        26        61
        14        87        26        61
        33        92        26        61
        18        88        26        61
        16       106        26        61
        16        89        26        61
         4        87        26        61
         3        87        26        61
         3        88        26        61
         1        87        26        61
        18        93        26        61
        11        92        26        61
        17       111        26        61
        31       117        26        61
        41       102        26        61
        57       106        26        61
        41       103        26        61
        26       100        26        61
        10        97        26        61
        24       101        26        61
         5        97        26        61
        16       100        26        61
        23       103        26        61
        32       106        26        61
        24       105        26        61
        25       106        26        61
        13       104        26        61
         2       101        26        61
         8       120        26        61
        26       128        26        61
        15       127        26        61
         9       127        26        61
        10       127        26        61
        16       108        26        61
        14       127        26        61
         7       125        26        61
         8       106        26        61
        20       109        26        61
         2       105        26        61
        16       109        26        61
         2       107        26        61
        19       111        26        61
        38       116        26        61
        56       120        26        61
        55       121        26        61
        46       120        26        61
        50       122        26        61
        48       122        26        61
        64       126        26        61
        60       125        26        61
        56       124        26        61
        55       124        26        61
        36       120        26        61
        32       119        26        61
        14       115        26        61
        30       117        26        61
        40       119        26        61
        31       117        26        61
        37       117        26        61
        31       114        26        61
        33       114        26        61
        18       111        26        61
         3       109        26        61
         3       109        26        61
        22       113        26        61
        41       118        26        61
        22       117        26        61
        14       118        26        61
         8       137        26        61
        12       140        26        61
        24       144        26        61
        41       148        26        61
        57       152        26        61
        43       152        26        61
        50       156        26        61
        45       157        26        61
        36       157        26        61
        55       160        26        61
        61       163        26        61
        70       165        26        61
        75       166        26        61
        64       165        26        61
        51       150        26        61
        32       146        26        61
        19       147        26        61
         2       144        26        61
        10       162        26        61
        24       148        26        61
         9       145        26        61
        12       144        26        61
         4       143        26        61
        23       144        26        61
        36       146        26        61
        19       146        26        61
        36       149        26        61
        20       149        26        61
        32       151        26        61
        26       152        26        61
        25       153        26        61
        26       155        26        61
        31       156        26        61
        36       157        26        61
        31       175        26        61
        36       178        26        61
        51       165        26        61
        51       163        26        61
        34       164        26        61
        53       166        26        61
        51       168        26        61
        33       168        26        61
        43       170        26        61
        33       171        26        61
        24       172        26        61
         5       173        26        61
        24       174        26        61
        42       175        26        61
        24       178        26        61
        13       179        26        61
         2       181        26        61
        17       194        26        61
        23       201        26        61
        42       201        26        61
        23       203        26        61
         5       204        26        61
         8       204        26        61
         1       202        26        61
         1       218        26        61
        17       227        26        61
        10       228        26        61
        23       226        26        61
        13       229        26        61
         2       245        26        61
         7       252        26        61
         1       269        26        61
         2       275        26        61
         5       294        26        61
         2       297        26        61
         1       297        26        61
         1       278        26        61
         1       263        26        61
         1       263        26        61
         1       266        26        61
         1       248        26        61
        16       249        26        61
         1       253        26        61
         1       257        26        61
         1       276        26        61
         1       279        26        61
         1       280        26        61
         1       261        26        61
         1       261        26        61
         1       261        26        61
         1       261        26        61
         1       261        26        61
         1       280        26        61
         1       282        26        61
         1       263        26        61
         1       281        26        61
         1       282        26        61
        20       281        26        61
        37       277        26        61
        41       277        26        61
        48       276        26        61
        30       280        26        61
        40       279        26        61
        21       285        26        61
        20       287        26        61
         2       293        26        61
         9       295        26        61
        15       295        26        61
        12       297        26        61
         8       297        26        61
         2       278        26        61
        19       273        26        61
        38       268        26        61
        22       274        26        61
         7       281        26        61
         3       284        26        61
         2       286        26        61
        16       284        26        61
         7       289        26        61
        24       284        26        61
        25       284        26        61
         9       289        26        61
         8       290        26        61
        10       290        26        61
        23       286        26        61
        31       284        26        61
        26       287        26        61
         8       295        26        61
        12       295        26        61
         2       297        26        61
         1       278        26        61
         1       276        26        61
         1       257        26        61
        11       252        26        61
         8       255        26        61
         6       257        26        61
         7       258        26        61
         9       260        26        61
         9       261        26        61
        10       262        26        61
        18       260        26        61
         3       270        26        61
         4       272        26        61
         9       272        26        61
         8       274        26        61
        10       275        26        61
         3       282        26        61
        20       276        26        61
        24       276        26        61
        24       278        26        61
        43       272        26        61
        44       273        26        61
        46       275        26        61
        59       269        26        61
        65       267        26        61
        64       273        26        61
        56       280        26        61
        58       280        26        61
        68       276        26        61
        67       282        26        61
        64       286        26        61
        64       290        26        61
        68       290        26        61
        64       294        26        61
        67       294        26        61
        69       296        26        61
        84       290        26        61
        84       292        26        61
        86       292        26        61
        86       292        26        61
        86       292        26        61
