       269        75        34        64
       266        74        34        64
       262        71        34        64
       262        72        34        64
       259        72        34        64
       256        66        34        64
       254        67        34        64
       252        66        34        64
       255        64        34        64
       253        63        34        64
       253        63        34        64
       253        58        34        64
       254        53        34        64
       252        53        34        64
       248        56        34        64
       248        58        34        64
       240        61        34        64
       236        64        34        64
       233        64        34        64
       229        65        34        64
       226        66        34        64
       227        64        34        64
       229        65        34        64
       232        65        34        64
       233        63        34        64
       232        60        34        64
       232        59        34        64
       233        60        34        64
       236        63        34        64
       236        63        34        64
       235        68        34        64
       235        67        34        64
       234        66        34        64
       230        65        34        64
       226        62        34        64
       221        60        34        64
       217        61        34        64
       216        60        34        64
       215        58        34        64
       214        55        34        64
       216        57        34        64
       217        59        34        64
       219        63        34        64
       219        66        34        64
       220        71        34        64
       221        75        34        64
       221        78        34        64
       223        79        34        64
       225        76        34        64
       225        75        34        64
       227        75        34        64
       228        72        34        64
       227        69        34        64
       223        69        34        64
       218        71        34        64
       213        75        34        64
       211        77        34        64
       209        77        34        64
       208        79        34        64
       206        80        34        64
       207        78        34        64
       208        75        34        64
       208        70        34        64
       210        71        34        64
       210        70        34        64
       211        67        34        64
       212        71        34        64
       213        71        34        64
       213        69        34        64
       213        72        34        64
       215        75        34        64
       218        85        34        64
       218        86        34        64
       220        83        34        64
       222        83        34        64
       223        82        34        64
       225        82        34        64
       226        80        34        64
       229        80        34        64
       230        78        34        64
       232        82        34        64
       234        80        34        64
       233        84        34        64
       236        87        34        64
       239        92        34        64
       239        93        34        64
       236        91        34        64
       234        91        34        64
       230        86        34        64
       224        82        34        64
       220        77        34        64
       219        74        34        64
       219        72        34        64
       221        73        34        64
       223        73        34        64
       225        74        34        64
       227        76        34        64
       233        80        34        64
       239        86        34        64
       242        87        34        64
       244        86        34        64
       248        87        34        64
       248        84        34        64
       248        81        34        64
       243        74        34        64
       236        68        34        64
       227        68        34        64
       218        67        34        64
       208        63        34        64
       200        65        34        64
       199        65        34        64
       201        74        34        64
       201        70        34        64
       203        68        34        64
       208        71        34        64
       210        68        34        64
       214        70        34        64
       217        67        34        64
       222        69        34        64
       225        69        34        64
       230        70        34        64
       237        67        34        64
       243        72        34        64
       254        74        34        64
       259        83        34        64
       264        81        34        64
       269        80        34        64
       274        80        34        64
       278        80        34        64
       282        82        34        64
       285        80        34        64
       288        82        34        64
       292        82        34        64
       295        84        34        64
       297        83        34        64
       299        88        34        64
       302        89        34        64
       303        91        34        64
       299        90        34        64
       294        88        34        64
       290        88        34        64
       285        86        34        64
       281        86        34        64
       278        83        34        64
       275        81        34        64
       270        75        34        64
       267        74        34        64
       266        71        34        64
       265        74        34        64
       266        76        34        64
       266        82        34        64
       267        80        34        64
       267        79        34        64
       272        80        34        64
       274        80        34        64
       277        79        34        64
       279        79        34        64
       279        76        34        64
       278        62        34        64
       281        63        34        64
       283        62        34        64
       283        61        34        64
       283        61        34        64
       283        62        34        64
       282        62        34        64
       282        61        34        64
       282        60        34        64
       279        62        34        64
       279        63        34        64
       279        63        34        64
       277        63        34        64
       277        63        34        64
       278        62        34        64
       279        61        34        64
       280        61        34        64
       280        60        34        64
       281        60        34        64
       281        59        34        64
       282        59        34        64
       283        59        34        64
       284        58        34        64
       286        58        34        64
       286        57        34        64
       287        59        34        64
       289        58        34        64
       290        57        34        64
       289        58        34        64
       287        58        34        64
       288        59        34        64
       288        60        34        64
       289        60        34        64
       288        60        34        64
       288        61        34        64
       288        59        34        64
       287        61        34        64
       284        63        34        64
       287        62        34        64
       289        61        34        64
       293        62        34        64
       296        64        34        64
       297        65        34        64
       298        67        34        64
       298        68        34        64
       296        67        34        64
       291        69        34        64
       286        69        34        64
       281        68        34        64
       276        67        34        64
       270        67        34        64
       266        67        34        64
       263        68        34        64
       260        71        34        64
       259        72        34        64
       258        69        34        64
       257        70        34        64
       258        71        34        64
       258        73        34        64
       259        73        34        64
       263        72        34        64
       264        71        34        64
       264        70        34        64
       266        69        34        64
       266        70        34        64
       266        70        34        64
       271        73        34        64
       273        72        34        64
       273        72        34        64
       271        73        34        64
       272        73        34        64
       274        72        34        64
       273        73        34        64
       271        72        34        64
       268        71        34        64
       266        70        34        64
       266        73        34        64
       268        71        34        64
       270        70        34        64
       272        67        34        64
       273        70        34        64
       271        71        34        64
       271        72        34        64
       273        73        34        64
       266        69        34        64
       255        66        34        64
       244        65        34        64
       235        61        34        64
       224        58        34        64
       210        57        34        64
       195        55        34        64
       180        53        34        64
       165        52        34        64
       151        51        34        64
       137        50        34        64
       124        48        34        64
       110        47        34        64
        96        46        34        64
        82        45        34        64
        67        44        34        64
        52        43        34        64
        36        42        34        64
        19        40        34        64
         3        39        34        64
         1        34        34        64
         1        15        34        64
         1         1        34        64
         1         1        34        64
         7        20        34        64
        24        30        34        64
        14        31        34        64
         1        32        34        64
         1        21        34        64
        20        25        34        64
        17        27        34        64
         3        29        34        64
         1        29        34        64
         1        30        34        64
        15        16        34        64
         5        17        34        64
        23        10        34        64
        14        10        34        64
         7         8        34        64
         4         1        34        64
         1         2        34        64
        14        17        34        64
         2        18        34        64
         1        13        34        64
        16         1        34        64
        18         1        34        64
        25         1        34        64
        19         1        34        64
        23         1        34        64
        23         1        34        64
        22         1        34        64
