        51        47        25        62
        47        41        25        62
        34        38        25        62
        33        45        25        62
        42        40        25        62
        28        37        25        62
        29        37        25        62
        33        39        25        62
        38        37        25        62
        35        34        25        62
        42        31        25        62
        47        37        25        62
        61        39        25        62
        64        32        25        62
        62        30        25        62
        81        29        25        62
        96        33        25        62
        91        28        25        62
        83        30        25        62
        89        29        25        62
        82        25        25        62
        78        28        25        62
        80        32        25        62
        87        38        25        62
        72        44        25        62
        72        41        25        62
        80        30        25        62
        79        27        25        62
        70        15        25        62
        59        13        25        62
        61        15        25        62
        72        20        25        62
        80        24        25        62
        89        26        25        62
       106        26        25        62
       114        22        25        62
       109        18        25        62
       109        17        25        62
       128        22        25        62
       138        26        25        62
       144        30        25        62
       148        28        25        62
       151        33        25        62
       151        34        25        62
       153        27        25        62
       150        30        25        62
       131        36        25        62
       112        37        25        62
        99        26        25        62
       103        35        25        62
       108        30        25        62
       109        17        25        62
       106        10        25        62
       115        17        25        62
       121        22        25        62
       121        30        25        62
       110        31        25        62
       113        34        25        62
       104        34        25        62
       103        27        25        62
       122        21        25        62
       136        21        25        62
       129        27        25        62
       130        33        25        62
       126        38        25        62
       128        42        25        62
       132        49        25        62
       141        56        25        62
       137        58        25        62
       121        57        25        62
       125        46        25        62
       120        47        25        62
       107        52        25        62
       101        49        25        62
        95        51        25        62
       106        65        25        62
       116        72        25        62
       124        80        25        62
       135        77        25        62
       146        82        25        62
       136        71        25        62
       144        59        25        62
       159        59        25        62
       165        54        25        62
       172        56        25        62
       183        60        25        62
       178        61        25        62
       173        62        25        62
       175        67        25        62
       173        56        25        62
       186        41        25        62
       176        24        25        62
       176        16        25        62
       166        15        25        62
       164        10        25        62
       154        10        25        62
       152        19        25        62
       149        36        25        62
       149        37        25        62
       140        40        25        62
       141        38        25        62
       145        38        25        62
       140        25        25        62
       132        15        25        62
       126         6        25        62
       129        10        25        62
       125        10        25        62
       124        12        25        62
       123        21        25        62
       104        22        25        62
        94        23        25        62
        85        25        25        62
        76        28        25        62
        61        33        25        62
        47        33        25        62
        32        42        25        62
        25        38        25        62
         6        37        25        62
        12        42        25        62
        13        38        25        62
        10        41        25        62
        12        46        25        62
         3        44        25        62
         8        45        25        62
         4        30        25        62
         1        22        25        62
         4        22        25        62
         1        23        25        62
         1        32        25        62
        20        37        25        62
        11        33        25        62
         1        35        25        62
         1        36        25        62
         1        17        25        62
         7        27        25        62
        25        19        25        62
        32         6        25        62
        16        10        25        62
        17         7        25        62
         3        20        25        62
