       150        53        40       148
       149        57        40       148
       148        60        40       148
       147        61        40       148
       145        62        40       148
       143        63        40       148
       141        67        40       148
       139        69        40       148
       137        71        40       148
       135        72        40       148
       134        74        40       148
       133        74        40       148
       132        76        40       148
       131        75        40       148
       130        75        40       148
       130        77        40       148
       130        77        40       148
       129        74        40       148
       129        74        40       148
       127        70        40       148
       127        68        40       148
       126        68        40       148
       126        69        40       148
       126        70        40       148
       127        72        40       148
       127        73        40       148
       128        76        40       148
       128        78        40       148
       130        78        40       148
       131        77        40       148
       132        75        40       148
       132        74        40       148
       134        74        40       148
       134        73        40       148
       136        72        40       148
       138        72        40       148
       141        74        40       148
       143        73        40       148
       144        75        40       148
       145        76        40       148
       146        76        40       148
       148        77        40       148
       149        79        40       148
       151        76        40       148
       153        75        40       148
       155        74        40       148
       157        73        40       148
       159        72        40       148
       161        72        40       148
       164        71        40       148
       167        71        40       148
       169        71        40       148
       171        69        40       148
       172        69        40       148
       172        68        40       148
       172        66        40       148
       173        63        40       148
       173        61        40       148
       173        60        40       148
       174        60        40       148
       174        60        40       148
       174        60        40       148
       174        60        40       148
       174        60        40       148
       174        60        40       148
       175        61        40       148
       175        62        40       148
       174        62        40       148
       174        63        40       148
       174        63        40       148
       173        59        40       148
       172        57        40       148
       170        56        40       148
       168        52        40       148
       166        49        40       148
       164        47        40       148
       162        44        40       148
       160        42        40       148
       158        42        40       148
       157        43        40       148
       156        46        40       148
       154        48        40       148
       152        50        40       148
       150        49        40       148
       147        51        40       148
       144        54        40       148
       142        56        40       148
       140        58        40       148
       138        59        40       148
       137        60        40       148
       135        60        40       148
       134        61        40       148
       133        61        40       148
       133        61        40       148
       132        61        40       148
       131        59        40       148
       130        58        40       148
       129        57        40       148
       128        56        40       148
       127        56        40       148
       126        56        40       148
       126        56        40       148
       127        57        40       148
       128        58        40       148
       129        59        40       148
       130        61        40       148
       130        61        40       148
       132        62        40       148
       132        62        40       148
       133        63        40       148
       134        62        40       148
       135        60        40       148
       137        57        40       148
       138        58        40       148
       140        57        40       148
       141        56        40       148
       142        57        40       148
       143        60        40       148
       145        63        40       148
       146        68        40       148
       147        73        40       148
       148        78        40       148
       149        79        40       148
       150        80        40       148
       152        75        40       148
       154        80        40       148
       154        80        40       148
       155        80        40       148
       157        80        40       148
       158        79        40       148
       160        77        40       148
       161        74        40       148
       163        71        40       148
       164        68        40       148
       166        66        40       148
       167        64        40       148
       168        63        40       148
       168        61        40       148
       168        60        40       148
       169        59        40       148
       168        57        40       148
       168        56        40       148
       168        55        40       148
       168        55        40       148
       167        55        40       148
       167        55        40       148
       167        54        40       148
       166        54        40       148
       166        54        40       148
       166        55        40       148
