       176        75        47       102
       174        76        47       102
       171        78        47       102
       169        79        47       102
       168        79        47       102
       167        84        47       102
       165        85        47       102
       163        86        47       102
       161        85        47       102
       159        84        47       102
       153        78        47       102
       149        77        47       102
       146        76        47       102
       143        75        47       102
       140        71        47       102
       138        68        47       102
       137        65        47       102
       136        62        47       102
       134        59        47       102
       133        58        47       102
       132        58        47       102
       132        59        47       102
       132        63        47       102
       131        66        47       102
       130        73        47       102
       132        77        47       102
       131        77        47       102
       131        72        47       102
       132        66        47       102
       132        58        47       102
       131        47        47       102
       130        44        47       102
       130        43        47       102
       129        43        47       102
       129        45        47       102
       130        46        47       102
       130        48        47       102
       130        50        47       102
       130        56        47       102
       130        60        47       102
       130        63        47       102
       130        67        47       102
       130        76        47       102
       131        77        47       102
       131        82        47       102
       130        79        47       102
       130        75        47       102
       129        74        47       102
       126        73        47       102
       123        71        47       102
       120        73        47       102
       119        74        47       102
       118        75        47       102
       118        79        47       102
       119        80        47       102
       120        80        47       102
       121        79        47       102
       123        78        47       102
       126        77        47       102
       126        77        47       102
       127        78        47       102
       129        79        47       102
       134        74        47       102
       137        71        47       102
       140        68        47       102
       143        65        47       102
       149        59        47       102
       152        55        47       102
       153        56        47       102
       155        59        47       102
       159        61        47       102
       161        61        47       102
       163        61        47       102
       165        60        47       102
       168        62        47       102
       169        64        47       102
       170        67        47       102
       171        72        47       102
       171        79        47       102
       171        79        47       102
       171        78        47       102
       172        76        47       102
       175        69        47       102
       176        66        47       102
       176        64        47       102
       176        63        47       102
       174        62        47       102
       173        63        47       102
       172        62        47       102
       170        62        47       102
       168        59        47       102
       167        58        47       102
       166        57        47       102
       166        57        47       102
       166        57        47       102
       165        57        47       102
       165        58        47       102
       165        59        47       102
       165        62        47       102
       166        65        47       102
       166        67        47       102
       165        68        47       102
       163        69        47       102
       161        68        47       102
       158        67        47       102
       155        66        47       102
       149        58        47       102
       146        54        47       102
       144        51        47       102
       142        49        47       102
       138        47        47       102
       137        48        47       102
       136        50        47       102
       136        53        47       102
       135        61        47       102
       134        67        47       102
       135        76        47       102
       137        78        47       102
       139        70        47       102
       140        63        47       102
       139        51        47       102
       138        46        47       102
       135        40        47       102
       134        37        47       102
       133        36        47       102
       131        37        47       102
       131        40        47       102
       131        43        47       102
       131        45        47       102
       131        49        47       102
       130        58        47       102
       130        63        47       102
       129        68        47       102
       130        73        47       102
       149        79        47       102
       130        82        47       102
       132        77        47       102
       133        76        47       102
       136        67        47       102
       138        62        47       102
       140        60        47       102
       141        61        47       102
       143        65        47       102
       145        66        47       102
       146        68        47       102
       148        68        47       102
       150        68        47       102
       152        66        47       102
       154        65        47       102
       156        64        47       102
       158        64        47       102
       159        63        47       102
       160        61        47       102
       160        61        47       102
       163        55        47       102
       165        53        47       102
       168        53        47       102
       170        50        47       102
       174        46        47       102
       176        47        47       102
       177        48        47       102
       177        49        47       102
       178        48        47       102
       178        49        47       102
       179        50        47       102
       180        51        47       102
       182        57        47       102
       183        61        47       102
       184        67        47       102
       184        71        47       102
       183        72        47       102
       182        68        47       102
       181        64        47       102
       180        61        47       102
       178        62        47       102
       177        64        47       102
       177        65        47       102
       176        65        47       102
       172        61        47       102
       170        60        47       102
       169        59        47       102
       169        58        47       102
       170        58        47       102
       171        58        47       102
       172        58        47       102
       172        58        47       102
       172        58        47       102
       171        58        47       102
       171        59        47       102
       172        61        47       102
       173        65        47       102
       173        67        47       102
       172        69        47       102
       170        68        47       102
       164        65        47       102
       161        62        47       102
       157        58        47       102
       153        53        47       102
       147        49        47       102
       145        49        47       102
       143        49        47       102
       141        51        47       102
       138        57        47       102
       137        61        47       102
       136        66        47       102
       138        74        47       102
       140        78        47       102
       141        71        47       102
       143        62        47       102
       144        55        47       102
       144        43        47       102
       143        39        47       102
       141        36        47       102
       140        35        47       102
       139        37        47       102
       139        39        47       102
       138        43        47       102
       138        47        47       102
       137        55        47       102
       136        60        47       102
       136        65        47       102
       135        71        47       102
       133        79        47       102
       132        80        47       102
       133        82        47       102
