       294       135        44       171
       294       139        44       171
       294       140        44       171
       295       141        44       171
       297       140        44       171
       298       140        44       171
       299       139        44       171
       300       137        44       171
       300       136        44       171
       300       137        44       171
       300       135        44       171
       299       135        44       171
       298       134        44       171
       296       134        44       171
       294       133        44       171
       293       134        44       171
       290       134        44       171
       289       134        44       171
       287       135        44       171
       287       134        44       171
       284       135        44       171
       283       135        44       171
       282       135        44       171
       282       135        44       171
       281       137        44       171
       280       137        44       171
       279       137        44       171
       277       141        44       171
       277       141        44       171
       276       142        44       171
       274       144        44       171
       273       145        44       171
       273       146        44       171
       272       147        44       171
       271       148        44       171
       270       148        44       171
       267       148        44       171
       267       148        44       171
       265       148        44       171
       263       149        44       171
       262       150        44       171
       261       150        44       171
       260       150        44       171
       260       151        44       171
       260       151        44       171
       261       151        44       171
       262       151        44       171
       262       151        44       171
       263       149        44       171
       263       149        44       171
       262       149        44       171
       262       148        44       171
       261       147        44       171
       260       146        44       171
       260       145        44       171
       259       146        44       171
       259       146        44       171
       258       145        44       171
       259       143        44       171
       259       142        44       171
       260       142        44       171
       258       144        44       171
       255       144        44       171
       257       140        44       171
       257       139        44       171
       258       137        44       171
       262       134        44       171
       264       133        44       171
       267       134        44       171
       272       134        44       171
       277       133        44       171
       283       133        44       171
       296       132        44       171
       302       133        44       171
       307       132        44       171
       312       131        44       171
       317       131        44       171
       322       130        44       171
       326       130        44       171
       331       129        44       171
       335       129        44       171
       340       129        44       171
       344       129        44       171
       349       129        44       171
       354       129        44       171
       358       129        44       171
       363       129        44       171
       367       128        44       171
       372       127        44       171
       377       126        44       171
       382       126        44       171
       386       125        44       171
       391       124        44       171
       396       124        44       171
       401       124        44       171
       405       124        44       171
       410       124        44       171
       414       124        44       171
       418       123        44       171
       422       123        44       171
       427       124        44       171
       431       124        44       171
       435       124        44       171
       440       125        44       171
       444       125        44       171
       448       126        44       171
       452       126        44       171
       454       127        44       171
       455       128        44       171
       458       129        44       171
       457       130        44       171
       458       131        44       171
       460       132        44       171
       458       134        44       171
       461       134        44       171
       461       134        44       171
       462       134        44       171
       464       134        44       171
       465       134        44       171
       466       133        44       171
       467       133        44       171
       467       133        44       171
       469       132        44       171
       469       133        44       171
       468       132        44       171
       469       131        44       171
       468       132        44       171
       468       132        44       171
       467       133        44       171
       466       133        44       171
       465       133        44       171
       464       133        44       171
       463       134        44       171
       462       135        44       171
       461       138        44       171
       462       139        44       171
       466       141        44       171
       468       144        44       171
       472       146        44       171
       488       135        44       171
       492       134        44       171
       492       136        44       171
       496       136        44       171
       499       136        44       171
       503       136        44       171
       508       135        44       171
       513       135        44       171
       519       136        44       171
       523       135        44       171
       528       136        44       171
       534       138        44       171
       539       139        44       171
       544       140        44       171
       549       141        44       171
       554       141        44       171
       559       143        44       171
       563       143        44       171
       566       143        44       171
       570       145        44       171
       573       145        44       171
       576       145        44       171
       580       146        44       171
       584       147        44       171
       588       147        44       171
       592       146        44       171
       594       146        44       171
       594       144        44       171
       594       144        44       171
       594       144        44       171
       594       144        44       171
       594       143        44       171
       594       142        44       171
       594       143        44       171
       594       142        44       171
       594       145        44       171
       594       147        44       171
       594       145        44       171
       594       147        44       171
       594       148        44       171
       594       151        44       171
       594       149        44       171
       594       147        44       171
       594       144        44       171
       594       143        44       171
       594       143        44       171
       594       142        44       171
       594       143        44       171
       594       143        44       171
       594       142        44       171
       594       143        44       171
       594       145        44       171
       594       145        44       171
       594       149        44       171
       594       151        44       171
       594       149        44       171
       594       142        44       171
       594       142        44       171
       594       145        44       171
       594       148        44       171
       594       147        44       171
       594       148        44       171
       594       149        44       171
       594       149        44       171
       594       150        44       171
       594       150        44       171
       594       152        44       171
       594       150        44       171
       594       149        44       171
       594       146        44       171
       594       144        44       171
       590       144        44       171
       590       143        44       171
       588       142        44       171
       594       137        44       171
       594       136        44       171
       594       132        44       171
       594       131        44       171
       594       130        44       171
       594       130        44       171
       594       131        44       171
       594       131        44       171
       594       129        44       171
       594       126        44       171
       594       124        44       171
       594       140        44       171
       594       140        44       171
       594       140        44       171
       580       143        44       171
       590       142        44       171
       594       141        44       171
       594       142        44       171
       588       143        44       171
       586       143        44       171
       584       144        44       171
       581       144        44       171
       580       144        44       171
       577       144        44       171
       575       145        44       171
       573       145        44       171
       572       146        44       171
       570       147        44       171
       568       147        44       171
       566       148        44       171
       565       148        44       171
       563       149        44       171
       561       149        44       171
       559       149        44       171
       557       149        44       171
       555       149        44       171
       552       149        44       171
       549       150        44       171
       547       150        44       171
       546       150        44       171
       544       150        44       171
       543       150        44       171
       543       150        44       171
       543       151        44       171
       542       151        44       171
       540       151        44       171
       541       150        44       171
       541       150        44       171
       541       150        44       171
       540       150        44       171
       539       150        44       171
       537       150        44       171
       535       151        44       171
       533       150        44       171
       531       151        44       171
       529       150        44       171
       526       150        44       171
       524       150        44       171
       522       150        44       171
       519       150        44       171
       517       149        44       171
       515       148        44       171
       513       149        44       171
       511       148        44       171
       510       148        44       171
       507       148        44       171
       506       148        44       171
       504       148        44       171
       501       148        44       171
       498       148        44       171
       494       148        44       171
       491       147        44       171
       488       148        44       171
       485       147        44       171
       482       148        44       171
       481       147        44       171
       479       147        44       171
       476       146        44       171
       471       145        44       171
       467       145        44       171
       464       144        44       171
       483       146        44       171
       478       146        44       171
       472       147        44       171
       470       148        44       171
       465       147        44       171
       461       147        44       171
       459       148        44       171
       454       148        44       171
       450       148        44       171
       446       147        44       171
       442       147        44       171
       440       147        44       171
       437       146        44       171
       435       147        44       171
       434       146        44       171
       432       146        44       171
       431       146        44       171
       432       146        44       171
       433       146        44       171
       433       146        44       171
       433       145        44       171
       433       146        44       171
       433       145        44       171
       434       146        44       171
       436       145        44       171
       436       145        44       171
       434       145        44       171
       431       144        44       171
       426       141        44       171
       423       141        44       171
       420       142        44       171
       416       139        44       171
       417       139        44       171
       424       155        44       171
       422       154        44       171
       419       147        44       171
       418       135        44       171
       418       133        44       171
       419       133        44       171
       420       128        44       171
       421       124        44       171
       424       123        44       171
       424       123        44       171
       425       123        44       171
       426       122        44       171
       428       121        44       171
       428       121        44       171
       430       120        44       171
       430       120        44       171
       431       120        44       171
       432       120        44       171
       430       120        44       171
       430       119        44       171
       428       119        44       171
       425       119        44       171
       425       118        44       171
       422       118        44       171
       419       117        44       171
       418       116        44       171
       415       116        44       171
       411       115        44       171
       409       114        44       171
       406       115        44       171
       403       114        44       171
       401       113        44       171
       399       113        44       171
       396       112        44       171
       394       111        44       171
       392       111        44       171
       389       110        44       171
       388       109        44       171
       386       109        44       171
       385       108        44       171
       384       106        44       171
       383       105        44       171
       382       104        44       171
       381       103        44       171
       380       103        44       171
       380       103        44       171
       379       102        44       171
       378       102        44       171
       376       102        44       171
       376       102        44       171
       375       102        44       171
       374       102        44       171
       373       103        44       171
       372       103        44       171
       371       103        44       171
       370       103        44       171
       369       103        44       171
       368       103        44       171
       367       104        44       171
       366       105        44       171
       364       106        44       171
       363       108        44       171
       362       110        44       171
       360       110        44       171
       359       111        44       171
       357       111        44       171
       356       110        44       171
       355       109        44       171
       351       110        44       171
       349       110        44       171
       346       111        44       171
       343        99        44       171
       340       100        44       171
       336       100        44       171
       334        99        44       171
       331       100        44       171
       329       101        44       171
       327       101        44       171
       325       101        44       171
       322       101        44       171
       320       101        44       171
       317       101        44       171
       315       102        44       171
       312       102        44       171
       311       101        44       171
       311       100        44       171
       311       100        44       171
       310       101        44       171
       307       101        44       171
       306       102        44       171
       303       102        44       171
       303       102        44       171
       305       103        44       171
       303       104        44       171
       304       104        44       171
       305       104        44       171
       302       105        44       171
       303       105        44       171
       302       106        44       171
       300       106        44       171
       301       107        44       171
       298       109        44       171
       297       110        44       171
       296       109        44       171
       290        98        44       171
       288        97        44       171
       286        94        44       171
       285        94        44       171
       284        95        44       171
       282        95        44       171
       282        92        44       171
       282        93        44       171
       282        95        44       171
       284        95        44       171
       286        97        44       171
       288        99        44       171
       290       100        44       171
       291       100        44       171
       295        98        44       171
       299        97        44       171
       301        98        44       171
       305        99        44       171
       307       100        44       171
       309       101        44       171
       310       102        44       171
       311       103        44       171
       313       105        44       171
       314       106        44       171
       314        99        44       171
       313        97        44       171
       312        96        44       171
       312        97        44       171
       310        97        44       171
       308        97        44       171
       307        97        44       171
       306        99        44       171
       308       100        44       171
       306       101        44       171
       306       102        44       171
       304       102        44       171
       304       102        44       171
       304       102        44       171
       305       103        44       171
       305       104        44       171
       304       104        44       171
       304       104        44       171
       303       105        44       171
       303       106        44       171
       302       107        44       171
       302       108        44       171
       302       109        44       171
       301       112        44       171
       301       113        44       171
       303       116        44       171
       303       116        44       171
       302       116        44       171
       299       115        44       171
       298       115        44       171
       296       115        44       171
       296       114        44       171
       293       113        44       171
       292       112        44       171
       291       112        44       171
       290       110        44       171
       289       110        44       171
       287       110        44       171
       286       109        44       171
       286       109        44       171
       286       109        44       171
       285       109        44       171
       284       108        44       171
       285       108        44       171
       285       107        44       171
       286       105        44       171
       284       105        44       171
       282       105        44       171
       282       104        44       171
       283       104        44       171
       284       103        44       171
       286       104        44       171
       288       104        44       171
       289       104        44       171
       289       104        44       171
       290       103        44       171
       289       103        44       171
       290       103        44       171
       289       102        44       171
       290       101        44       171
       289       100        44       171
       290       100        44       171
       290        99        44       171
       291        99        44       171
       289        99        44       171
       291        99        44       171
       290        99        44       171
       290       100        44       171
       289       100        44       171
       288       101        44       171
       288       100        44       171
       287       100        44       171
       285       100        44       171
       285        99        44       171
       283       100        44       171
       283        99        44       171
       282        98        44       171
       281        98        44       171
       280        98        44       171
       280        99        44       171
       280        98        44       171
       278        98        44       171
       278        97        44       171
       278        97        44       171
       276        98        44       171
       275        97        44       171
       273        96        44       171
       272        95        44       171
       270        95        44       171
       268        95        44       171
       267        95        44       171
       265        95        44       171
       265        93        44       171
       264        92        44       171
       264        91        44       171
       263        90        44       171
       262        89        44       171
       262        87        44       171
       261        86        44       171
       261        85        44       171
       260        83        44       171
       259        82        44       171
       260        80        44       171
       259        79        44       171
       260        77        44       171
       260        76        44       171
       260        75        44       171
       260        74        44       171
       259        74        44       171
       259        73        44       171
       258        73        44       171
       257        73        44       171
       257        72        44       171
       255        72        44       171
       255        72        44       171
       254        72        44       171
       253        72        44       171
       253        71        44       171
       252        69        44       171
       252        69        44       171
       252        68        44       171
       251        68        44       171
       251        68        44       171
       250        67        44       171
       249        67        44       171
       248        67        44       171
       247        68        44       171
       246        68        44       171
       246        67        44       171
       244        67        44       171
       244        67        44       171
       243        66        44       171
       242        66        44       171
       242        68        44       171
       245        69        44       171
       245        70        44       171
       244        71        44       171
       245        72        44       171
       245        73        44       171
       246        73        44       171
       246        73        44       171
       243        75        44       171
       242        75        44       171
       241        76        44       171
       239        77        44       171
       243        75        44       171
       243        76        44       171
       244        77        44       171
       243        79        44       171
       243        80        44       171
       243        81        44       171
       243        84        44       171
       243        86        44       171
       244        88        44       171
       244        90        44       171
       244        92        44       171
       246        95        44       171
       247       100        44       171
       248       102        44       171
       249       105        44       171
       251       108        44       171
       253       111        44       171
       255       113        44       171
       257       114        44       171
       259       115        44       171
       263       117        44       171
       265       118        44       171
       265       115        44       171
       256       118        44       171
       258       118        44       171
       259       119        44       171
       260       120        44       171
       262       120        44       171
       264       121        44       171
       269       123        44       171
       271       125        44       171
       275       125        44       171
       276       127        44       171
       278       129        44       171
       281       130        44       171
       283       131        44       171
       282       132        44       171
       283       134        44       171
       283       135        44       171
       283       135        44       171
       286       133        44       171
       287       132        44       171
       287       131        44       171
       288       130        44       171
       289       129        44       171
       287       128        44       171
       293       127        44       171
       295       125        44       171
       297       125        44       171
       298       124        44       171
       300       123        44       171
       302       122        44       171
       305       122        44       171
       308       122        44       171
       311       122        44       171
       313       122        44       171
       315       123        44       171
       315       123        44       171
       316       122        44       171
       316       122        44       171
       317       122        44       171
       316       122        44       171
       316       123        44       171
       316       123        44       171
       313       124        44       171
       314       123        44       171
       315       124        44       171
       316       123        44       171
       317       123        44       171
       310       123        44       171
       311       123        44       171
       312       122        44       171
       309       122        44       171
       308       121        44       171
       307       121        44       171
       304       121        44       171
       302       123        44       171
       301       123        44       171
       300       123        44       171
       299       123        44       171
       298       123        44       171
       297       124        44       171
       296       124        44       171
       295       126        44       171
       297       127        44       171
       292       128        44       171
       290       129        44       171
       286       128        44       171
       285       129        44       171
       284       129        44       171
       284       129        44       171
       284       129        44       171
       284       130        44       171
       284       130        44       171
       284       131        44       171
       284       131        44       171
       285       131        44       171
       284       131        44       171
       284       131        44       171
       283       130        44       171
       283       129        44       171
       282       130        44       171
       282       130        44       171
       281       130        44       171
       280       130        44       171
       279       130        44       171
       278       130        44       171
       277       130        44       171
       276       129        44       171
       275       128        44       171
       275       127        44       171
       274       126        44       171
       274       126        44       171
       274       124        44       171
       274       123        44       171
       274       122        44       171
       273       120        44       171
       273       119        44       171
       273       117        44       171
       273       117        44       171
       272       115        44       171
       273       113        44       171
       272       111        44       171
       273       109        44       171
       272       107        44       171
       273       106        44       171
       273       105        44       171
       273       104        44       171
       273       103        44       171
       273       103        44       171
       273       103        44       171
       273       102        44       171
       272       102        44       171
       272       102        44       171
       271       103        44       171
       271       104        44       171
       271       104        44       171
       271       104        44       171
       270       106        44       171
       271       106        44       171
       271       107        44       171
       271       108        44       171
       271       108        44       171
       271       110        44       171
       271       110        44       171
       272       111        44       171
       272       111        44       171
       273       111        44       171
       273       110        44       171
       274       111        44       171
       274       112        44       171
       274       112        44       171
       275       112        44       171
       275       112        44       171
       275       113        44       171
       276       113        44       171
       276       113        44       171
       276       113        44       171
       276       114        44       171
       276       113        44       171
       276       113        44       171
       276       113        44       171
       276       113        44       171
       276       113        44       171
       276       114        44       171
       277       114        44       171
       277       115        44       171
       273       114        44       171
       272       113        44       171
       277       115        44       171
       278       115        44       171
       278       113        44       171
       278       113        44       171
       277       113        44       171
       276       113        44       171
       276       112        44       171
       277       111        44       171
       276       112        44       171
       277       111        44       171
       277       111        44       171
       277       111        44       171
       277       110        44       171
       276       109        44       171
       276       109        44       171
       275       108        44       171
       275       107        44       171
       275       106        44       171
       274       105        44       171
       275       104        44       171
       275       103        44       171
       275       103        44       171
       276       102        44       171
       276       101        44       171
       278       101        44       171
       280       100        44       171
       281       100        44       171
       283       100        44       171
       284        99        44       171
       285       100        44       171
       286        99        44       171
       287       100        44       171
       287        99        44       171
       286        99        44       171
       285       100        44       171
       288        99        44       171
       288        99        44       171
       289        99        44       171
       289        98        44       171
       288        99        44       171
       289        99        44       171
       289       100        44       171
       290        99        44       171
       290       101        44       171
       293       100        44       171
       295       101        44       171
       294       102        44       171
       293       103        44       171
       292       102        44       171
       290       103        44       171
       290       104        44       171
       290       104        44       171
       295       106        44       171
       294       107        44       171
       297       107        44       171
       297       108        44       171
       299       109        44       171
       297       108        44       171
       300       110        44       171
       300       110        44       171
       302       110        44       171
       303       110        44       171
       305       110        44       171
       307       110        44       171
       307       112        44       171
       308       111        44       171
       309       112        44       171
       311       113        44       171
       312       112        44       171
       313       113        44       171
       314       113        44       171
       315       113        44       171
       316       111        44       171
       317       111        44       171
       317       111        44       171
       318       110        44       171
       317       112        44       171
       318       112        44       171
       319       111        44       171
       320       111        44       171
       322       111        44       171
       323       110        44       171
       324       111        44       171
       327       110        44       171
       327       110        44       171
       330       111        44       171
       331       109        44       171
       333       111        44       171
       335       110        44       171
       336       109        44       171
       337       109        44       171
       338       109        44       171
       339       109        44       171
       340       109        44       171
       341       109        44       171
       341       110        44       171
       342       110        44       171
       343       110        44       171
       343       110        44       171
       343       110        44       171
       344       109        44       171
       345       109        44       171
       345       109        44       171
       345       110        44       171
       344       110        44       171
       342       110        44       171
       342       110        44       171
       339       111        44       171
       339       111        44       171
       338       112        44       171
       337       112        44       171
       337       113        44       171
       335       113        44       171
       338       115        44       171
       338       115        44       171
       338       115        44       171
       338       112        44       171
       335       115        44       171
       341       111        44       171
       332       115        44       171
       335       114        44       171
       334       115        44       171
       335       115        44       171
       333       116        44       171
       332       116        44       171
       330       117        44       171
       331       116        44       171
       330       116        44       171
       331       116        44       171
       330       117        44       171
       333       117        44       171
       333       117        44       171
       333       118        44       171
       333       117        44       171
       329       118        44       171
       330       118        44       171
       330       119        44       171
       329       120        44       171
       329       119        44       171
       328       120        44       171
       328       120        44       171
       328       120        44       171
       326       120        44       171
       325       120        44       171
       324       119        44       171
       323       119        44       171
       321       119        44       171
       319       119        44       171
       318       120        44       171
       316       120        44       171
       313       121        44       171
       311       121        44       171
       307       122        44       171
       305       123        44       171
       301       123        44       171
       298       124        44       171
       295       124        44       171
       292       125        44       171
       290       126        44       171
       287       127        44       171
       285       129        44       171
       283       130        44       171
       280       132        44       171
       279       134        44       171
       278       136        44       171
       275       139        44       171
       274       140        44       171
       272       142        44       171
       270       144        44       171
       268       144        44       171
       266       145        44       171
       264       146        44       171
       262       148        44       171
       260       149        44       171
       258       151        44       171
       256       152        44       171
       253       155        44       171
       252       155        44       171
       250       157        44       171
       249       157        44       171
       248       159        44       171
       247       159        44       171
       247       160        44       171
       248       160        44       171
       248       161        44       171
       249       161        44       171
       250       161        44       171
       251       161        44       171
       251       162        44       171
       252       163        44       171
       251       164        44       171
       251       165        44       171
       250       165        44       171
       250       166        44       171
       249       167        44       171
       248       169        44       171
       247       171        44       171
       245       173        44       171
       242       176        44       171
       241       178        44       171
       239       180        44       171
       238       182        44       171
       235       184        44       171
       234       187        44       171
       231       189        44       171
       231       190        44       171
       229       191        44       171
       227       192        44       171
       225       191        44       171
       223       191        44       171
       221       191        44       171
       219       192        44       171
       217       193        44       171
       215       192        44       171
       214       192        44       171
       212       193        44       171
       212       193        44       171
       211       195        44       171
       219       196        44       171
       220       197        44       171
       219       196        44       171
       219       195        44       171
       220       195        44       171
       219       197        44       171
       218       196        44       171
       218       197        44       171
       218       197        44       171
       217       198        44       171
       215       200        44       171
       217       201        44       171
       214       202        44       171
       218       204        44       171
       215       206        44       171
       218       208        44       171
       218       210        44       171
       216       212        44       171
       214       213        44       171
       214       215        44       171
       213       218        44       171
       212       221        44       171
       212       224        44       171
       211       226        44       171
       211       228        44       171
       211       230        44       171
       210       232        44       171
       210       233        44       171
       207       234        44       171
       205       237        44       171
       204       238        44       171
       203       241        44       171
       201       241        44       171
       196       241        44       171
       193       241        44       171
       191       241        44       171
       190       243        44       171
       188       245        44       171
       187       247        44       171
       187       249        44       171
       186       252        44       171
       186       254        44       171
       184       256        44       171
       182       258        44       171
       183       258        44       171
       181       261        44       171
       179       264        44       171
       176       268        44       171
       175       272        44       171
       175       274        44       171
       176       274        44       171
       170       275        44       171
       168       275        44       171
       168       275        44       171
       168       276        44       171
       166       277        44       171
       166       278        44       171
       164       280        44       171
       163       282        44       171
       162       283        44       171
       180       284        44       171
       192       283        44       171
       176       283        44       171
       169       283        44       171
       176       283        44       171
       179       285        44       171
       178       288        44       171
       179       290        44       171
       181       292        44       171
       188       292        44       171
       189       294        44       171
       187       292        44       171
       188       292        44       171
       191       292        44       171
       190       294        44       171
       191       296        44       171
       195       299        44       171
       192       301        44       171
       193       302        44       171
       196       303        44       171
       209       303        44       171
       201       302        44       171
       213       303        44       171
       217       302        44       171
       215       305        44       171
       220       306        44       171
       220       306        44       171
       213       306        44       171
       194       306        44       171
       178       304        44       171
       181       300        44       171
       184       295        44       171
       175       294        44       171
       164       291        44       171
       165       291        44       171
       177       293        44       171
       167       295        44       171
       168       298        44       171
       178       301        44       171
       180       303        44       171
       180       305        44       171
       183       307        44       171
       202       307        44       171
       221       307        44       171
       234       307        44       171
       244       307        44       171
       232       307        44       171
       242       307        44       171
       256       307        44       171
       257       307        44       171
       260       307        44       171
       248       307        44       171
       265       306        44       171
       267       306        44       171
       270       306        44       171
       271       306        44       171
       272       306        44       171
       275       306        44       171
       277       306        44       171
       278       307        44       171
       279       307        44       171
       277       307        44       171
       280       307        44       171
       281       307        44       171
       282       307        44       171
       284       307        44       171
       284       307        44       171
       285       307        44       171
       285       306        44       171
       285       307        44       171
       288       306        44       171
       289       306        44       171
       290       306        44       171
       291       305        44       171
       291       306        44       171
       294       305        44       171
       292       306        44       171
       295       305        44       171
       297       304        44       171
       296       304        44       171
       297       304        44       171
       297       303        44       171
       297       302        44       171
       295       300        44       171
       294       298        44       171
       292       296        44       171
       290       293        44       171
       289       291        44       171
       288       288        44       171
       287       286        44       171
       288       284        44       171
       288       283        44       171
       290       280        44       171
       291       278        44       171
       293       276        44       171
       294       274        44       171
       294       272        44       171
       296       270        44       171
       296       270        44       171
       297       268        44       171
       298       267        44       171
       297       265        44       171
       297       265        44       171
       297       264        44       171
       297       263        44       171
       297       263        44       171
       297       262        44       171
       296       262        44       171
       296       263        44       171
       296       262        44       171
       296       261        44       171
       297       260        44       171
       298       259        44       171
       298       260        44       171
       300       261        44       171
       300       261        44       171
       301       261        44       171
       302       261        44       171
       302       261        44       171
       304       261        44       171
       304       261        44       171
       304       262        44       171
       305       262        44       171
       306       263        44       171
       305       265        44       171
       306       266        44       171
       306       268        44       171
       307       269        44       171
       307       269        44       171
       307       270        44       171
       308       271        44       171
       308       273        44       171
       308       275        44       171
       309       277        44       171
       309       280        44       171
       309       283        44       171
       309       285        44       171
       308       288        44       171
       308       290        44       171
       307       292        44       171
       305       295        44       171
       305       297        44       171
       303       300        44       171
       303       301        44       171
       301       304        44       171
       300       307        44       171
       301       307        44       171
       300       307        44       171
       300       307        44       171
       300       307        44       171
       300       307        44       171
       301       307        44       171
       301       307        44       171
       302       307        44       171
       301       307        44       171
       302       307        44       171
       302       307        44       171
       302       307        44       171
       303       306        44       171
       303       307        44       171
       303       307        44       171
       304       307        44       171
       306       307        44       171
       306       307        44       171
       307       307        44       171
       307       307        44       171
       308       306        44       171
       309       304        44       171
       309       304        44       171
       310       303        44       171
       310       304        44       171
       311       303        44       171
       311       302        44       171
       311       303        44       171
       311       304        44       171
       312       304        44       171
       311       304        44       171
       311       304        44       171
       311       305        44       171
       311       305        44       171
       311       306        44       171
       309       307        44       171
       309       306        44       171
       308       305        44       171
       307       305        44       171
       306       306        44       171
       306       305        44       171
       305       306        44       171
       305       305        44       171
       304       305        44       171
       303       305        44       171
       303       304        44       171
       302       304        44       171
       302       304        44       171
       302       303        44       171
       301       303        44       171
       302       302        44       171
       301       302        44       171
       301       303        44       171
       302       303        44       171
       302       304        44       171
       303       305        44       171
       303       305        44       171
       302       304        44       171
       303       305        44       171
       303       305        44       171
       303       305        44       171
       303       305        44       171
       303       305        44       171
       304       305        44       171
       304       305        44       171
       304       305        44       171
       303       305        44       171
       303       305        44       171
       303       306        44       171
       303       306        44       171
       302       307        44       171
       302       307        44       171
       301       307        44       171
       301       307        44       171
       301       306        44       171
       300       307        44       171
       300       306        44       171
       299       306        44       171
       299       306        44       171
       299       306        44       171
       298       306        44       171
       298       306        44       171
       299       306        44       171
       299       307        44       171
       299       305        44       171
       300       306        44       171
       300       306        44       171
       299       306        44       171
       299       305        44       171
       299       305        44       171
       299       304        44       171
       298       304        44       171
       298       303        44       171
       297       302        44       171
       297       300        44       171
       297       299        44       171
       297       297        44       171
       295       296        44       171
       294       295        44       171
       293       294        44       171
       291       293        44       171
       291       292        44       171
       289       291        44       171
       289       291        44       171
       289       289        44       171
       289       289        44       171
       290       287        44       171
       288       287        44       171
       289       286        44       171
       289       285        44       171
       288       285        44       171
       287       285        44       171
       286       286        44       171
       285       288        44       171
       285       289        44       171
       285       290        44       171
       285       291        44       171
       285       291        44       171
       286       290        44       171
       286       290        44       171
       286       290        44       171
       287       290        44       171
       288       291        44       171
       289       293        44       171
       291       294        44       171
       293       295        44       171
       296       297        44       171
       298       297        44       171
       301       299        44       171
       303       300        44       171
       305       302        44       171
       307       304        44       171
       309       305        44       171
       311       307        44       171
       313       307        44       171
       315       307        44       171
       316       307        44       171
       318       307        44       171
       321       307        44       171
       324       307        44       171
       327       307        44       171
       330       307        44       171
       333       307        44       171
       336       307        44       171
       339       307        44       171
       343       307        44       171
       346       307        44       171
       348       307        44       171
       351       307        44       171
       352       307        44       171
       354       307        44       171
       354       307        44       171
       355       307        44       171
       356       306        44       171
       359       306        44       171
       359       306        44       171
       359       305        44       171
       360       306        44       171
       361       305        44       171
       361       306        44       171
       361       307        44       171
       360       307        44       171
       360       307        44       171
       364       307        44       171
       363       307        44       171
       363       307        44       171
       365       307        44       171
       366       307        44       171
       367       305        44       171
       369       304        44       171
       371       303        44       171
       373       301        44       171
       373       300        44       171
       374       299        44       171
       375       297        44       171
       375       294        44       171
       375       290        44       171
       377       287        44       171
       378       284        44       171
       378       281        44       171
       377       280        44       171
       380       277        44       171
       378       275        44       171
       379       272        44       171
       379       270        44       171
       382       267        44       171
       379       265        44       171
       380       263        44       171
       381       261        44       171
       381       260        44       171
       382       258        44       171
       383       257        44       171
       383       256        44       171
       383       253        44       171
       383       252        44       171
       384       250        44       171
       385       248        44       171
       385       248        44       171
       387       247        44       171
       388       246        44       171
       389       246        44       171
       390       246        44       171
       391       245        44       171
       391       244        44       171
       393       243        44       171
       393       242        44       171
       393       242        44       171
       394       241        44       171
       394       241        44       171
       395       240        44       171
       395       240        44       171
       396       240        44       171
       396       239        44       171
       396       239        44       171
       397       240        44       171
       397       240        44       171
       397       240        44       171
       398       241        44       171
       398       243        44       171
       399       243        44       171
       399       244        44       171
       399       244        44       171
       400       246        44       171
       401       248        44       171
       402       250        44       171
       403       251        44       171
       404       253        44       171
       406       255        44       171
       406       256        44       171
       407       258        44       171
       407       259        44       171
       407       260        44       171
       408       262        44       171
       409       264        44       171
       410       266        44       171
       410       268        44       171
       411       268        44       171
       411       269        44       171
       413       271        44       171
       414       272        44       171
       414       272        44       171
       414       273        44       171
       415       273        44       171
       415       274        44       171
       417       274        44       171
       417       275        44       171
       418       275        44       171
       419       276        44       171
       420       276        44       171
       421       275        44       171
       420       274        44       171
       421       275        44       171
       422       275        44       171
       423       276        44       171
       423       277        44       171
       424       277        44       171
       424       279        44       171
       424       280        44       171
       425       280        44       171
       425       280        44       171
       426       280        44       171
       426       280        44       171
       427       281        44       171
       429       281        44       171
       429       283        44       171
       430       284        44       171
       430       285        44       171
       432       286        44       171
       432       285        44       171
       432       285        44       171
       433       285        44       171
       434       285        44       171
       433       286        44       171
       433       286        44       171
       433       287        44       171
       433       288        44       171
       434       288        44       171
       434       288        44       171
       434       286        44       171
       434       287        44       171
       435       287        44       171
       435       288        44       171
       435       288        44       171
       435       288        44       171
       435       288        44       171
       435       286        44       171
       434       286        44       171
       434       286        44       171
       434       285        44       171
       434       286        44       171
       434       286        44       171
       433       285        44       171
       434       285        44       171
       432       285        44       171
       433       285        44       171
       436       285        44       171
       435       286        44       171
       436       286        44       171
       436       286        44       171
       437       286        44       171
       437       286        44       171
       437       287        44       171
       438       286        44       171
       438       286        44       171
       439       286        44       171
       439       287        44       171
       436       287        44       171
