        99       237        27        82
       101       237        27        82
       103       241        27        82
       106       241        27        82
       108       240        27        82
       108       236        27        82
       109       236        27        82
       111       235        27        82
       112       234        27        82
       114       232        27        82
       115       231        27        82
       115       231        27        82
       116       234        27        82
       116       232        27        82
       117       230        27        82
       118       222        27        82
       117       225        27        82
       120       219        27        82
       122       219        27        82
       123       218        27        82
       125       216        27        82
       126       212        27        82
       129       211        27        82
       131       211        27        82
       132       211        27        82
       133       212        27        82
       134       217        27        82
       135       218        27        82
       136       219        27        82
       137       218        27        82
       140       218        27        82
       143       217        27        82
       145       217        27        82
       146       218        27        82
       147       216        27        82
       144       216        27        82
       141       213        27        82
       138       214        27        82
       137       214        27        82
       136       216        27        82
       134       217        27        82
       132       220        27        82
       130       220        27        82
       129       218        27        82
       127       216        27        82
       126       218        27        82
       127       219        27        82
       127       219        27        82
       128       219        27        82
       126       220        27        82
       123       221        27        82
       124       222        27        82
       127       223        27        82
       128       224        27        82
       128       224        27        82
       128       224        27        82
       130       223        27        82
       131       224        27        82
       131       224        27        82
       133       225        27        82
       134       224        27        82
       135       222        27        82
       137       221        27        82
       138       221        27        82
       140       213        27        82
       143       212        27        82
       144       212        27        82
       146       213        27        82
       149       216        27        82
       150       217        27        82
       150       220        27        82
       151       222        27        82
       152       216        27        82
       155       217        27        82
       158       221        27        82
       158       223        27        82
       158       210        27        82
       157       208        27        82
       157       208        27        82
       159       208        27        82
       158       208        27        82
       160       209        27        82
       162       210        27        82
       164       211        27        82
       165       213        27        82
       166       215        27        82
       167       217        27        82
       167       214        27        82
       166       213        27        82
       167       212        27        82
       169       211        27        82
       171       211        27        82
       173       212        27        82
       174       214        27        82
       177       218        27        82
       180       219        27        82
       182       217        27        82
       182       216        27        82
       186       216        27        82
       188       217        27        82
       191       212        27        82
       194       209        27        82
       194       209        27        82
       194       210        27        82
       195       211        27        82
       194       213        27        82
       193       213        27        82
       193       214        27        82
       193       216        27        82
       192       213        27        82
       191       213        27        82
       190       213        27        82
       189       214        27        82
       188       215        27        82
       188       217        27        82
       187       220        27        82
       186       222        27        82
       184       223        27        82
       185       223        27        82
       185       223        27        82
       186       221        27        82
       188       220        27        82
       189       220        27        82
       188       220        27        82
       189       221        27        82
       190       222        27        82
       191       222        27        82
       191       222        27        82
       185       203        27        82
       168       198        27        82
       169       197        27        82
       171       196        27        82
       171       195        27        82
       171       194        27        82
       173       194        27        82
       172       183        27        82
       174       169        27        82
       175       168        27        82
       174       168        27        82
       173       168        27        82
       172       168        27        82
       153       167        27        82
       147       168        27        82
       142       173        27        82
       150       169        27        82
       154       173        27        82
       156       173        27        82
       158       171        27        82
       154       174        27        82
       154       177        27        82
       154       176        27        82
       153       177        27        82
       152       177        27        82
       153       177        27        82
       150       180        27        82
       148       180        27        82
       147       180        27        82
       145       184        27        82
       145       184        27        82
       144       186        27        82
       142       186        27        82
       140       187        27        82
       135       186        27        82
       136       185        27        82
       130       191        27        82
       131       190        27        82
       128       190        27        82
       118       190        27        82
       123       190        27        82
       118       191        27        82
       117       188        27        82
       113       192        27        82
       113       189        27        82
       108       193        27        82
       107       192        27        82
       104       193        27        82
        99       193        27        82
       100       194        27        82
       100       193        27        82
        98       196        27        82
        90       195        27        82
        95       197        27        82
        89       200        27        82
        81       203        27        82
        79       202        27        82
        79       206        27        82
        77       205        27        82
        75       207        27        82
        71       205        27        82
        67       206        27        82
        64       204        27        82
        54       203        27        82
        38       210        27        82
        39       205        27        82
        33       202        27        82
        29       204        27        82
        23       205        27        82
        19       206        27        82
        16       207        27        82
        27       204        27        82
        13       206        27        82
         9       208        27        82
         2       210        27        82
         3       210        27        82
         8       208        27        82
         2       207        27        82
         1       207        27        82
         2       207        27        82
         1       206        27        82
         1       203        27        82
         1       202        27        82
         1       201        27        82
         1       198        27        82
         1       198        27        82
         1       198        27        82
         1       197        27        82
         1       197        27        82
         1       197        27        82
         1       197        27        82
         1       196        27        82
         1       197        27        82
        18       207        27        82
        18       225        27        82
        17       226        27        82
        16       226        27        82
         9       227        27        82
         5       227        27        82
         2       227        27        82
         1       228        27        82
         1       228        27        82
         1       229        27        82
         1       231        27        82
         1       232        27        82
         1       232        27        82
         1       231        27        82
         1       229        27        82
         1       229        27        82
         1       230        27        82
         1       227        27        82
         1       228        27        82
         1       228        27        82
         1       229        27        82
         1       229        27        82
         1       230        27        82
         1       230        27        82
         1       231        27        82
         1       232        27        82
         1       234        27        82
         1       234        27        82
         1       234        27        82
         1       234        27        82
         1       234        27        82
         1       234        27        82
         1       235        27        82
         1       236        27        82
         1       236        27        82
         1       236        27        82
         1       236        27        82
         1       236        27        82
         1       236        27        82
         1       235        27        82
         1       235        27        82
         1       236        27        82
         1       237        27        82
         1       237        27        82
         1       238        27        82
         1       238        27        82
         1       238        27        82
         1       240        27        82
         1       241        27        82
         1       242        27        82
         1       242        27        82
         1       243        27        82
         1       245        27        82
         1       246        27        82
         1       246        27        82
         1       249        27        82
        20       253        27        82
        17       253        27        82
        14       254        27        82
        10       255        27        82
         8       256        27        82
         4       257        27        82
         1       258        27        82
         1       260        27        82
         1       264        27        82
         1       265        27        82
         1       265        27        82
         1       266        27        82
         1       267        27        82
         1       268        27        82
         1       269        27        82
         1       269        27        82
         1       269        27        82
         1       270        27        82
         1       270        27        82
         1       271        27        82
         1       272        27        82
         1       272        27        82
         1       272        27        82
         1       273        27        82
         1       273        27        82
         1       274        27        82
         1       274        27        82
         1       274        27        82
         1       275        27        82
         1       274        27        82
         1       273        27        82
         1       272        27        82
         1       272        27        82
         1       272        27        82
         1       271        27        82
         1       271        27        82
         1       271        27        82
         1       271        27        82
         1       270        27        82
         1       270        27        82
         1       270        27        82
         1       270        27        82
         1       271        27        82
         1       271        27        82
         1       271        27        82
         1       270        27        82
         1       269        27        82
         1       269        27        82
         1       270        27        82
         1       270        27        82
         2       269        27        82
         1       269        27        82
         1       269        27        82
         1       269        27        82
         1       269        27        82
         1       269        27        82
         1       269        27        82
         1       270        27        82
         1       270        27        82
         1       268        27        82
         1       271        27        82
         1       268        27        82
         1       268        27        82
         1       267        27        82
         1       268        27        82
         1       269        27        82
         1       269        27        82
         3       270        27        82
         1       271        27        82
         1       272        27        82
         1       272        27        82
         1       273        27        82
         3       274        27        82
         5       274        27        82
         3       276        27        82
         4       276        27        82
         2       276        27        82
         1       276        27        82
         2       276        27        82
         1       276        27        82
         1       276        27        82
         1       275        27        82
         1       274        27        82
         3       274        27        82
         1       273        27        82
         4       274        27        82
         1       275        27        82
         1       275        27        82
         4       274        27        82
         3       274        27        82
         1       275        27        82
         1       275        27        82
         1       276        27        82
         2       277        27        82
         2       278        27        82
         1       280        27        82
         1       279        27        82
         1       279        27        82
         1       279        27        82
         1       278        27        82
         1       278        27        82
         1       277        27        82
         1       277        27        82
         1       277        27        82
         1       277        27        82
         1       277        27        82
         3       278        27        82
         5       279        27        82
         4       279        27        82
         2       279        27        82
         4       279        27        82
         1       279        27        82
         1       280        27        82
         8       281        27        82
         9       280        27        82
         5       279        27        82
         7       279        27        82
         6       279        27        82
         7       280        27        82
         9       280        27        82
         7       280        27        82
         7       280        27        82
         8       280        27        82
         6       281        27        82
         5       282        27        82
         6       281        27        82
         5       282        27        82
         4       282        27        82
         2       280        27        82
         1       281        27        82
         1       282        27        82
         1       281        27        82
         1       283        27        82
         2       283        27        82
         1       285        27        82
         1       285        27        82
         1       286        27        82
         1       286        27        82
         1       286        27        82
         1       286        27        82
         1       285        27        82
         1       284        27        82
         1       283        27        82
         1       282        27        82
         1       279        27        82
         1       277        27        82
         1       276        27        82
         1       275        27        82
         1       274        27        82
         1       274        27        82
         1       274        27        82
         1       275        27        82
         3       277        27        82
         1       278        27        82
         1       279        27        82
         1       279        27        82
         1       279        27        82
         1       280        27        82
         1       281        27        82
         1       281        27        82
        10       282        27        82
         9       283        27        82
        12       284        27        82
        13       285        27        82
         6       286        27        82
         4       287        27        82
         5       287        27        82
         6       287        27        82
         3       287        27        82
         2       287        27        82
         3       287        27        82
         1       288        27        82
         1       288        27        82
         3       289        27        82
         1       290        27        82
         1       292        27        82
         1       294        27        82
         2       295        27        82
         1       296        27        82
         1       297        27        82
         1       298        27        82
         1       298        27        82
         1       299        27        82
         1       298        27        82
         1       298        27        82
         1       297        27        82
         1       297        27        82
         1       297        27        82
         1       298        27        82
         1       299        27        82
         6       299        27        82
         3       298        27        82
         1       297        27        82
         1       296        27        82
         1       295        27        82
         1       295        27        82
         1       295        27        82
         5       296        27        82
         3       297        27        82
         5       298        27        82
         4       300        27        82
         7       301        27        82
         8       301        27        82
         6       301        27        82
         5       302        27        82
         7       302        27        82
         1       302        27        82
         1       303        27        82
        10       302        27        82
         5       303        27        82
         7       303        27        82
         3       303        27        82
         3       302        27        82
         1       300        27        82
         1       298        27        82
         1       297        27        82
         1       297        27        82
         1       296        27        82
         1       297        27        82
         1       297        27        82
         1       298        27        82
         1       299        27        82
         1       301        27        82
         1       303        27        82
         1       304        27        82
         1       305        27        82
         1       306        27        82
         1       306        27        82
         1       308        27        82
         1       308        27        82
         2       308        27        82
         2       309        27        82
         1       308        27        82
         5       307        27        82
         1       308        27        82
         3       309        27        82
         1       309        27        82
         1       310        27        82
         1       311        27        82
         1       312        27        82
         1       313        27        82
         1       314        27        82
         2       315        27        82
         1       315        27        82
         1       315        27        82
         3       314        27        82
         1       314        27        82
         1       314        27        82
         6       313        27        82
         6       312        27        82
         1       310        27        82
        18       308        27        82
         1       307        27        82
         4       306        27        82
        11       302        27        82
         7       302        27        82
        10       302        27        82
         2       302        27        82
         1       303        27        82
         1       304        27        82
         1       307        27        82
         5       309        27        82
         1       309        27        82
         1       308        27        82
         1       304        27        82
         1       304        27        82
         1       304        27        82
         1       303        27        82
         1       303        27        82
         1       302        27        82
         1       301        27        82
         1       301        27        82
         1       302        27        82
         1       301        27        82
         1       301        27        82
         1       302        27        82
         1       303        27        82
         2       303        27        82
         3       302        27        82
         5       302        27        82
         7       302        27        82
         7       302        27        82
         9       303        27        82
        12       303        27        82
        12       303        27        82
        12       304        27        82
        15       304        27        82
        16       304        27        82
        15       304        27        82
        16       305        27        82
        19       305        27        82
        20       305        27        82
        19       305        27        82
        20       305        27        82
        22       306        27        82
        23       306        27        82
        23       306        27        82
        23       305        27        82
        24       303        27        82
        25       303        27        82
        25       303        27        82
        26       303        27        82
        28       304        27        82
        30       304        27        82
        32       303        27        82
        34       303        27        82
        36       303        27        82
        39       303        27        82
        40       303        27        82
        42       303        27        82
        44       304        27        82
        45       304        27        82
        44       304        27        82
        47       305        27        82
        47       304        27        82
        46       304        27        82
        46       304        27        82
        48       304        27        82
        48       303        27        82
        47       302        27        82
        46       302        27        82
        48       302        27        82
        49       301        27        82
        49       300        27        82
        49       300        27        82
        49       300        27        82
        50       300        27        82
        50       300        27        82
        51       299        27        82
        52       300        27        82
        54       300        27        82
        55       300        27        82
        54       299        27        82
        54       299        27        82
        53       299        27        82
        52       301        27        82
        52       301        27        82
        52       301        27        82
        51       301        27        82
        51       302        27        82
        50       303        27        82
        49       304        27        82
        48       305        27        82
        48       306        27        82
        48       306        27        82
        47       307        27        82
        47       307        27        82
        48       307        27        82
        48       307        27        82
        49       306        27        82
        49       305        27        82
        50       305        27        82
        52       305        27        82
        53       305        27        82
        53       306        27        82
        54       307        27        82
        55       307        27        82
        55       307        27        82
        54       307        27        82
        54       308        27        82
        53       308        27        82
        53       309        27        82
        53       309        27        82
        52       308        27        82
        51       309        27        82
        51       311        27        82
        52       311        27        82
        51       312        27        82
        51       313        27        82
        52       314        27        82
        52       314        27        82
        53       315        27        82
        53       315        27        82
        54       315        27        82
        55       314        27        82
        56       312        27        82
        56       312        27        82
        55       312        27        82
        56       312        27        82
        56       313        27        82
        56       312        27        82
        56       312        27        82
        55       312        27        82
        56       311        27        82
        56       310        27        82
        56       309        27        82
        56       308        27        82
        56       308        27        82
        55       308        27        82
        55       306        27        82
