       110       101        30        91
       108        94        30        91
       106        83        30        91
       106        83        30        91
       105        90        30        91
       106        92        30        91
       107        92        30        91
       104        83        30        91
       103        80        30        91
       106        79        30        91
       107        79        30        91
       108        79        30        91
       110        79        30        91
       109        79        30        91
       107        78        30        91
       105        77        30        91
       104        77        30        91
       102        77        30        91
       100        75        30        91
       100        75        30        91
       101        75        30        91
       102        74        30        91
       102        73        30        91
       103        74        30        91
       103        75        30        91
       103        75        30        91
       103        75        30        91
       103        75        30        91
       102        74        30        91
       103        74        30        91
       102        74        30        91
       102        74        30        91
       102        73        30        91
       102        72        30        91
       102        72        30        91
       101        71        30        91
       100        70        30        91
        97        69        30        91
        94        69        30        91
        93        68        30        91
        93        70        30        91
        92        71        30        91
        91        72        30        91
        90        73        30        91
        89        74        30        91
        89        74        30        91
        88        74        30        91
        88        74        30        91
        88        74        30        91
        89        73        30        91
        90        73        30        91
        92        75        30        91
        93        76        30        91
        93        74        30        91
        92        72        30        91
        91        71        30        91
        91        71        30        91
        90        72        30        91
        90        73        30        91
        89        72        30        91
        89        72        30        91
        89        72        30        91
        90        72        30        91
        89        73        30        91
        90        73        30        91
        90        73        30        91
        89        73        30        91
        88        72        30        91
        87        72        30        91
        86        71        30        91
        85        70        30        91
        86        71        30        91
        87        72        30        91
        87        71        30        91
        87        71        30        91
        88        71        30        91
        88        69        30        91
        88        70        30        91
        88        71        30        91
        88        71        30        91
        87        69        30        91
        87        70        30        91
        88        71        30        91
        88        71        30        91
        89        71        30        91
        89        72        30        91
        90        73        30        91
        90        73        30        91
        89        73        30        91
        88        71        30        91
        87        71        30        91
        87        71        30        91
        87        71        30        91
        87        71        30        91
        87        71        30        91
        87        71        30        91
        87        71        30        91
        87        71        30        91
        86        71        30        91
        86        71        30        91
        84        69        30        91
        85        70        30        91
        86        71        30        91
        86        71        30        91
        86        71        30        91
        88        71        30        91
        88        71        30        91
        89        72        30        91
        89        73        30        91
        89        73        30        91
        88        73        30        91
        87        71        30        91
        85        71        30        91
        84        70        30        91
        83        69        30        91
        83        69        30        91
        82        68        30        91
        81        66        30        91
        81        66        30        91
        81        65        30        91
        81        65        30        91
        80        64        30        91
        81        67        30        91
        82        66        30        91
        82        66        30        91
        84        67        30        91
        85        67        30        91
        87        69        30        91
