       180        79        37       114
       182        78        37       114
       181        84        37       114
       182        89        37       114
       181        79        37       114
       181        80        37       114
       179        89        37       114
       179        98        37       114
       175        90        37       114
       173        91        37       114
       169        94        37       114
       166        97        37       114
       164       102        37       114
       161        99        37       114
       161        97        37       114
       160        93        37       114
       158        97        37       114
       158        97        37       114
       159        97        37       114
       161        88        37       114
       163        92        37       114
       166        95        37       114
       169        94        37       114
       168        91        37       114
       170        90        37       114
       170        89        37       114
       171        89        37       114
       172        88        37       114
       174        86        37       114
       174        87        37       114
       174        86        37       114
       172        88        37       114
       171        86        37       114
       170        86        37       114
       169        84        37       114
       169        81        37       114
       168        81        37       114
       169        79        37       114
       167        80        37       114
       168        82        37       114
       166        84        37       114
       163        82        37       114
       161        82        37       114
       160        79        37       114
       156        76        37       114
       151        76        37       114
       146        79        37       114
       142        79        37       114
       138        78        37       114
       135        78        37       114
       131        80        37       114
       129        82        37       114
       126        85        37       114
       124        87        37       114
       120        84        37       114
       119        82        37       114
       119        83        37       114
       121        80        37       114
       120        77        37       114
       121        75        37       114
       122        72        37       114
       118        53        37       114
       114        47        37       114
       113        46        37       114
       112        46        37       114
       111        43        37       114
       107        41        37       114
       105        43        37       114
       103        51        37       114
       102        54        37       114
       100        55        37       114
        97        59        37       114
        94        59        37       114
        91        58        37       114
        88        58        37       114
        85        58        37       114
        81        58        37       114
        75        58        37       114
        58        62        37       114
        53        63        37       114
        50        61        37       114
        45        59        37       114
        42        56        37       114
        39        53        37       114
        37        51        37       114
        35        50        37       114
        34        47        37       114
        32        44        37       114
        32        44        37       114
        29        42        37       114
        29        41        37       114
        29        40        37       114
        28        40        37       114
        25        40        37       114
        22        41        37       114
        20        42        37       114
        15        41        37       114
         9        40        37       114
         6        40        37       114
         1        40        37       114
         1        40        37       114
         1        42        37       114
         1        44        37       114
         1        44        37       114
         1        55        37       114
         1        74        37       114
        16        87        37       114
        24        87        37       114
        18        83        37       114
        20        82        37       114
        15        81        37       114
        28        83        37       114
        25        81        37       114
        20        81        37       114
        33        88        37       114
        29        92        37       114
        28        95        37       114
        25        97        37       114
        17       101        37       114
        14       105        37       114
        14       106        37       114
        14       105        37       114
         9       104        37       114
         8       103        37       114
         8       102        37       114
         8       101        37       114
         6       103        37       114
         4       105        37       114
         4       103        37       114
         4       105        37       114
         4       106        37       114
         1       109        37       114
         1       109        37       114
         1       109        37       114
         1       111        37       114
         1       114        37       114
         1       118        37       114
         1       118        37       114
         1       119        37       114
         1       120        37       114
         1       121        37       114
         1       121        37       114
         1       122        37       114
         1       121        37       114
         1       121        37       114
         2       122        37       114
         2       123        37       114
         2       120        37       114
         2       119        37       114
         1       121        37       114
         1       119        37       114
         2       116        37       114
         4       113        37       114
         2       112        37       114
         3       111        37       114
         3       110        37       114
         3       107        37       114
         3       106        37       114
         5       106        37       114
         4       107        37       114
         8       106        37       114
         1       105        37       114
         1       105        37       114
         1       105        37       114
         3       107        37       114
         4       106        37       114
         4       107        37       114
         3       107        37       114
         3       108        37       114
         2       109        37       114
         1       110        37       114
         1       111        37       114
         1       111        37       114
         1       111        37       114
         1       113        37       114
         4       115        37       114
         4       115        37       114
         4       116        37       114
         5       119        37       114
         5       119        37       114
         5       119        37       114
         5       118        37       114
         7       118        37       114
         7       118        37       114
         6       123        37       114
         6       122        37       114
         9       120        37       114
         9       116        37       114
         8       117        37       114
        10       117        37       114
         9       115        37       114
        11       111        37       114
        10       110        37       114
         8       112        37       114
         8       113        37       114
         8       113        37       114
         8       111        37       114
         7       110        37       114
         9       108        37       114
        11       107        37       114
        10       110        37       114
        11       112        37       114
        11       113        37       114
        11       113        37       114
         9       114        37       114
         8       114        37       114
         8       115        37       114
         8       114        37       114
         7       120        37       114
         7       121        37       114
         7       122        37       114
         6       120        37       114
         6       123        37       114
         7       125        37       114
         5       129        37       114
         5       132        37       114
         6       135        37       114
         2       141        37       114
         5       139        37       114
         1       143        37       114
         4       144        37       114
         3       143        37       114
         4       141        37       114
         2       141        37       114
         1       141        37       114
         1       139        37       114
         2       134        37       114
         1       135        37       114
         1       136        37       114
         1       134        37       114
         1       134        37       114
         1       134        37       114
         2       134        37       114
         4       132        37       114
         5       131        37       114
        12       127        37       114
         9       123        37       114
         7       118        37       114
         9       115        37       114
         7       117        37       114
         6       119        37       114
         6       120        37       114
         6       120        37       114
         5       119        37       114
         3       119        37       114
         3       119        37       114
         5       119        37       114
         3       120        37       114
         1       124        37       114
         1       128        37       114
         1       130        37       114
         1       130        37       114
         1       129        37       114
         1       131        37       114
         1       130        37       114
         1       131        37       114
         1       132        37       114
         1       134        37       114
         1       134        37       114
         1       135        37       114
         1       137        37       114
         1       139        37       114
         1       141        37       114
         1       142        37       114
         3       150        37       114
         2       154        37       114
         1       155        37       114
         2       155        37       114
         3       154        37       114
         3       153        37       114
         3       154        37       114
         2       153        37       114
         3       150        37       114
         2       148        37       114
         1       151        37       114
         1       148        37       114
         1       146        37       114
         1       148        37       114
         1       151        37       114
         1       152        37       114
         1       155        37       114
         1       156        37       114
         2       156        37       114
         2       157        37       114
         2       157        37       114
         2       156        37       114
         2       157        37       114
         2       160        37       114
         3       163        37       114
         2       167        37       114
         3       167        37       114
         3       167        37       114
         3       170        37       114
         6       172        37       114
         6       172        37       114
         6       172        37       114
         6       172        37       114
         6       171        37       114
         6       170        37       114
         9       169        37       114
         6       169        37       114
         8       163        37       114
         4       165        37       114
         5       164        37       114
         4       164        37       114
         4       166        37       114
         5       172        37       114
