       136        35        52       182
       135        33        52       182
       150        41        52       182
       133        42        52       182
       126        44        52       182
       123        49        52       182
       117        50        52       182
       120        50        52       182
       117        50        52       182
       121        50        52       182
       116        31        52       182
       121        30        52       182
       120        32        52       182
       121        34        52       182
       123        35        52       182
       127        35        52       182
       128        32        52       182
       128        31        52       182
       132        31        52       182
       135        30        52       182
       145        30        52       182
       147        30        52       182
       148        32        52       182
       150        35        52       182
       150        37        52       182
       150        39        52       182
       148        40        52       182
       149        43        52       182
       147        45        52       182
       149        48        52       182
       149        50        52       182
       149        50        52       182
       147        50        52       182
       143        50        52       182
       138        50        52       182
       140        50        52       182
       144        50        52       182
       150        50        52       182
       152        50        52       182
       150        50        52       182
       147        50        52       182
       145        50        52       182
       146        50        52       182
       146        50        52       182
       145        50        52       182
       143        50        52       182
       142        50        52       182
       140        50        52       182
       138        50        52       182
       137        50        52       182
       137        50        52       182
       136        50        52       182
       134        50        52       182
       133        50        52       182
       133        50        52       182
       132        50        52       182
       130        50        52       182
       129        50        52       182
       129        50        52       182
       133        50        52       182
       129        50        52       182
       131        50        52       182
       130        50        52       182
       129        50        52       182
       126        50        52       182
       126        49        52       182
       124        47        52       182
       123        47        52       182
       120        46        52       182
       119        44        52       182
       119        43        52       182
       119        41        52       182
       119        37        52       182
       119        31        52       182
       120        26        52       182
       120        22        52       182
       121        19        52       182
       123        17        52       182
       124        14        52       182
       119        14        52       182
       120        12        52       182
       121         9        52       182
       121         6        52       182
       122         3        52       182
       122         1        52       182
       122         1        52       182
       123         1        52       182
       123         1        52       182
       122         1        52       182
       122         1        52       182
       122         1        52       182
       122         1        52       182
       121         1        52       182
       121         1        52       182
       121         1        52       182
       120         1        52       182
       118         1        52       182
       118         1        52       182
       118         1        52       182
       118         1        52       182
       122         1        52       182
       120         3        52       182
       120         3        52       182
       121         3        52       182
       121         3        52       182
       119         4        52       182
       119         4        52       182
       120         3        52       182
       119         4        52       182
       119         4        52       182
       119         4        52       182
       119         4        52       182
       119         4        52       182
       120         4        52       182
       119         4        52       182
       119         4        52       182
       119         4        52       182
       118         4        52       182
       118         4        52       182
       118         4        52       182
       117         4        52       182
       117         4        52       182
