       138        57        39       137
       137        58        39       137
       137        57        39       137
       137        57        39       137
       136        57        39       137
       136        57        39       137
       136        59        39       137
       136        53        39       137
       136        53        39       137
       135        55        39       137
       135        59        39       137
       135        59        39       137
       136        58        39       137
       136        62        39       137
       136        65        39       137
       136        69        39       137
       137        71        39       137
       137        71        39       137
       138        69        39       137
       139        69        39       137
       140        70        39       137
       140        70        39       137
       141        69        39       137
       141        69        39       137
       141        69        39       137
       141        70        39       137
       141        71        39       137
       142        70        39       137
       144        69        39       137
       144        69        39       137
       145        68        39       137
       147        67        39       137
       149        65        39       137
       150        64        39       137
       152        62        39       137
       152        61        39       137
       153        60        39       137
       155        56        39       137
       156        55        39       137
       156        54        39       137
       156        52        39       137
       156        52        39       137
       155        52        39       137
       154        50        39       137
       153        49        39       137
       151        49        39       137
       148        49        39       137
       148        49        39       137
       145        49        39       137
       142        50        39       137
       138        51        39       137
       135        52        39       137
       132        52        39       137
       132        52        39       137
       129        52        39       137
       126        51        39       137
       124        50        39       137
       122        48        39       137
       119        45        39       137
       119        45        39       137
       116        42        39       137
       112        41        39       137
       107        42        39       137
       105        43        39       137
       109        54        39       137
       109        54        39       137
       108        54        39       137
       110        56        39       137
       113        57        39       137
       117        59        39       137
       122        60        39       137
       122        60        39       137
       126        61        39       137
       130        62        39       137
       129        63        39       137
       129        56        39       137
       132        53        39       137
       132        53        39       137
       133        50        39       137
       134        48        39       137
       133        46        39       137
       131        45        39       137
       129        43        39       137
       127        43        39       137
       127        43        39       137
       125        42        39       137
       122        41        39       137
       118        43        39       137
       115        44        39       137
       112        45        39       137
       112        45        39       137
       108        46        39       137
       105        47        39       137
       102        48        39       137
        99        47        39       137
        96        46        39       137
        96        46        39       137
        94        45        39       137
        91        43        39       137
        89        42        39       137
        87        40        39       137
        85        39        39       137
        85        39        39       137
        84        38        39       137
        82        35        39       137
        81        32        39       137
        81        30        39       137
        81        29        39       137
        81        29        39       137
        81        29        39       137
        82        29        39       137
        85        31        39       137
        89        32        39       137
        92        35        39       137
        92        35        39       137
        96        38        39       137
       101        38        39       137
       106        36        39       137
       110        36        39       137
       114        35        39       137
       114        35        39       137
       117        34        39       137
       120        33        39       137
       122        32        39       137
       124        32        39       137
       125        32        39       137
       125        32        39       137
       125        32        39       137
       126        32        39       137
       126        31        39       137
       126        29        39       137
       125        28        39       137
       125        28        39       137
       125        27        39       137
       125        26        39       137
       126        26        39       137
       127        27        39       137
       129        29        39       137
       128        29        39       137
       129        27        39       137
       132        24        39       137
       134        22        39       137
       135        22        39       137
       137        22        39       137
       137        22        39       137
       137        22        39       137
       138        22        39       137
       140        22        39       137
       142        23        39       137
       144        24        39       137
       144        24        39       137
       146        26        39       137
       149        27        39       137
       150        28        39       137
       152        30        39       137
       153        31        39       137
       153        31        39       137
       154        32        39       137
       155        36        39       137
       155        37        39       137
