       163        44        47       164
       165        36        47       164
       166        31        47       164
       166        27        47       164
       167        26        47       164
       165        22        47       164
       165        17        47       164
       165        17        47       164
       164        13        47       164
       164         1        47       164
       163         1        47       164
       163         1        47       164
       164         3        47       164
       165         3        47       164
       166         5        47       164
       167         7        47       164
       167         9        47       164
       168        14        47       164
       168        14        47       164
       168        17        47       164
       168        23        47       164
       169        28        47       164
       169        29        47       164
       169        30        47       164
       171        37        47       164
       171        39        47       164
       168        38        47       164
       158        25        47       164
       154        23        47       164
       150        22        47       164
       147        20        47       164
       139        16        47       164
       134        13        47       164
       132        10        47       164
       132         8        47       164
       133         7        47       164
       133         7        47       164
       136         4        47       164
       140         3        47       164
       145         5        47       164
       148         7        47       164
       150        15        47       164
       150        15        47       164
       149        20        47       164
       147        30        47       164
       147        28        47       164
       149        23        47       164
       150        16        47       164
       151        13        47       164
       152        12        47       164
       153        13        47       164
       153        14        47       164
       151        16        47       164
       148        19        47       164
       148        19        47       164
       145        21        47       164
       141        22        47       164
       137        22        47       164
       131        21        47       164
       125        20        47       164
       119        17        47       164
       113        14        47       164
       108        10        47       164
       104         8        47       164
       100         9        47       164
        96        12        47       164
        96        15        47       164
        97        18        47       164
        97        18        47       164
        99        21        47       164
       101        24        47       164
       106        26        47       164
       109        24        47       164
       112        21        47       164
       112        22        47       164
       114        20        47       164
       116        18        47       164
       120        15        47       164
       122        13        47       164
       123        13        47       164
       124        13        47       164
       125        14        47       164
       126        15        47       164
       127        15        47       164
       128        16        47       164
       130        17        47       164
       130        17        47       164
       132        19        47       164
       134        20        47       164
       136        22        47       164
       138        24        47       164
       140        29        47       164
       140        28        47       164
       140        32        47       164
       140        37        47       164
       143        42        47       164
       145        45        47       164
       146        42        47       164
       147        43        47       164
       149        43        47       164
       151        43        47       164
       154        42        47       164
       153        42        47       164
       155        41        47       164
       157        40        47       164
       158        38        47       164
       158        37        47       164
       158        36        47       164
       158        36        47       164
       157        36        47       164
       157        41        47       164
       157        43        47       164
       157        44        47       164
       156        40        47       164
       156        41        47       164
       154        41        47       164
       151        38        47       164
       147        34        47       164
       147        34        47       164
       143        31        47       164
       140        29        47       164
       138        29        47       164
       136        28        47       164
       134        27        47       164
       135        28        47       164
       136        25        47       164
       138        24        47       164
       143        27        47       164
       145        31        47       164
       147        30        47       164
       148        28        47       164
       148        30        47       164
       149        29        47       164
       152        35        47       164
       154        33        47       164
       157        32        47       164
       157        32        47       164
       159        30        47       164
       157        29        47       164
       154        30        47       164
       148        27        47       164
       142        30        47       164
       135        32        47       164
       128        30        47       164
       122        30        47       164
       117        28        47       164
       112        26        47       164
       109        25        47       164
       107        26        47       164
       105        26        47       164
       104        29        47       164
       104        32        47       164
       105        37        47       164
       106        41        47       164
       107        46        47       164
       109        50        47       164
       111        55        47       164
       113        59        47       164
       116        58        47       164
       119        56        47       164
       122        55        47       164
       126        54        47       164
       128        52        47       164
       130        50        47       164
       129        51        47       164
       127        48        47       164
       124        47        47       164
       120        46        47       164
       120        46        47       164
       117        46        47       164
       113        49        47       164
       110        53        47       164
       109        55        47       164
       112        36        47       164
       112        35        47       164
       112        37        47       164
       112        38        47       164
       112        40        47       164
       112        42        47       164
       109        49        47       164
       106        55        47       164
       102        59        47       164
        98        66        47       164
        96        69        47       164
        96        68        47       164
        95        67        47       164
        95        67        47       164
        93        67        47       164
        89        68        47       164
        86        67        47       164
        84        62        47       164
        81        61        47       164
        79        57        47       164
        76        56        47       164
        73        56        47       164
        71        55        47       164
        70        57        47       164
        67        56        47       164
        69        56        47       164
        72        55        47       164
        74        54        47       164
        74        56        47       164
        76        56        47       164
        78        55        47       164
        78        55        47       164
        81        55        47       164
        77        58        47       164
        71        65        47       164
        73        66        47       164
        85        68        47       164
        91        71        47       164
        96        74        47       164
       100        76        47       164
       103        76        47       164
       104        79        47       164
       105        81        47       164
       106        79        47       164
       106        78        47       164
       106        79        47       164
       104        80        47       164
       103        81        47       164
       101        80        47       164
       100        81        47       164
        99        83        47       164
        98        83        47       164
        98        82        47       164
       100        80        47       164
       105        81        47       164
       109        83        47       164
       114        87        47       164
       119        87        47       164
       123        87        47       164
       129        86        47       164
       133        86        47       164
       137        85        47       164
       139        84        47       164
       139        84        47       164
       141        84        47       164
       143        84        47       164
       146        83        47       164
       150        83        47       164
       157        85        47       164
       162        87        47       164
       168        82        47       164
       170        81        47       164
       168        83        47       164
       163        84        47       164
       160        85        47       164
       163        87        47       164
       161        83        47       164
       163        83        47       164
       161        80        47       164
       156        75        47       164
       146        61        47       164
       141        48        47       164
       140        46        47       164
       141        39        47       164
       145        38        47       164
       146        28        47       164
       131        15        47       164
       131         1        47       164
       130         1        47       164
       128         1        47       164
       136         9        47       164
       140         6        47       164
       138         4        47       164
       135         3        47       164
       132         3        47       164
       132         3        47       164
       127         2        47       164
       121         2        47       164
       113         1        47       164
        96         1        47       164
        89         1        47       164
        89         1        47       164
        83         1        47       164
        81         1        47       164
        82         1        47       164
        86         1        47       164
        87         1        47       164
        92         1        47       164
        96         3        47       164
        99         4        47       164
       101         1        47       164
       105         1        47       164
       110         1        47       164
       110         1        47       164
       114         1        47       164
       120         1        47       164
       128         1        47       164
       131         1        47       164
       133         1        47       164
       133         1        47       164
       134         1        47       164
       136         1        47       164
       134         4        47       164
       131        10        47       164
       129        12        47       164
       127        14        47       164
       127         7        47       164
       122         1        47       164
       118         8        47       164
       119         6        47       164
       121         7        47       164
       121         7        47       164
       120         9        47       164
       119        11        47       164
       121        17        47       164
       124        12        47       164
       128         7        47       164
       130         5        47       164
       131         1        47       164
       133         1        47       164
       135         1        47       164
       135         1        47       164
       134         2        47       164
       132         4        47       164
       128         4        47       164
       128         4        47       164
       123         4        47       164
       122         6        47       164
       119         2        47       164
       119         5        47       164
       122         7        47       164
       122         7        47       164
       124         9        47       164
       128        11        47       164
       134        15        47       164
       135        18        47       164
       135        21        47       164
       134        21        47       164
       132        20        47       164
       129        16        47       164
       124        14        47       164
       119        10        47       164
       114         1        47       164
       114         1        47       164
       108         1        47       164
       103         1        47       164
       100         1        47       164
        97         1        47       164
        96         1        47       164
        94         1        47       164
        93         1        47       164
        92         1        47       164
        91         1        47       164
        91         1        47       164
        89         1        47       164
        86         4        47       164
        86         3        47       164
        84         3        47       164
        83         3        47       164
        81         5        47       164
        82         5        47       164
        83         7        47       164
        86        10        47       164
        89         8        47       164
        93         9        47       164
        96        12        47       164
       101        13        47       164
       104        14        47       164
       107        15        47       164
       109        15        47       164
       112        18        47       164
       115        17        47       164
       117        18        47       164
       120        18        47       164
       121        17        47       164
       121        17        47       164
       123        19        47       164
       124        17        47       164
       126        17        47       164
       127        16        47       164
       129        24        47       164
       125        23        47       164
       122        22        47       164
       116        22        47       164
       113        23        47       164
       111        25        47       164
       109        26        47       164
       107        29        47       164
       107        32        47       164
       106        34        47       164
       106        34        47       164
       106        34        47       164
       106        34        47       164
       108        33        47       164
       111        33        47       164
       116        32        47       164
       121        31        47       164
       127        29        47       164
       127        29        47       164
       132        29        47       164
       137        27        47       164
       146        24        47       164
       149        25        47       164
       153        25        47       164
       157        25        47       164
       161        25        47       164
       165        22        47       164
       167        21        47       164
       170        19        47       164
       172        19        47       164
       172        18        47       164
       174        18        47       164
       176        18        47       164
       177        19        47       164
       180        22        47       164
       192        30        47       164
       191        30        47       164
       192        29        47       164
       194        28        47       164
       198        28        47       164
       198        27        47       164
       198        23        47       164
       193        11        47       164
       190         5        47       164
       190         4        47       164
       183         1        47       164
       180         8        47       164
       181        10        47       164
       173         1        47       164
       176         4        47       164
       176         4        47       164
       175         7        47       164
       177        13        47       164
       179        11        47       164
       175         1        47       164
       170         2        47       164
       168         4        47       164
       166         1        47       164
       158         1        47       164
       157         1        47       164
       152         4        47       164
       153        10        47       164
